-10.894,0.36341,-2.3997
-13.501,0.3745,-3.1576
0.88418,6.2988,-2.2361
1.0492,4.6803,-3.6952
0.70575,6.4941,-3.4806
0.56549,7.6816,-3.3706
0.56497,5.5413,-5.0885
0.73474,3.438,-3.7009
0.90238,-4.6383,-7.371
1.6805,-5.3687,-8.5871
1.0784,-5.2609,-5.6013
1.1156,-1.3974,-7.5334
1.5522,-3.0502,-9.8461
1.8932,-6.3933,-6.5159
2.1987,-7.2006,-7.4007
0.98123,-2.8166,-7.8595
0.70707,1.4818,-5.976
0.75915,1.9162,-6.6677
0.69147,-1.1212,-8.0826
0.75453,2.7243,-5.4692
0.42649,3.4004,-5.5659
0.67967,0.87605,-7.7906
2.1486,-7.9188,-5.7221
2.3764,-8.444,-6.8641
1.2305,-2.9407,-8.9447
1.0805,-6.7294,-4.8452
0.45859,-7.4003,-4.3741
1.4362,-7.0738,-5.2579
-1.2497,-6.2828,-3.8006
-2.9233,-5.3828,-3.7948
-0.78651,-8.6388,-4.374
1.9743,-8.1175,-5.175
1.6627,-8.2871,-4.4593
1.2225,-6.4771,-5.4622
1.0509,-7.2333,-4.5863
1.0021,-8.5235,-4.6243
1.9129,-5.6299,-9.5522
1.4314,-6.1736,-6.6194
1.7392,-7.2844,-6.3283
1.1339,-5.3833,-7.3467
0.90164,-4.9335,-5.266
2.0647,-6.32,-9.2383
0.35454,-3.6958,-6.2478
0.22282,-4.9154,-4.5556
0.44109,-1.1523,-10.025
1.4589,-3.4856,-9.7891
0.63346,-1.6572,-6.91
0.5363,0.67459,-7.6542
1.0684,-2.8283,-10.266
1.8846,-4.4491,-10.826
0.30023,7.9538,-3.6254
0.55419,6.0708,-2.9513
0.18524,6.9809,-4.618
0.17477,7.2569,-2.4854
0.30251,5.798,-5.1135
0.049024,7.4444,-4.7163
0.44674,5.1787,-5.9071
-0.10865,6.6807,-5.89
0.63257,4.7387,-2.6759
0.23327,3.2525,-7.3337
0.51968,0.70685,-6.4939
-0.39977,5.0749,-6.5215
-0.17832,7.5715,-4.6286
-0.50814,6.5678,-5.9103
-0.39615,3.9181,-6.9979
-0.079194,2.3188,-7.9264
0.27695,0.6315,-8.9897
0.3521,0.93776,-4.8998
0.51859,-0.23183,-5.3626
-0.72137,3.4069,-7.4596
0.18291,-2.058,-5.8239
2.096,-6.0995,-10.117
1.3378,-4.3404,-11.244
1.4075,-7.2968,-8.0897
0.15492,-2.92,-5.3085
1.3284,-4.6961,-11.14
1.4167,-9.6504,-4.7121
1.7333,-9.6614,-5.041
1.7223,-10.569,-5.322
2.2798,-10.056,-5.8511
0.084496,-8.3225,-4.3898
0.40187,-9.6964,-4.9108
0.023957,-9.7537,-4.7956
1.9305,-9.1448,-5.9732
2.2345,-9.3372,-6.585
0.60781,-10.686,-5.0719
2.4875,-10.056,-6.6376
2.1855,-9.0449,-7.3685
-0.004313,8.2075,-2.5687
-0.13287,7.6171,-1.8055
1.9252,-6.7027,-10.255
-0.21365,-4.7723,-3.9429
-3.6446,-5.8201,-4.4702
-4.7382,-4.8923,-4.3901
-2.6633,-6.8648,-4.3057
-5.8818,-3.5212,-3.6629
-2.087,-6.4811,-4.1812
-1.3533,-8.9216,-4.5569
-2.5558,-4.6724,-3.5605
-3.7508,-6.0041,-5.1497
-0.24759,-10.775,-5.1635
-5.4141,-3.221,-3.2373
-7.2505,-1.6777,-2.9525
-4.5198,-3.1639,-3.0046
-6.6565,-2.7592,-4.0703
-5.5253,-4.4181,-4.9748
-3.7045,-6.1258,-5.6721
-9.0281,-1.0593,-3.6854
-1.806,-4.963,-3.6406
-6.7286,-2.3646,-4.6366
-8.3377,-0.78831,-3.2012
-9.3493,0.12411,-2.5331
-8.62,-0.091364,-2.5492
-10.133,-0.067209,-3.299
-13.176,1.4151,-2.0307
-13.545,1.9928,-1.5092
-11.012,0.16672,-3.3737
-14.72,1.016,-2.6065
2.4597,-10.426,-7.5941
0.69701,4.213,-1.6818
0.099114,-1.9836,-4.9327
0.40733,1.4442,-3.4927
0.67284,3.1554,-2.3379
0.33068,5.1784,-1.0844
0.06499,1.6869,-2.7179
0.060407,-0.23173,-4.4063
0.010708,2.8504,-1.8454
0.22713,5.2084,-0.57879
-0.19226,0.1898,-3.8775
-0.060013,4.0743,-1.0206
2.1364,-10.976,-6.9744
1.5817,-11.213,-6.1969
0.13127,-3.1202,-4.5704
0.046173,6.8897,-1.5488
0.14308,7.3268,-1.1242
-0.17231,6.4601,-0.95517
-0.29871,6.976,-0.32286
2.1825,-11.184,-7.6131
1.8237,-11.505,-6.793
2.0339,-7.5712,-9.6454
1.6312,-8.6363,-8.5698
1.6852,-8.1492,-8.9312
-0.023921,-2.8262,-4.1935
1.4909,-5.8242,-11.031
-0.36054,-2.364,-4.0033
0.82017,-3.5062,-11.121
1.9166,-9.8363,-8.7152
2.0111,-9.9892,-9.1697
1.7662,-11.651,-6.6476
1.4456,-5.5179,-11.641
1.4958,-6.7653,-11.161
1.8446,-9.2074,-9.9991
1.7114,-8.4711,-10.661
1.426,-6.8614,-11.356
-0.296,2.7162,-1.0484
-0.58407,4.4618,-0.84088
-0.57898,-0.08575,-2.8173
-0.45867,5.5121,-0.21262
-0.7871,1.4138,-1.5951
-0.46184,1.2377,-8.385
-0.83475,5.7769,-6.4852
-0.88783,-0.75198,-3.658
-0.31526,0.10307,-9.4847
-0.44643,-5.0445,-3.568
-0.64118,0.30585,-9.1686
-0.52965,-1.5352,-10.543
0.65887,-4.7664,-11.527
-1.5276,0.4738,-1.6933
-0.53951,-2.1867,-10.329
-1.2918,5.5252,-6.1429
1.4931,-8.4413,-10.423
1.368,-7.2618,-11.519
1.3379,-7.7314,-11.041
-0.47292,8.4605,-3.6043
-1.0574,6.8506,-5.8433
1.77,-8.6259,-11.638
-0.47385,8.4388,-2.4535
-1.382,2.8445,-0.60657
-0.55919,8.1157,-1.6543
-1.0705,8.5148,-2.8948
-1.1664,7.6688,-1.0283
-1.7246,6.9437,-5.2713
1.7326,-11.99,-6.8302
1.4199,-10.542,-8.5454
2.0653,-13.112,-6.944
1.3538,-9.3714,-9.7429
1.6421,-8.2659,-11.953
1.6165,-8.6754,-11.586
1.5382,-11.906,-6.1674
1.3433,-7.1887,-12.29
1.3393,-10.932,-7.7465
1.2986,-11.153,-7.6201
1.0753,-11.276,-6.0604
1.3061,-10.335,-9.3732
1.3037,-10.115,-9.7586
1.1824,-7.539,-11.58
1.2413,-8.674,-11.109
1.2309,-12.235,-5.9513
1.2746,-11.502,-7.4126
2.0867,-13.746,-8.0643
2.3595,-14.334,-8.3891
2.0339,-13.423,-8.5047
1.468,-13.203,-6.5606
1.227,-10.792,-8.4948
1.2139,-11.219,-8.3978
0.79246,-12.019,-5.9747
1.3522,-9.5642,-10.655
2.0692,-13.607,-8.7458
0.93079,-11.643,-7.7653
0.81364,-11.087,-8.2813
1.0818,-11.848,-8.4076
1.1118,-9.3659,-10.385
0.94645,-7.5644,-11.351
1.0679,-7.9198,-11.56
1.6086,-9.9108,-11.382
0.93074,-6.3437,-12.125
1.0885,-7.2681,-12.229
0.7292,-7.5407,-11.265
1.5182,-8.5082,-12.752
0.87722,-8.3446,-11.056
0.9491,-8.7155,-11.319
1.2092,-13.802,-6.2776
1.1311,-13.951,-6.0056
0.46711,-12.274,-6.0672
0.12157,-12.456,-5.8677
0.58795,-11.256,-8.1343
0.064733,-5.2303,-11.876
1.6433,-10.245,-11.866
1.1309,-9.1038,-11.606
-1.3704,-2.7742,-2.986
0.89758,-8.5271,-11.625
-1.7063,3.5257,-7.5641
1.4034,-9.5362,-12.007
2.0791,-13.074,-10.256
2.01,-11.799,-11.536
1.9948,-14.584,-7.6194
2.076,-12.937,-11.361
2.1007,-13.864,-10.431
1.7871,-12.12,-10.689
2.1101,-15.193,-7.4412
1.8174,-13.331,-9.5568
1.968,-14.093,-9.9731
1.8154,-13.914,-9.3761
1.8817,-14.33,-9.5611
1.6907,-11.422,-10.892
1.8734,-12.822,-11.219
1.4664,-8.763,-13.259
1.2085,-8.3798,-12.933
1.5697,-10.649,-11.188
1.3118,-10.193,-10.949
1.2055,-9.3253,-11.999
1.39,-9.7861,-12.444
0.50772,-6.9766,-12.396
1.2893,-9.8682,-11.882
0.23139,-6.4379,-12.421
1.4768,-10.271,-12.279
1.6521,-11.173,-11.888
1.721,-12.355,-10.939
1.528,-12.674,-9.6266
1.4976,-13.048,-9.2826
1.4052,-13.177,-8.8594
1.2143,-11.993,-9.3243
0.90721,-11.073,-9.188
0.77489,-9.344,-11.036
0.18152,-7.3678,-11.056
0.72895,-8.0361,-13.059
1.3263,-11.188,-11.562
0.85823,-10.173,-11.201
0.67066,-10.565,-9.6072
0.48743,-8.7643,-11.868
1.4713,-11.01,-12.754
0.18338,-8.2181,-11.254
-1.151,-4.9651,-3.5345
0.83284,-9.6128,-12.238
0.98213,-9.3751,-13.153
1.1668,-10.723,-12.379
1.6808,-13.12,-10.87
0.97904,-10.933,-11.133
1.0966,-11.935,-9.6323
1.2466,-12.234,-10.131
0.79172,-10.9,-10.242
1.4648,-13.246,-9.2097
1.592,-13.098,-10.789
1.6951,-13.351,-11.242
1.5372,-15.117,-7.1013
1.8233,-15.283,-8.7869
1.2955,-14.633,-7.0166
1.7659,-13.948,-10.829
1.517,-15.595,-7.5812
0.96493,-12.602,-8.274
1.39,-13.081,-10.871
0.89169,-12.31,-9.04
1.521,-12.915,-11.751
1.1758,-11.386,-12.286
1.1685,-11.397,-12.268
0.94377,-11.601,-10.282
0.5077,-9.8512,-10.612
0.96513,-11.419,-11.585
0.79548,-9.6754,-13.073
0.51286,-9.723,-10.942
0.9939,-11.435,-11.805
0.60862,-10.663,-10.074
1.13,-12.342,-11.921
0.4581,-9.3005,-12.071
0.69593,-11.083,-11.073
0.26048,-9.4498,-10.448
0.41588,-10.268,-10.398
0.53394,-11.31,-9.0684
1.2716,-13.985,-9.5391
1.0393,-13.328,-9.1423
1.5727,-14.901,-9.785
1.4863,-14.361,-10.449
1.6028,-14.628,-10.727
0.53219,-11.437,-9.0815
0.69603,-11.567,-10.307
0.84068,-12.173,-10.444
0.37954,-11.302,-7.6994
1.5054,-15.257,-9.4779
1.4429,-14.453,-10.583
1.4131,-14.8,-10.176
1.0977,-15.125,-7.2567
1.2612,-15.596,-7.9558
1.4649,-15.843,-9.4509
1.3339,-14.734,-9.9187
1.2264,-13.305,-11.51
1.3279,-14.151,-11.218
1.2291,-13.441,-11.648
0.71169,-10.587,-12.332
1.0497,-12.507,-12.133
0.61074,-12.113,-8.3521
0.54729,-9.1015,-13.264
0.92539,-12.942,-10.726
0.7056,-12.198,-10.521
1.0507,-13.308,-11.492
0.67741,-12.623,-9.3032
0.57984,-12.384,-8.8892
1.2515,-15.863,-8.1421
0.77168,-14.454,-6.8534
0.87238,-13.739,-9.6556
0.84844,-13.559,-10.378
0.59147,-13.632,-6.1601
0.21474,-9.7812,-10.751
0.24632,-11.203,-8.2595
-1.847,-4.7748,-9.8831
-2.4187,-7.0683,-5.1298
-2.102,0.21002,-8.8628
-1.6346,-2.5787,-10.23
-1.1049,-3.7715,-11.035
-1.9697,5.6183,-6.3047
-1.8804,8.0853,-4.8634
-2.4433,1.9256,-8.3395
-1.6306,8.4453,-3.6122
-2.7351,8.8229,-3.679
-1.6999,8.9637,-1.6918
-2.2246,8.92,-2.4151
-6.3221,-2.847,-5.0919
-7.4151,-1.4979,-3.7966
-8.7446,-0.90486,-4.1364
-9.3885,-0.17009,-3.1562
-10.146,0.41572,-3.0261
-11.523,1.4611,-2.2839
-11.292,2.3819,-1.3337
-3.8854,5.8887,-5.7441
-4.1937,5.0685,-6.1652
-5.0222,3.6675,-6.592
-3.6332,1.9702,-7.6197
-2.7555,0.88104,-8.5121
-4.1479,-5.6173,-6.1934
-4.0771,-5.6437,-6.6511
-3.6306,-5.2536,-7.4877
-4.9015,-4.6552,-6.2324
-5.9367,-2.9798,-5.9709
-7.2254,-1.657,-4.2487
-7.5408,-1.602,-4.9398
-7.0911,-0.6803,-2.6308
-9.2182,-0.66738,-4.4443
-9.7987,-0.30221,-3.653
-11.003,-0.18497,-4.4757
-7.3111,-1.6456,-5.356
-4.3538,-1.7475,-2.363
-11.515,0.26228,-3.8826
-10.585,1.5003,-1.9102
-14.693,0.26219,-3.5761
-10.659,0.36452,-5.1827
-16.385,0.70053,-3.1167
-15.859,0.34784,-4.7544
-15.401,1.7958,-2.03
-10.425,2.1354,-1.4104
-7.6948,0.6784,-1.707
-15.955,2.3407,-1.6652
-17.193,0.32333,-4.2273
-17.555,1.8882,-1.8672
-19.139,1.249,-2.267
-14.735,3.0165,-1.3949
-20.403,2.2275,-1.8956
-16.599,3.2744,-1.0526
-18.565,3.2104,-1.0697
-12.708,3.0705,-1.4886
-13.282,3.5942,-1.1205
-10.538,2.9569,-0.74291
-8.616,1.7413,-1.0628
-8.3393,2.0148,-0.72447
-17.067,8.3133,-2.9879
-17.214,8.1174,-4.1566
-16.782,7.5121,-2.4763
-19.298,8.1649,-2.3912
-17.429,7.2096,-1.8287
-17.631,6.5968,-1.0817
-19.763,5.9775,-0.79108
-19.462,6.602,-1.5629
-20.968,7.5511,-1.8443
-19.937,8.3724,-3.3866
-19.803,8.7048,-4.1308
-22.202,6.4103,-0.89507
-22.342,6.6802,-1.1343
-23.105,7.2714,-1.3631
-21.431,5.4409,-0.58361
-22.205,8.8353,-3.7043
-23.687,5.758,-0.040471
-24.091,8.1072,-1.8713
-23.023,4.8898,-0.075319
-25.277,6.3327,-0.38543
-28.142,7.77,-0.7349
-25.318,7.0809,-0.81519
-29.117,7.1692,-0.1611
-27.413,8.1263,-1.3
-25.688,4.9092,-0.27494
-28.858,6.5437,-0.39144
-22.814,4.6456,-0.15238
-28.689,5.4353,0.3103
-28.521,4.9258,0.27894
-25.41,3.6456,-0.34833
-23.149,3.8406,-0.4465
-19.684,0.18114,-5.0297
-15.248,0.32929,-5.556
-20.787,4.4777,-0.15539
-22.826,2.5223,-1.113
-20.147,0.74296,-3.6937
-21.579,0.28941,-4.193
-22.436,1.4801,-2.5604
-18.247,0.31503,-5.8157
-15.851,0.84147,-6.1049
-19.992,0.25597,-6.3194
-20.75,2.7714,-1.1259
-18.877,3.8285,-0.5954
-20.765,3.2951,-1.0126
-22.418,1.8815,-2.1094
-20.83,3.8283,-0.83293
-23.087,3.2958,-0.99593
-24.348,1.4074,-1.7991
-26.555,2.1433,-1.8552
-26.53,1.3812,-3.0643
-23.977,0.34686,-5.2514
-21.813,0.21463,-5.9418
-22.793,0.25528,-6.2253
-26.744,3.6051,-0.20845
-24.755,2.9973,-0.62418
-28.839,3.9239,0.14714
-28.721,3.978,0.009696
-26.998,3.0461,-0.69027
-24.717,4.2714,-0.48473
-29.24,2.5293,-0.4586
-28.158,2.0189,-1.0921
-26.94,1.1616,-3.7383
-27.369,0.52433,-4.7512
-29.06,1.1975,-3.3689
-28.05,1.8278,-2.2745
-29.156,3.3753,-0.062194
-30.011,1.9681,-1.6891
-31.381,2.1652,-0.50198
-29.909,3.5041,0.096803
-31.792,1.8536,-0.95526
-2.2785,-3.7006,-9.3361
-1.751,-4.9738,-10.138
-1.5536,-5.7683,-10.01
-2.5693,-6.0759,-8.8021
-3.0369,-5.7554,-7.9901
-3.5028,-3.3142,-8.9228
-4.6712,-3.8753,-6.8382
-2.467,-6.9675,-8.147
-4.8294,-2.8817,-7.5716
-8.5619,-0.93869,-5.6499
-6.7737,-1.4236,-6.1236
-3.3031,-6.9535,-7.2016
-7.7184,-0.57748,-5.7023
-5.8334,-1.3391,-7.3988
-4.7045,-1.7065,-7.6251
-9.9958,0.38482,-5.317
-8.6528,-0.31702,-5.1178
-18.947,1.0353,-6.7816
-9.3044,0.37475,-5.2866
-16.469,1.5057,-6.8714
-11.944,1.482,-5.8443
-8.5892,0.3069,-6.0026
-20.361,0.71429,-6.7992
-19.156,1.9697,-7.4534
-22.775,0.8466,-6.8355
-25.071,0.45042,-7.1094
-23.392,1.1695,-7.6617
-27.275,0.21873,-5.9856
-27.476,0.36171,-6.2847
-28.286,0.43477,-5.5868
-31.226,0.34283,-4.1441
-27.337,0.40045,-7.7382
-22.457,1.4899,-8.035
-27.454,0.59798,-8.1479
-28.556,0.41373,-7.0549
-2.9286,-2.2783,-8.818
-3.7353,-2.3498,-8.5811
-1.2504,-6.0234,-10.826
-3.9605,-1.0415,-8.4119
-2.4157,-7.8818,-7.9103
-6.3554,-0.83778,-6.6505
-3.2872,-0.41202,-8.5029
-7.4777,-0.31986,-6.3783
-6.6619,-0.064522,-6.8426
-10.091,1.3738,-5.9961
-9.2369,0.82189,-5.4278
-7.7349,1.0078,-6.4739
-16.37,2.2965,-7.274
-12.637,2.4547,-6.2464
-19.981,1.9546,-7.8307
-20.514,3.3833,-8.2862
-17.524,3.7866,-7.562
-23.562,2.0214,-8.1901
-26.853,1.2406,-8.109
-26.515,1.6329,-8.4988
-23.002,3.0665,-8.533
-19.674,4.4801,-8.3601
-27.123,2.7509,-8.9904
-16.528,4.0873,-7.7045
-30.969,0.006826,-8.1142
-31.212,0.029212,-7.4939
-30.892,0.079005,-6.436
-23.871,4.0792,-8.6389
-21.748,4.8415,-8.2791
-13.076,3.6509,-7.1816
-12.114,3.1596,-6.8487
-8.596,1.1937,-6.2215
-10.632,2.3959,-6.3284
-9.3579,2.0492,-6.1431
-31.156,0.11847,-5.8052
-26.796,3.4116,-8.8278
-17.64,4.5991,-7.5045
-4.6045,0.81353,-7.8214
-5.4921,0.16473,-7.1963
-5.8436,1.5743,-6.7324
-6.5355,0.85705,-6.8648
-4.0133,3.9089,-6.2952
-1.8379,-1.6281,-3.2761
-5.0868,2.6095,-6.5485
-7.1672,2.0119,-6.709
-7.9031,2.5251,-6.2387
-9.1677,3.023,-6.1276
-8.4092,2.4463,-5.9247
-6.324,3.1018,-6.1635
-0.63083,-6.1642,-11.71
-0.54331,-6.4715,-11.766
-0.94784,-7.0491,-10.621
-0.74215,-7.0978,-11.68
-0.94598,-7.254,-10.352
-1.4107,-7.3158,-9.8729
-3.3347,7.7317,-4.6226
-3.9261,7.2821,-5.1552
-4.4118,5.8588,-5.6281
-5.105,5.1624,-6.0369
-4.4533,7.0296,-5.0086
-5.1957,6.0486,-5.7615
-5.7996,3.9166,-6.1127
-6.2447,5.6488,-6.603
-1.8999,-0.44375,-2.8219
-5.3195,6.2625,-5.4848
-10.171,3.4393,-6.1332
-8.7694,4.541,-6.2435
-12.176,4.4736,-6.882
-11.407,4.6162,-6.5062
-9.8462,4.9538,-6.1272
-0.88155,-7.4061,-11.125
-1.054,-7.5885,-9.6516
-0.40929,-7.5198,-11.333
-8.0576,4.6929,-6.2829
-11.809,5.3784,-6.5081
-1.6336,-7.7526,-8.7442
-1.0247,-8.0867,-10.243
-2.6399,-7.8994,-5.9433
-13.485,5.2023,-6.7959
-1.2038,-8.5089,-9.3068
-11.064,5.2019,-6.0788
-15.585,4.7401,-6.9408
-14.463,5.4653,-6.8897
-19.754,5.5235,-7.9561
-16.725,5.9608,-6.7344
-12.992,5.9808,-6.0059
-14.95,6.2664,-6.3434
-9.1496,5.6857,-6.4376
-18.87,6.4092,-7.0668
-10.814,5.9505,-5.9105
-16.276,6.8509,-6.4116
-23.573,5.3897,-8.7768
-24.497,5.1794,-8.9703
-27.247,4.4231,-9.121
-26.085,5.7311,-9.3064
-20.499,6.869,-7.3408
-23.973,6.4068,-8.5689
-22.398,7.1654,-7.4816
-28.125,5.395,-9.7857
-26.189,6.5063,-8.8705
-30.949,1.7536,-9.4741
-30.094,2.3721,-9.6648
-24.051,6.9324,-8.3511
-12.357,6.5334,-5.6989
-17.794,7.4828,-6.0662
-8.5449,5.3872,-6.3491
-20.687,7.8282,-6.1818
-9.9084,6.1526,-5.8717
-31.76,0.95151,-8.7496
-33.497,0.46199,-8.4224
-31.352,3.3494,-10.097
-6.9758,4.8976,-6.3362
-32.407,2.3384,-9.5806
-6.8355,5.4922,-6.2943
-6.9963,5.8702,-6.0485
-6.776,6.6265,-5.9268
-7.9454,6.4659,-5.7063
-8.7401,6.8427,-5.2809
-13.622,7.1892,-5.0216
-9.7574,6.6631,-4.7885
-7.375,6.631,-5.0798
-11.793,7.0976,-4.4896
-13.645,7.4223,-4.7787
-17.469,7.8821,-5.1589
-19.139,8.4116,-5.2895
-13.994,7.6623,-4.0232
-21.696,8.2494,-6.1319
-21.432,8.8533,-5.4329
-26.455,6.8237,-8.4237
-25.438,8.1806,-8.1658
-24.082,9.1031,-6.2511
-27.582,7.6832,-8.4372
-14.387,7.5813,-3.3938
-21.152,8.6401,-4.6788
-10.585,7.5869,-3.7166
-14.533,7.5241,-2.854
-25.725,8.7829,-7.2322
-30.035,5.9615,-9.9845
-23.202,9.0288,-5.0793
-30.849,4.3292,-10.014
-29.196,7.4462,-9.2033
-31.32,5.3055,-9.6809
-31.95,6.4286,-9.6326
-11.536,7.663,-3.2913
-14.401,6.941,-2.2242
-26.194,8.9326,-6.9136
-30.776,7.0419,-9.6224
-30.796,7.462,-9.3416
-32.157,7.6792,-9.6793
-29.771,8.8643,-8.9323
-2.5954,8.5522,-1.6008
-2.8779,8.5892,-2.2063
-3.8074,8.8125,-2.6099
-2.1444,7.9357,-0.93809
-5.1559,7.5944,-4.2238
-3.0418,7.7333,-0.70234
-4.3257,8.1593,-1.3935
-4.6707,8.1064,-3.2916
-5.5308,8.4769,-2.0851
-6.1227,7.239,-4.5816
-5.9251,8.4537,-2.5808
-5.5054,8.233,-2.0029
-4.2719,7.4879,-0.67798
-2.378,7.5106,-0.30801
-7.5754,8.0318,-2.8744
-7.4368,7.2839,-4.7004
-7.5289,7.687,-3.3959
-7.5784,7.9008,-2.0744
-8.3617,7.9424,-3.563
-9.177,8.1713,-2.3766
-7.6636,7.8539,-2.3388
-7.5131,7.642,-1.5194
-8.8819,7.764,-1.7147
-11.692,7.9455,-3.1686
-11.829,7.8051,-2.6776
-7.3737,7.5096,-1.5415
-11.861,7.6909,-2.2609
-11.145,7.5297,-2.2499
-14.923,7.5692,-2.2281
-10.835,6.8557,-1.4606
-12.491,6.7322,-1.7282
-12.728,6.0882,-1.2794
-9.0205,7.105,-1.2419
-15.333,6.1908,-1.5903
-16.908,5.5673,-0.96416
-23.496,8.9008,-2.8223
-14.869,5.3818,-0.97338
-13.216,4.9782,-1.3201
-8.3071,6.4981,-0.98479
-10.344,6.3002,-1.4588
-5.996,6.8043,-0.87301
-7.7655,5.722,-0.92289
-9.1166,5.1297,-0.85576
-10.251,4.4004,-1.1039
-11.774,4.4924,-1.3883
-11.22,3.8089,-0.9917
-15.043,3.6787,-1.1376
-9.8068,3.8022,-1.2121
-6.959,4.9696,-0.80117
-5.1484,6.6522,-0.54953
-16.8,3.944,-1.1281
-18.926,4.6683,-0.56224
-24.638,9.406,-4.9113
-24.01,9.3123,-3.6615
-8.302,2.9416,-0.7227
-7.907,3.4762,-0.57978
-26.508,9.5493,-6.1057
-26.458,9.3465,-5.486
-5.7545,5.7197,-0.56171
-6.2762,4.5418,-0.64256
-27.486,8.5153,-7.9652
-26.836,9.3306,-4.5421
-26.042,7.3542,-1.1923
-26.41,9.0654,-2.9884
-7.0537,3.4429,-0.25638
-26.626,9.4676,-3.5154
-27.555,8.9901,-7.6099
-28.368,8.676,-8.2474
-27.59,9.8884,-5.0799
-28.907,9.5828,-7.5232
-28.603,9.965,-5.8965
-26.95,8.7977,-2.321
-28.831,10.012,-6.3849
-30.229,9.4338,-8.2389
-28.107,9.6106,-4.1761
-28.63,9.6534,-3.4806
-28.628,8.6876,-2.3116
-28.971,8.2342,-1.2661
-28.816,10.378,-5.3558
-29.564,8.2226,-0.62942
-30.053,9.6556,-2.3527
-30.033,9.9321,-3.4401
-30.24,10.138,-3.8739
-30.094,10.514,-4.9714
-30.347,10.345,-6.2799
-30.246,10.166,-6.8667
-29.741,5.7274,0.01498
-31.048,10.284,-3.2608
-30.852,10.329,-5.7909
-30.345,9.5188,-7.9406
-31.347,10.623,-4.236
-31.222,9.8273,-2.0717
-31.375,9.5779,-7.8099
-31.711,10.023,-7.419
-31.623,9.458,-8.5479
-31.294,9.1554,-1.3598
-31.978,10.365,-6.4213
-32.157,10.628,-5.6891
-32.442,9.7081,-2.0277
-31.888,8.5664,-0.78847
-31.482,8.9545,-9.0302
-32.948,8.6455,-9.4337
-32.71,10.53,-4.4865
-33.393,7.1348,-9.745
-33.389,9.1275,-8.6539
-33.41,9.4055,-7.897
-32.752,10.368,-3.1009
-33.009,10.708,-3.8664
-31.823,8.1033,-0.35611
-35.442,7.8879,0.17644
-35.364,6.9642,0.093458
-32.788,9.1609,-1.3784
-35.26,8.5665,-0.55243
-37.259,7.3942,0.032166
-37.157,6.6167,0.33329
-38.951,5.1984,-0.075098
-33.644,6.3697,0.48279
-35.207,5.908,0.67523
-30.951,4.7409,0.62032
-37.093,6.0309,0.38192
-39.15,4.5586,-0.3164
-39.51,6.3644,-0.14623
-39.65,7.4028,-0.18665
-32.197,4.909,0.31141
-30.297,4.2394,0.50982
-37.367,4.692,0.33016
-35.515,3.4499,0.32285
-32.025,3.2681,0.53829
-32.354,2.7437,-0.13517
-33.824,2.8628,0.10752
-31.354,1.4381,-2.2529
-33.317,1.819,-1.0922
-33.141,1.7777,-1.8902
-34.644,0.97403,-3.2186
-33.955,2.164,-0.54617
-35.325,2.1946,0.040544
-31.692,-0.13806,-5.2784
-37.062,0.87705,-2.1106
-38.24,0.98768,-1.6183
-41.267,-0.37988,-3.3885
-39.65,0.68066,-2.6223
-32.638,3.9149,0.69265
-33.778,3.5285,0.16654
-33.732,4.416,0.58254
-35.304,4.2474,0.78156
-33.226,5.194,0.81079
-35.123,5.172,0.33631
-36.998,3.7146,0.005773
-39.34,1.3689,-1.2963
-39.847,2.3216,-0.63782
-41.231,0.84693,-2.2482
-42.454,2.107,-1.0258
-40.381,2.9233,-0.47935
-40.882,4.1043,-0.7013
-36.525,-0.43592,-6.0542
-42.996,-0.18275,-2.8404
-33.728,-0.61774,-6.5262
-34.354,-0.71935,-6.7762
-34.278,-0.2468,-7.5992
-38.951,-0.9336,-5.9527
-38.689,-1.3114,-6.5143
-40.853,-0.4771,-4.9394
-36.365,-0.79254,-6.6716
-41.128,-0.9795,-5.6659
-34.636,-0.20321,-7.956
-37.83,-1.1017,-7.6855
-38.737,-1.3918,-7.7155
-38.796,-0.84877,-8.4466
-41.36,-1.4997,-7.8221
-36.578,0.23048,-9.4546
-41.49,-1.3071,-7.0454
-38.016,0.055691,-9.0986
-41.089,-1.3323,-8.2188
-36.817,1.3603,-9.798
-36.364,1.8818,-10.022
-43.166,-1.7185,-5.9951
-43.23,-2.1452,-7.7425
-43.706,-2.1156,-7.261
-44.675,-2.3469,-5.2566
-39.027,0.47432,-9.3726
-36.558,3.0213,-9.9308
-40.438,1.2104,-10.016
-43.499,-1.4641,-8.9876
-35.444,4.0845,-10.273
-39.844,1.9634,-10.07
-35.454,5.4566,-10.056
-43.118,-0.6631,-9.6153
-43.444,-1.1222,-9.4376
-44.523,-2.0826,-8.9374
-44.66,-2.4168,-7.491
-39.461,3.6876,-10.833
-42.922,0.25364,-9.8008
-36.833,6.4602,-10.091
-43.152,0.96551,-10.574
-41.72,2.9356,-10.615
-39.32,5.1255,-10.803
-37.41,6.7012,-9.7772
-41.436,3.4676,-10.494
-43.229,1.8249,-10.385
-39.412,5.4096,-10.158
-41.496,4.381,-10.946
-36.283,8.0267,-9.8939
-44.982,0.26203,-10.274
-44.27,1.7441,-10.287
-42.933,3.4043,-10.483
-39.448,6.4463,-10.399
-41.554,5.239,-10.241
-37.74,8.3683,-9.1686
-42.821,4.9913,-10.545
-35.36,9.1004,-9.2547
-36.085,9.303,-8.4496
-39.824,7.4674,-9.5934
-43.327,4.1566,-10.432
-43.263,5.6766,-10.129
-44.459,3.0385,-10.348
-45.081,1.1001,-10.092
-45.749,2.7502,-10.087
-41.423,6.2662,-10.348
-41.408,7.1153,-9.5338
-41.641,7.4178,-9.2755
-38.184,9.2533,-8.4744
-36.04,9.7437,-7.5039
-33.922,10.359,-7.2399
-39.813,8.073,-9.187
-40.405,8.3631,-8.3637
-34.189,10.583,-5.4361
-34.403,10.762,-6.3123
-35.228,10.31,-3.9818
-33.024,8.6744,-0.65502
-33.068,7.8765,-0.37138
-35.131,9.4177,-1.1999
-37.63,8.5517,-0.80311
-37.255,9.5995,-2.2522
-38.392,9.3982,-7.5012
-36.76,10.228,-6.5723
-37.193,10.252,-3.774
-39.527,8.2121,-0.91921
-39.734,9.0029,-1.661
-41.532,8.739,-2.7244
-41.26,9.5374,-5.0832
-42.033,8.9108,-6.5446
-84.96,12.128,-4.6386
-83.459,11.154,-4.5702
-82.088,9.6171,-3.3954
-84.959,12.196,-6.2031
-83.371,10.879,-6.093
-83.201,10.584,-7.576
-88.948,5.2078,-14.926
-89.984,8.213,-13.23
-85.781,7.1206,-14.126
-92.314,6.8778,-13.226
-84.765,6.8252,-14.306
-86.189,9.3413,-12.086
-82.921,10.602,-4.1415
-81.333,9.0285,-2.2951
-84.162,11.874,-5.0734
-86.161,12.953,-5.2525
-86.913,-0.49952,-1.0629
-86.568,-0.68442,-1.1292
-86.282,-0.8963,-1.2128
-85.325,-0.73901,-1.0063
-86.733,10.251,-11.105
-82.397,10.363,-7.0352
-88.69,11.269,-10.581
-87.295,9.6863,-12.058
-88.787,9.9303,-11.861
-84.228,10.719,-9.9814
-88.687,8.3709,-13.626
-85.581,8.5992,-13.054
-87.423,8.954,-13.19
-89.429,9.4551,-12.462
-86.984,-1.9047,-1.9224
-86.754,-2.1645,-1.9394
-86.715,-1.341,-0.55537
-85.523,-1.798,-1.6613
-85.936,-3.0124,-2.5293
-87.749,-3.3142,-2.5242
-87.369,-3.1443,-2.3716
-86.764,11.199,-10.351
-84.233,9.586,-11.756
-86.421,12.49,-7.5114
-82.705,10.924,-5.5181
-87.305,-2.3798,-1.2797
-87.003,-2.6399,-1.1355
-84.139,-0.82262,-0.8676
-92.342,8.9204,-12.518
-92.128,10.209,-11.48
-94.882,6.6398,-13.285
-95.841,9.568,-10.964
-90.77,4.7903,-15.153
-94.747,4.3291,-14.573
-89.748,3.1261,-15.92
-89.647,4.1825,-15.933
-87.929,-4.4487,-4.4018
-89.117,-4.4139,-3.8751
-87.901,-3.9562,-3.2634
-89.842,-4.7355,-3.4711
-90.86,-5.1277,-4.939
-88.304,-4.2953,-2.6851
-87.827,-3.8732,-2.1315
-87.726,-4.1403,-3.179
-90.702,11.787,-9.7173
-90.519,13.928,-6.9425
-92.304,13.419,-7.9354
-90.565,12.843,-9.0169
-93.91,13.189,-7.9879
-94.192,11.429,-9.9831
-95.274,10.558,-10.317
-94.024,12.612,-9.235
-90.146,10.845,-11.428
-96.562,8.3043,-11.645
-88.502,12.406,-9.1974
-97.24,10.082,-10.284
-91.086,0.65688,-15.911
-89.167,-5.3328,-7.0218
-89.755,-6.0815,-9.6776
-87.917,2.3403,-16.21
-86.673,4.0229,-16.038
-86.398,-5.0319,-6.4727
-90.436,-5.0525,-5.1523
-91.559,-5.2667,-6.3367
-89.53,-5.2253,-5.3309
-87.091,-4.9261,-5.3882
-86.144,-3.6991,-3.5624
-86.501,-5.6491,-6.9806
-85.476,-4.5254,-4.553
-88.364,-5.0949,-2.4396
-83.608,-3.3993,-3.2725
-82.575,-3.8182,-3.9311
-90.757,1.05,-16.141
-89.578,-6.2144,-8.1472
-89.58,-6.263,-8.4024
-92.565,-5.7413,-9.2406
-83.395,-5.4926,-6.8419
-46.683,1.0553,-10.455
-46.875,-0.056741,-10.375
-48.865,1.7337,-10.639
-47.573,1.7293,-10.167
-47.668,0.82312,-10.424
-40.886,4.9519,-0.27994
-43.098,1.4388,-1.6018
-44.194,-0.74286,-2.8215
-42.699,3.0384,-0.74613
-42.278,3.6758,-0.52331
-43.775,0.67907,-2.1517
-45.148,-1.3601,-2.6602
-43.368,-0.90773,-3.3274
-46.266,-1.3771,-2.2329
-48.281,-1.1661,-1.5869
-46.323,-0.799,-2.2037
-44.768,2.1361,-1.1099
-44.783,0.041354,-1.9141
-45.114,1.7192,-1.522
-46.758,-0.0273,-1.6559
-48.486,-0.24493,-1.334
-47.19,1.2998,-1.0865
-45.379,1.0854,-1.4634
-43.423,4.2076,-0.78966
-44.55,3.4076,-0.78384
-44.893,2.8032,-1.1319
-48.698,-1.2437,-2.0487
-48.48,0.928,-0.62618
-48.711,0.078514,-0.68994
-46.753,2.0143,-0.64308
-49.71,0.88285,-0.69645
-49.864,-0.73305,-1.2785
-50.033,0.025878,-0.83842
-51.412,-1.116,-0.85965
-45.17,-1.5353,-9.7005
-45.657,-2.166,-8.867
-46.085,-2.9088,-8.6904
-47.044,-0.80337,-10.304
-47.825,-1.9355,-10.351
-48.348,-0.017984,-10.164
-49.316,-0.8317,-10.673
-46.945,-1.763,-9.8727
-47.18,-2.3841,-9.1395
-48.209,-2.8062,-9.485
-52.373,-4.7513,-7.1486
-51.17,-4.927,-6.919
-53.253,-4.689,-4.9718
-51.622,-4.0916,-4.9337
-51.972,-4.6465,-7.8564
-47.756,-3.6164,-6.0155
-51.452,-3.5993,-4.0014
-49.644,-4.2677,-6.294
-49.09,-3.5338,-5.4958
-47.986,-3.9088,-7.1864
-49.685,-4.6401,-7.559
-54.842,-4.8758,-6.042
-55.559,-4.9778,-5.5968
-55.452,-4.347,-9.132
-57.908,-3.0433,-2.81
-53.127,-4.1092,-8.8316
-53.786,3.1987,-11
-54.009,2.5526,-11.036
-54.466,1.8747,-11.132
-51.988,1.0678,-11.251
-49.714,0.76792,-10.317
-50.901,1.8402,-10.622
-52.424,4.502,-9.3393
-50.836,2.657,-10.684
-50.725,0.39009,-10.823
-50.881,-1.1915,-10.575
-56.858,-1.4131,-11.413
-60.309,-1.8233,-11.875
-61.022,-3.327,-11.204
-57.636,-4.7612,-8.9206
-59.58,-3.9639,-10.452
-55.365,-3.7176,-9.8891
-55.507,-2.5282,-10.864
-55.307,-2.4062,-11.187
-54.668,-2.6719,-2.3505
-56.291,-2.4861,-1.8851
-50.618,-1.612,-2.0328
-49.534,-1.995,-2.6285
-52.218,-2.5528,-1.8749
-52.528,-1.9445,-1.4732
-53.74,-3.8408,-3.4899
-51.587,-3.2085,-3.5379
-51.658,-3.1092,-2.9628
-51.757,-0.16589,-0.84147
-57.536,-5.0186,-7.4423
-60.322,-4.4016,-4.5102
-60.025,-2.3588,-2.3163
-59.009,-1.459,-1.1212
-61.179,-1.9226,-1.8001
-44.174,5.1462,-0.69124
-46.411,2.3941,-0.76676
-42.009,5.8238,-0.52238
-42.288,6.2783,-0.90054
-43.619,5.8388,-1.2502
-42.48,7.0944,-1.2279
-44.236,6.7645,-1.5935
-45.866,4.2763,-0.70469
-50.641,0.37355,-0.56897
-50.897,1.9969,-0.64064
-49.145,1.9256,-0.26236
-52.408,1.6338,-0.31532
-49.931,2.8673,-0.65094
-49.999,3.3822,-0.50445
-49.337,3.9432,-0.9442
-51.184,4.1887,-1.1745
-47.907,2.875,-0.78463
-46.198,3.8242,-0.65151
-46.735,4.6334,-0.81185
-47.546,3.8558,-1.3685
-56.759,3.8375,-10.996
-55.912,5.0467,-9.819
-53.906,4.118,-9.8759
-52.891,5.2824,-8.5166
-52.376,4.7426,-9.1812
-54.672,5.4171,-9.0346
-54.455,4.5738,-9.1928
-56.922,5.9308,-8.3239
-56.888,4.5664,-10.476
-58.161,5.6317,-9.5745
-58.901,4.8169,-10.431
-60.728,6.1143,-9.6925
-60.266,6.6697,-8.9341
-57.014,3.2005,-11.264
-60.679,4.6669,-10.758
-59.065,2.8381,-11.709
-61.806,5.8069,-10.302
-56.612,1.2064,-12.09
-44.426,-1.4824,-3.8219
-42.504,-0.75549,-4.6404
-45.487,-2.501,-4.8093
-46.734,-2.8203,-4.1979
-46.482,-1.5617,-3.4272
-45.454,-3.0246,-6.5966
-46.552,-3.4862,-6.5812
-48.792,-2.8621,-4.2958
-48.392,-2.4006,-3.4961
-50.712,-4.4901,-5.7964
-47.021,-3.5824,-7.5836
-52.674,-0.45257,-0.51114
-53.391,-4.4048,-4.0745
-53.226,-1.037,-0.88721
-56.465,-1.7511,-1.4165
-45.005,-2.2423,-8.0892
-46.804,-3.4174,-8.1452
-47.875,-3.735,-8.5073
-48.117,-3.6081,-8.8443
-46.32,-2.5583,-8.7155
-49.343,-4.3889,-7.9318
-49.261,-3.8864,-8.8621
-45.112,-0.37233,-10.126
-50.34,-4.4844,-8.2696
-50.584,-4.6086,-8.0356
-49.446,-4.1724,-9.5467
-50.732,-4.604,-8.9883
-48.397,-1.8155,-10.342
-49.521,-3.3365,-9.7206
-50.491,-3.4931,-9.8145
-50.766,-3.009,-10.268
-50.735,-2.5078,-10.586
-50.861,-1.8133,-10.318
-51.905,-4.3676,-8.4111
-46.192,3.6276,-10.294
-47.341,2.9228,-10.363
-45.21,4.4134,-9.9103
-47.336,3.948,-10.261
-47.072,4.1984,-9.7675
-44.88,5.1133,-10.261
-45.998,4.9732,-9.7281
-44.951,5.8202,-9.5463
-45.629,5.8713,-9.6182
-46.663,5.7889,-9.2274
-48.553,4.6065,-9.8777
-48.223,5.2658,-9.6246
-49.206,4.0676,-10.091
-50.588,4.5866,-9.5018
-48.251,5.6852,-8.7816
-49.744,4.9503,-8.6211
-51.793,3.2072,-10.108
-51.327,3.8296,-9.8943
-51.112,5.3135,-8.6478
-46.248,6.1904,-8.7279
-47.644,5.8405,-8.3563
-48.741,5.8131,-7.8881
-47.275,6.7288,-7.2911
-42.654,6.7379,-9.7801
-44.242,6.638,-9.1012
-43.37,8.2763,-6.6898
-44.86,7.1109,-8.1538
-44.885,7.3302,-7.6397
-51.12,5.763,-7.7273
-49.889,5.5203,-8.145
-46.097,7.3889,-6.9403
-47.84,6.6101,-6.3916
-48.734,5.9582,-6.8683
-49.141,6.4329,-5.6401
-51.13,5.7237,-6.8117
-52.633,5.5947,-7.7429
-52.284,5.7579,-6.9364
-51.756,6.1859,-5.4675
-53.78,5.8906,-6.8336
-54.752,5.9177,-7.6843
-52.905,6.0542,-5.3832
-42.995,8.7761,-3.3566
-44.7,6.8334,-2.108
-44.803,7.7272,-2.7895
-42.492,8.9365,-5.0326
-43.792,8.8279,-5.5564
-46.474,7.3636,-5.2516
-46.062,5.6089,-1.3567
-47.164,6.7143,-2.973
-46.413,7.3765,-3.2886
-46.67,7.2824,-4.2592
-46.594,7.5512,-6.2874
-44.604,8.1958,-7.3266
-47.86,6.8668,-4.5776
-47.775,6.5701,-3.8289
-48.813,6.3446,-3.4702
-49.642,6.5306,-3.9854
-50.565,6.2296,-5.2154
-51.154,6.2312,-4.2211
-53.821,1.2307,-11.552
-52.557,0.37864,-11.144
-54.433,-0.063138,-11.75
-52.166,-0.58626,-10.632
-51.598,-2.0711,-10.605
-55.49,1.8004,-12.029
-56.868,0.55388,-12.005
-56.549,-0.17105,-12.159
-55.826,0.2191,-11.635
-54.553,-1.0359,-11.581
-62.107,0.67623,-13.049
-56.778,-0.93197,-12.265
-62.407,-0.83564,-12.564
-52.694,-1.3391,-11.106
-53.497,-2.2176,-10.852
-52.239,-2.4497,-10.634
-60.407,-2.5525,-11.829
-53.641,5.8632,-2.7224
-52.522,6.3187,-3.3791
-53.644,6.461,-3.8752
-51.499,5.7249,-2.9573
-56.589,7.1249,-3.2078
-55.098,6.4324,-2.9773
-57.154,6.986,-4.581
-50.608,6.3766,-3.56
-50.782,5.2441,-2.1794
-53.017,5.9228,-4.7801
-54.217,6.055,-4.8651
-54.983,6.3292,-6.032
-55.757,6.6887,-4.9434
-55.572,6.2594,-7.4297
-56.756,6.512,-6.4099
-55.526,6.6785,-4.2265
-58.75,7.402,-5.666
-54.365,5.3844,-2.0121
-57.893,6.8042,-2.6932
-59.301,7.3479,-4.0087
-59.927,7.0147,-2.1439
-60.09,7.3689,-2.7091
-59.654,7.537,-5.092
-58.016,6.4048,-7.3139
-59.504,7.1138,-7.1519
-51.46,2.0142,-10.989
-55.916,6.062,-2.0811
-56.75,6.1241,-1.4394
-60.933,6.9855,-7.976
-62.056,7.7564,-7.3768
-61.967,7.9756,-4.4971
-62.347,7.7771,-6.4666
-62.883,8.1736,-5.9664
-62.33,7.8406,-3.442
-64.057,6.3936,-10.215
-63.716,4.7311,-11.552
-64.223,5.4568,-11.269
-62.633,2.1247,-12.36
-63.462,2.9879,-12.254
-58.516,5.8619,-1.2488
-53.607,-0.68032,-0.58883
-53.832,0.63102,-0.32431
-53.248,1.5234,-0.49297
-55.329,0.29563,-0.55208
-57.458,-1.0598,-1.0969
-56.296,0.13177,-0.91314
-59.434,0.48207,-0.60745
-60.789,-0.11285,-0.67213
-56.42,1.1908,-0.1028
-57.872,0.94352,-0.041831
-56.127,2.0383,-0.021984
-58.681,2.1283,-0.031074
-53.4,3.3768,-0.76166
-55.013,2.8817,0.019827
-54.013,3.1123,-0.2851
-53.803,4.0779,-0.68292
-52.618,4.9848,-1.6691
-53.253,5.1083,-1.1746
-56.486,3.5295,-0.23027
-49.753,4.8461,-1.747
-56.774,5.3252,-0.93495
-49.469,5.6503,-2.3882
-48.243,4.1257,-1.2983
-57.2,3.1191,0.13622
-48.68,5.2158,-2.0525
-57.159,4.758,-0.24343
-47.793,5.8296,-2.1938
-58.727,4.4046,-0.18832
-58.026,2.8848,0.10641
-59.126,5.2373,-0.98942
-59.711,3.7643,-0.099253
-60.976,3.1376,-0.30064
-61.477,5.0863,-0.63811
-60.984,1.6839,-0.37207
-61.971,2.7086,0.048606
-62.367,1.1323,-0.67379
-56.265,-4.0794,-3.3318
-62.84,4.7096,-0.19307
-62.936,-0.63059,-0.87746
-62.103,-2.3174,-1.7505
-61.57,6.6872,-1.3235
-62.546,6.5095,-0.98827
-62.308,7.61,-2.2036
-53.355,-3.5231,-9.8836
-54.492,-3.3658,-10.734
-51.82,-3.5964,-10.198
-53.853,-4.1728,-9.3995
-52.833,-3.9418,-9.6605
-54.698,-4.643,-8.6327
-53.025,-5.1572,-7.2195
-52.273,-4.857,-6.4608
-52.97,-4.6437,-5.2182
-55.217,-5.1013,-7.8713
-57.18,-4.2847,-9.9972
-56.669,-5.3946,-6.6157
-56.673,-4.8908,-4.585
-57.247,-5.5711,-6.052
-56.639,-4.7033,-4.2416
-57.557,-4.8664,-5.6041
-59.19,-5.2646,-8.0888
-57.853,-4.1556,-3.5542
-59.805,-4.019,-10.826
-59.615,-5.3995,-6.9535
-60.252,-5.2461,-9.0936
-48.294,2.0227,-0.67115
-47.462,3.2821,-1.0966
-59.991,-4.6256,-4.8067
-60.604,-3.9709,-3.9392
-41.5,8.558,-1.5864
-42.691,9.389,-4.0876
-41.251,9.1201,-3.185
-42.15,9.3457,-5.9015
-43.496,7.8233,-8.6352
-43.722,7.3431,-8.9536
-81.343,4.721,-14.867
-83.242,6.5149,-14.317
-83.721,8.0957,-13.476
-81.38,10.147,-6.9391
-82.424,10.061,-10.226
-81.687,10.175,-8.6741
-84.328,9.145,-12.391
-82.84,-0.12934,-0.22426
-82.913,-2.43,-1.8867
-81.682,-0.5313,-0.61276
-84.29,-3.2084,-2.2636
-81.721,-2.8358,-2.8168
-80.759,9.9995,-6.1935
-81.82,10.312,-5.3394
-81.563,10.067,-4.1751
-80.442,9.9919,-5.0125
-80.642,8.6245,-11.379
-81.557,4.3336,-15.33
-81.999,3.5107,-15.841
-81.448,-1.4722,-1.2549
-80.477,-3.8581,-3.5126
-81.629,0.82299,0.26251
-79.992,1.2705,0.04057
-79.594,0.43111,0.11968
-79.949,9.6667,-3.2012
-81.99,10.571,-5.8466
-78.895,9.008,-2.529
-78.249,3.1477,0.30594
-64.843,4.0185,-12.21
-62.799,1.5008,-12.948
-62.332,0.97171,-13.217
-67.414,8.2441,-7.9756
-66.386,8.3087,-6.9828
-69.232,7.6129,-9.8189
-69.861,8.4473,-9.1162
-69.417,6.7359,-11.059
-64.807,8.7461,-4.79
-64.696,8.7723,-3.8759
-69.148,5.0757,-12.52
-69.795,6.0114,-11.656
-68.99,3.8299,-13.048
-70.991,7.6247,-10.766
-70.696,8.9932,-7.5847
-71.927,7.9743,-9.9313
-72.301,8.9215,-8.8126
-71.777,7.3926,-11.39
-74.258,8.5542,-10.585
-74.596,8.8398,-9.6977
-72.723,9.3763,-8.5126
-74.828,9.2842,-9.0343
-72.737,9.53,-7.2971
-66.76,-0.40015,-1.5168
-66.183,-1.7927,-1.7788
-67.433,0.28717,-1.1269
-61.298,-3.2454,-2.634
-63.914,-4.999,-6.0889
-68.59,-2.201,-2.3471
-70.107,0.70208,-0.95844
-67.211,2.1769,-0.77809
-70.132,-1.1638,-1.7419
-72.345,-2.0959,-2.2585
-74.177,-1.7481,-2.3059
-68.831,9.0817,-3.4531
-68.552,8.896,-3.9699
-68.517,9.4042,-5.0077
-69.887,8.3646,-2.1941
-65.585,8.0931,-2.7584
-71.606,8.9851,-3.4661
-71.807,7.7996,-1.7291
-71.805,9.2977,-5.6873
-71.845,9.5675,-4.4926
-74.073,8.9401,-2.7888
-74.048,7.7297,-1.0982
-72.037,6.8222,-0.76761
-77.105,9.2251,-3.5332
-76.337,8.5857,-2.3282
-77.436,9.1617,-3.0796
-74.455,6.0411,-0.28003
-73.607,9.942,-6.3899
-74.743,9.6033,-7.4006
-75.058,9.2102,-8.1571
-76.059,9.7582,-5.7988
-70.915,9.4909,-6.7637
-77.271,9.6881,-5.048
-76.81,5.3146,-0.14073
-74.809,2.9201,-0.10511
-74.661,4.0976,0.093188
-76.403,7.3022,-0.83318
-78.254,2.0256,-0.015656
-74.402,4.9693,-0.000659
-77.859,8.0751,-1.3157
-79.308,9.9013,-3.7338
-72.447,5.7533,-0.73672
-78.984,10.131,-4.9492
-79.904,9.9249,-5.5956
-79.688,10.157,-6.5197
-77.557,10.012,-6.4707
-80.397,10.424,-7.0009
-79.678,8.8714,-10.626
-77.858,6.8717,-12.812
-69.194,4.1311,-13.089
-74.601,6.9973,-12.069
-74.458,5.5626,-13.189
-69.768,3.0352,-13.621
-74.695,4.6053,-13.889
-75.658,8.0672,-11.203
-76.927,8.6157,-10.428
-74.218,4.1673,-14.302
-76.522,8.9508,-9.148
-78.275,10.124,-6.7686
-78.639,7.9036,-12.582
-80.226,9.34,-9.7715
-76.652,9.5402,-8.4747
-78.237,9.477,-9.0406
-79.413,10.175,-8.2032
-78.277,9.7577,-7.8499
-76.987,9.5796,-7.8426
-80.99,10.271,-8.5295
-78.712,6.0869,-14.31
-78.64,4.2258,-14.723
-79.552,6.8373,-13.917
-74.923,3.1051,-14.583
-74.37,2.1526,-14.693
-72.381,-0.29391,-1.365
-78.25,-3.0601,-2.8689
-79.696,-2.3723,-2.0348
-77.352,-3.0473,-2.644
-78.605,-1.6261,-1.2518
-79.066,-0.94526,-0.46688
-69.952,1.7421,-0.65095
-72.559,1.8739,-0.85077
-72.506,0.78375,-0.70302
-72.198,-0.80202,-1.3349
-74.489,0.77056,-0.74235
-78.107,-0.1055,-0.4695
-72.586,2.5659,-0.45723
-74.506,2.1485,-0.23599
-74.603,0.021135,-0.88872
-78.445,0.85612,0.32385
-74.53,-1.124,-1.2743
-75.96,-4.0431,-3.7725
-77.427,-4.5769,-4.622
-72.508,4.9036,-0.49451
-72.039,3.74,-0.33903
-81.408,9.8593,-9.5832
-83.491,10.833,-8.9903
-80.32,8.6609,-12.226
-74.106,-3.6046,-3.3942
-72.894,-2.8115,-2.6131
-69.974,2.334,-0.33114
-76.033,-4.3563,-4.916
-69.721,3.1169,-0.26069
-70.186,0.042749,-1.0966
-61.967,0.14606,-13.11
-61.788,-1.3635,-12.684
-68.937,2.1134,-14.077
-69.876,1.0097,-14.243
-68.269,-0.25467,-13.954
-74.853,0.20522,-14.787
-68.999,-0.0712,-14.257
-61.559,-4.8468,-10.069
-67.963,-1.929,-13.376
-69.421,-1.4415,-13.759
-68.739,-3.5207,-12.872
-67.449,-2.8424,-13.44
-64.8,-5.6482,-8.2429
-66.267,-5.1439,-11.118
-67.472,-5.3502,-10.545
-72.63,-5.38,-7.2425
-69.55,-5.7732,-9.9923
-68.102,-4.0732,-12.771
-79.23,2.2707,-15.552
-79.156,1.297,-15.64
-79.852,-0.35211,-15.77
-75.525,1.2069,-15.223
-75.236,-0.50147,-14.761
-75.07,-1.2788,-14.957
-75.93,-2.4415,-14.533
-73.462,-4.0778,-13.374
-65.356,7.893,-2.1567
-65.058,6.4699,-1.0814
-66.43,7.3002,-1.6452
-63.682,4.543,-0.12965
-67.455,9.1519,-6.3081
-66.054,2.8728,-0.31653
-68.252,5.7094,-0.68453
-69.508,6.9357,-1.1647
-69.382,5.0533,-0.66655
-69.199,4.2773,-0.73513
-66.294,0.61347,-0.82949
-67.6,-1.2384,-1.4779
-60.94,-3.6419,-3.4564
-65.815,-3.0744,-2.7669
-62.031,-5.1836,-7.6164
-69.774,-1.6209,-1.7473
-63.112,-5.6202,-9.2784
-66.643,-4.5119,-4.7432
-67.564,-4.6109,-12.237
-64.556,-5.6232,-7.5612
-68.003,-4.024,-4.2824
-70.834,-2.9663,-2.8366
-68.366,-3.773,-3.1646
-66.45,-4.8797,-5.3398
-72.125,-3.9328,-4.0451
-66.649,-5.3132,-5.7232
-67.307,-5.5018,-7.0608
-67.879,-5.4713,-6.3956
-66.48,-5.7662,-7.7476
-72.603,-5.0541,-5.8362
-63.339,-5.6758,-6.6689
-66.839,-5.7522,-9.3268
-67.968,-5.432,-10.42
-74.071,-4.9909,-4.8867
-81.065,6.4244,-14.47
-79.146,3.1647,-15.578
-84.519,10.244,-11.094
-70.483,-5.021,-12.263
-73.033,-5.3244,-6.1884
-83.649,7.9888,-13.876
-66.488,-5.3446,-11.231
-72.935,-4.5113,-12.944
-79.288,0.71771,-15.991
-76.276,-5.2183,-6.5879
-73.008,-6.0588,-8.0598
-73.207,-6.1093,-8.9905
-73.361,-6.2382,-9.6576
-70.845,-5.7391,-11.93
-76.864,-6.3356,-8.0776
-77.643,-6.3912,-9.1736
-86.753,12.275,-8.6247
-84.814,7.4976,-14.28
-77.094,-6.017,-11.151
-78.065,-6.8798,-9.416
-76.673,-6.2331,-11.786
-76.43,-5.9654,-12.332
-42.607,8.6079,-7.7557
-41.157,9.5747,-4.1001
-75.99,-5.5166,-13.049
-78.514,-6.3769,-10.058
-41.991,8.36,-8.8567
-40.972,9.5869,-6.6154
-40.842,10.026,-6.0254
-78.196,-6.4081,-10.669
-80.844,-6.2533,-7.7976
-40.653,9.0756,-7.6701
-78.975,-6.5978,-11.305
-82.392,-5.8721,-7.6045
-78.777,-4.8337,-14.15
-79.48,-3.4282,-14.593
-79.377,-6.403,-12.545
-79.151,-4.4687,-14.475
-81.364,-6.6668,-9.9919
-82.398,-6.3241,-9.2791
-81.774,-6.8878,-10.21
-79.518,-2.7685,-15.308
-86.78,-3.1895,-0.43311
-86.932,-3.0986,0.026497
-79.711,-2.1535,-15.436
-80.064,-1.1283,-15.803
-86.883,-4.3294,0.016747
-81.647,-6.7028,-11.28
-81.399,-5.5131,-12.804
-81.012,-5.3793,-13.896
-81.817,-6.5409,-12.44
-84.538,-6.237,-9.3096
-87.332,-4.6649,-0.67905
-87.316,-4.8816,-0.99769
-82.545,1.5428,-16.16
-87.688,-4.4185,-1.5605
-84.885,-6.1179,-8.8805
-83.986,5.6246,-15.45
-82.528,2.2107,-16.285
-87.856,13.751,-6.2446
-84.303,4.2301,-15.614
-87.805,-4.9935,-0.04497
-84.877,-6.3805,-9.943
-39.554,9.9782,-2.8012
-39.389,9.4494,-1.8496
-82.857,0.63739,-16.349
-82.504,-1.386,-15.885
-88.472,13.466,-7.7222
-84.627,3.1182,-15.942
-89.484,14.309,-5.9522
-83.051,-0.43158,-16.6
-82.419,-3.3259,-15.438
-82.623,-2.9674,-15.586
-82.987,-2.2214,-15.688
-84.893,2.7035,-16.208
-86.849,6.9161,-14.716
-82.694,-4.6553,-14.284
-86.719,-6.3746,-8.2636
-86.974,-6.1721,-9.0103
-83.808,-6.3934,-11.968
-84.17,-6.704,-10.954
-85.02,-5.9614,-13.004
-85.151,-3.9448,-15.276
-85.13,-4.6983,-14.849
-85.258,-5.2842,-14.146
-85.32,-3.199,-15.811
-85.349,0.33444,-16.592
-86.554,-6.7865,-10.173
-85.585,-2.056,-16.315
-85.814,-0.46288,-16.347
-86.952,-6.2527,-11.273
-86.815,-6.2139,-12.399
-85.889,-0.94519,-16.253
-85.783,1.5763,-16.875
-97.183,5.585,-13.214
-94.7,3.0371,-15.263
-91.635,-5.4443,-3.8855
-95.717,12.338,-8.4563
-92.915,14.3,-6.618
-96.981,11.571,-9.4321
-92.369,-5.3372,-5.8962
-92.308,-5.911,-8.0243
-93.472,-5.3477,-6.0306
-93.065,-5.6085,-5.2786
-93.773,1.8993,-15.717
-89.696,-6.101,-10.67
-90.993,-0.81061,-16.107
-98.674,-1.7147,-14.933
-99.979,-2.1503,-14.054
-99.799,-0.65684,-14.842
-97.257,-2.7889,-14.453
-97.308,-2.2449,-14.836
-96.671,-3.8965,-13.809
-99.682,-5.1841,-11.424
-97.036,-5.5715,-8.994
-99.871,-5.5511,-8.6126
-98.086,-5.3949,-8.6872
-95.897,-5.2658,-11.223
-98.817,-4.9646,-10.188
-95.631,-5.2803,-10.403
-95.494,-5.588,-8.562
-95.316,-5.3152,-11.956
-97.381,-4.428,-12.846
-95.441,-4.5757,-13.165
-96.396,-3.5811,-13.926
-98.584,-4.5029,-12.135
-99.663,-3.4921,-13.3
-93.691,-4.5377,-13.646
-92.985,-5.1635,-12.724
-96.279,-1.6064,-15.121
-98.196,0.20255,-15.265
-98.933,1.1602,-14.95
-97.028,-0.58444,-15.386
-97.781,2.6664,-14.897
-95.734,1.0962,-15.455
-100.91,0.49861,-14.274
-94.999,-0.77207,-15.656
-92.209,-3.9503,-14.579
-99.643,-6.0844,-7.5104
-98.658,-6.3568,-6.9685
-100.96,-5.3593,-9.4153
-99.964,-5.0759,-10.437
-101.3,-5.8196,-8.0033
-101.58,-4.8964,-11.733
-94.467,-5.4613,-9.6859
-92.458,-6.2573,-10.773
-95.946,-5.5608,-7.7362
-96.181,-5.5333,-7.4798
-95.585,-6.0973,-6.075
-92.459,-6.1868,-9.8889
-93.678,-5.7483,-7.6053
-100.46,-4.2124,-12.525
-94.47,-5.6734,-6.7862
-100.95,-4.3276,-12.258
-100.86,-3.1999,-13.423
-93.227,0.82457,-16.126
-90.758,-3.2469,-15.517
-101.49,9.6542,-9.2522
-99.872,11.006,-8.7761
-97.8,11.747,-8.5746
-99.85,8.0393,-11.177
-100.68,9.3995,-10.035
-101.72,11.072,-8.0951
-95.367,-6.6267,-5.1505
-93.933,-6.5235,-4.2093
-99.905,7.3066,-12.14
-96.432,-7.2036,-4.1811
-98.865,6.0753,-13.108
-99.063,12.266,-7.8658
-91.887,-6.2849,-3.4578
-100.95,8.4447,-11.225
-98.655,4.7181,-14.023
-97.305,13.03,-7.4761
-95.701,13.542,-7.9048
-102.73,8.1713,-11.06
-104.04,8.8274,-9.1707
-95.287,3.8959,-14.842
-90.123,-5.4944,-3.3008
-90.174,-6.3188,-2.7537
-88.734,-5.8933,-1.8981
-94.637,-7.5027,-2.7049
-92.475,-7.4383,-1.9888
-95.412,2.5857,-15.122
-97.845,3.6141,-14.583
-99.834,3.5833,-13.799
-101.92,5.716,-12.932
-90.335,2.3223,-16.237
-101.19,3.4358,-13.83
-87.495,3.5139,-16.325
-102.12,4.5459,-13.347
-86.424,5.2005,-15.753
-90.831,-1.5689,-15.997
-90.827,-1.9648,-15.834
-87.726,1.3744,-16.178
-90.514,-6.8817,-1.3467
-96.149,-7.8462,-2.8399
-94.698,-7.7257,-1.6893
-102.74,6.7188,-11.834
-104.09,7.8063,-10.432
-104.95,9.4108,-8.1104
-103.8,6.5909,-11.576
-103.31,5.6287,-12.665
-105.23,8.2759,-9.7497
-104.71,6.8789,-10.986
-106.43,8.7346,-8.8188
-106.29,7.6542,-9.5439
-105.93,7.7296,-10.511
-104.11,5.4704,-12.105
-105,5.9219,-12.14
-106.14,6.8485,-10.943
-103.66,3.9795,-13.18
-106.67,7.1117,-10.21
-101.24,2.0288,-14.348
-107.41,8.0045,-9.3921
-106.66,6.1641,-10.935
-104.58,4.7195,-13.064
-88.818,-6.2364,-0.4774
-102.07,1.8192,-14.305
-103.84,3.1679,-13.388
-105.91,4.8814,-11.829
-90.147,-6.8753,-0.80251
-88.944,-6.3029,-11.664
-88.592,-5.8958,-12.549
-98.815,-7.9598,-4.419
-89.056,-5.6423,-13.207
-92.593,-7.609,-1.4104
-89.959,-4.6086,-14.255
-89.602,-5.2501,-13.972
-89.634,-4.1927,-14.68
-90.487,-3.269,-15.415
-87.485,-5.6217,-13.416
-88.144,-3.5006,-15.58
-87.408,-4.776,-14.531
-88.049,-2.6373,-15.522
-101.93,-4.8324,-10.148
-87.954,-2.1581,-15.889
-101.32,-1.6107,-13.833
-98.715,-8.6622,-2.8454
-102.59,-5.7097,-8.3236
-102.21,-7.7432,-6.2967
-103.4,-5.3311,-10.007
-102.28,-4.6581,-12.044
-101.53,-7.9874,-4.848
-102.67,-4.2121,-12.365
-102.18,-2.8475,-13.515
-102.47,-0.1318,-14.337
-102.58,-8.2442,-5.454
-103.92,-6.037,-8.5086
-102.87,-3.6794,-12.879
-104.72,-5.5744,-9.1345
-103.36,-3.1085,-12.865
-104.74,-5.4145,-10.051
-103.09,-2.3271,-13.546
-104.77,-4.8315,-10.767
-102.91,-0.81077,-14.088
-100.86,-9.3151,-2.183
-104.54,-7.2982,-7.0776
-103.74,1.081,-13.916
-104.38,2.4786,-13.12
-104.75,-1.6817,-13.267
-104.96,-3.7821,-11.645
-104.38,-0.43724,-13.403
-105.16,-3.2961,-11.893
-105.56,-2.2671,-12.29
-105.89,-5.6054,-9.2949
-104.54,-8.1362,-5.6271
-106.77,-5.89,-9.0368
-103.21,-8.9466,-4.3191
-106.52,-6.7804,-7.6173
-106.62,-4.3805,-10.469
-105.95,-7.773,-6.5874
-106.55,-3.8235,-11.46
-105.26,-9.0544,-4.9472
-103.06,-9.23,-3.606
-107.16,-8.4802,-5.7879
-107.66,-4.5293,-10.446
-106.62,-2.9944,-12.068
-105.99,-1.9628,-12.419
-107.63,-3.2456,-11.577
-106.03,-0.82832,-13.01
-108.66,-4.8178,-10.128
-107.9,-2.3022,-12.139
-107.83,-2.2841,-11.496
-108.64,-5.6352,-9.2969
-108.53,-4.0294,-10.491
-105.8,0.55361,-12.834
-108.59,-2.4978,-11.426
-104.49,-9.5109,-3.4505
-109.06,-3.0387,-11.061
-106.09,2.2022,-12.443
-108.14,-0.79902,-12.276
-106.24,3.2032,-12.479
-108.29,0.85833,-12.174
-107.91,-7.7544,-6.5092
-106.6,4.1845,-11.881
-108.11,2.0185,-12.14
-108.44,2.8372,-11.4
-107.84,4.9005,-10.599
-108.71,3.9767,-11.275
-109.17,-1.6035,-11.801
-109.92,-2.1689,-10.839
-109.88,-0.8982,-11.136
-110.32,-3.0492,-10.474
-88.602,-0.95883,-16.48
-110.52,-1.9228,-10.821
-110.45,-4.1913,-10.025
-109.53,-6.7661,-7.7397
-107.33,-8.8849,-5.0268
-106.47,-9.5483,-3.8674
-110.02,-5.7158,-8.7848
-110.2,0.26774,-10.88
-108.58,6.0133,-10.446
-110.11,2.4295,-11.085
-110.97,1.3998,-10.666
-111.02,-2.6727,-10.313
-108.63,-8.2402,-5.5584
-111.52,-3.1124,-10.212
-108.64,6.9509,-9.4143
-111.21,-0.18518,-10.748
-109.09,7.2561,-8.9678
-110.64,3.4592,-10.764
-88.551,-0.67951,-16.553
-111.47,-5.4746,-9.0886
-111.75,-4.1041,-9.4511
-111.94,-6.035,-8.5948
-111.55,-1.8327,-10.489
-111.2,0.86628,-10.638
-111.37,1.95,-10.27
-88.074,0.27974,-16.53
-110.64,4.2515,-9.9303
-112.7,-3.3228,-9.7444
-110.67,6.066,-9.064
-110.78,5.256,-9.5813
-111.75,4.8927,-9.1249
-111.65,3.9447,-10.03
-112.66,4.6039,-9.0293
-112.01,2.9544,-10.121
-112.18,2.3715,-10.083
-112.3,1.1911,-10.346
-112.9,3.7795,-9.5131
-114.07,4.4272,-9.555
-113.68,2.6664,-10.005
-112.77,-0.034422,-10.753
-113.55,1.2128,-10.328
-113.83,2.1315,-10.558
-113.16,-1.0008,-10.813
-112.77,-2.0319,-10.715
-114.11,0.084846,-10.694
-113.03,-4.4818,-9.1358
-109.73,-9.0192,-4.5869
-110.92,-8.1515,-5.7446
-114.88,3.4283,-10.008
-115.14,0.77144,-11.058
-111.67,-7.478,-6.8398
-115.84,2.6691,-10.555
-112.52,-6.8627,-7.4168
-113.35,-5.6315,-8.5016
-114.64,-1.5013,-10.569
-115.83,1.5166,-10.829
-116.79,4.1787,-9.8663
-114.54,-2.4791,-10.3
-114.75,-3.692,-10.284
-114.13,-5.0476,-9.331
-117.9,2.7395,-10.854
-113.64,-6.4105,-7.7098
-116.52,-1.8464,-11.162
-117.32,-0.17725,-11.119
-114.38,-5.9999,-8.2739
-112.25,-8.279,-5.4107
-115.97,-3.9659,-10.246
-116.54,-2.8783,-10.911
-117.96,1.1742,-11.399
-118.29,1.8263,-10.956
-113.99,-7.1913,-6.3155
-115.16,-6.3104,-8.0173
-115.65,-5.1533,-9.4543
-115.55,-7.2002,-6.0554
-116.87,-6.7613,-7.3762
-117.1,-6.0399,-8.2453
-117.26,-5.1688,-9.384
-117.2,-6.6741,-7.6259
-117.43,-4.1951,-9.8814
-117.88,-1.9763,-11.223
-117.83,-6.3021,-8.1104
-118.44,-1.2106,-11.302
-118.68,-5.6129,-9.4312
-118.68,-4.6416,-10.46
-119.13,-3.2694,-11.015
-119.82,0.11601,-11.411
-119.84,-0.77222,-11.544
-119.9,-3.5285,-10.806
-120.15,-2.1946,-11.271
-120.34,-1.3791,-11.678
-119.34,-7.1336,-7.6581
-119.93,-6.6758,-8.3072
-120.58,3.3774,-11.028
-120.93,2.0929,-11.023
-121.32,1.0097,-11.349
-120.65,-4.6387,-10.546
-120.96,-3.835,-10.898
-121.32,-3.5198,-11.021
-120.79,-5.9389,-9.1816
-122.03,0.46933,-11.757
-121.89,-0.59162,-11.803
-121.78,-2.7172,-11.434
-121.73,-7.219,-8.3552
-122.12,-2.0677,-11.9
-122.56,-5.0833,-10.152
-122.82,-4.3621,-10.686
-122.7,-6.1782,-8.9586
-122.94,-3.4436,-11.287
-123.62,-2.7311,-12.085
-122.96,-6.9436,-8.43
-123.49,-5.6667,-10.077
-123.46,-1.5578,-11.819
-124.01,-6.6197,-9.2498
-123.94,-4.778,-11.029
-124.16,-4.0379,-11.312
-124.48,-3.2451,-11.949
-125.15,-5.793,-9.8506
-125.27,-4.812,-10.885
-124.55,-2.0562,-11.857
-123.69,0.1472,-11.738
-123.05,2.0428,-11.301
-125.62,-6.6882,-9.3222
-123.15,3.2095,-11.021
-125.88,-6.2847,-9.9932
-126.15,-7.2146,-9.3803
-126.38,-7.4661,-9.3056
-126.37,-6.2295,-11.267
-126.08,-4.7526,-10.88
-125.98,-3.9324,-11.765
-124.92,-0.414,-12.046
-125.87,-3.3673,-11.638
-126.11,-3.9051,-12.053
-127.15,-8.4692,-9.9997
-125.86,-2.5936,-12.338
-125.29,0.038057,-12.077
-125.13,0.83478,-12.249
-125.87,-1.274,-12.085
-126.74,-4.7635,-12.369
-126.9,-5.4256,-12.752
-126.93,-6.9807,-10.544
-126.59,-2.0238,-12.727
-127.08,-4.2514,-12.607
-127.26,-7.5962,-10.92
-127.43,-6.7568,-11.839
-127.53,-5.0348,-13.444
-127.05,-3.1872,-12.194
-127.71,-6.059,-12.511
-127.8,-9.4065,-8.8024
-128.43,-7.4942,-11.939
-128.32,-8.1275,-11.014
-128.61,-6.995,-12.904
-128.56,-5.8639,-13.582
-128.35,-9.0542,-10.478
-127.62,-2.1487,-12.734
-128.77,-8.6467,-11.809
-127.26,-0.62805,-12.779
-129.01,-9.5989,-10.914
-127.42,-0.98228,-12.621
-128.39,-3.9189,-13.731
-128.83,-6.1552,-13.612
-128.22,-3.1175,-13.372
-126.19,2.5319,-11.823
-128.73,-5.1067,-13.869
-128.93,-10.06,-9.498
-129.27,-8.5391,-12.42
-129.5,-10.359,-10.255
-129.47,-7.2073,-13.722
-129.52,-7.6355,-12.759
-130.16,-9.6984,-11.372
-129.67,-5.6272,-14.181
-128.28,-1.4232,-13.473
-128.9,-2.8908,-13.587
-130.16,-7.9142,-13.374
-130.35,-8.8827,-12.202
-130.01,-6.4261,-14.201
-131.05,-10.966,-9.533
-129.62,-3.8361,-14.381
-130.02,-4.9705,-14.261
-131.13,-10.539,-10.589
-131.1,-9.0044,-12.537
-131.25,-9.9702,-11.916
-127.58,2.0865,-12.601
-131.38,-8.1874,-13.504
-129.5,-1.8156,-14
-130.25,-3.4046,-14.153
-131.66,-8.7586,-13
-131.37,-6.8796,-14.259
-130.69,-4.5546,-14.559
-128.72,0.11077,-12.761
-131.19,-5.7949,-14.105
-129.43,-0.83513,-13.071
-129.17,1.9251,-12.873
-132.01,-7.7211,-13.211
-130.84,-2.2555,-14.011
-130.36,-0.44762,-13.251
-131.84,-5.4028,-14.069
-132.24,-10.812,-10.132
-130.23,0.12469,-12.951
-132.28,-10.019,-10.72
-132.41,-9.5868,-11.793
-131.61,-3.7102,-14.364
-132.24,-7.0159,-13.951
-132.22,-6.2515,-14.253
-132.01,-4.4938,-14.222
-132.92,-9.0165,-12.421
-131.45,0.72601,-13.176
-131.69,-0.068244,-13.329
-132.88,-5.2283,-14.488
-132.92,-4.2617,-14.471
-132.86,-3.2084,-14.204
-132.77,-2.0685,-14.351
-133.34,-7.7198,-13.175
-133.17,-9.952,-11.137
-133.57,-6.0732,-13.756
-133.9,-8.1679,-12.562
-133.91,-6.8926,-13.874
-133.94,-8.836,-11.857
-134.19,-3.5757,-13.707
-134.51,-5.1127,-13.519
-134.3,-2.5587,-13.968
-133.76,-0.43845,-13.165
-134.91,-8.5201,-11.163
-134.85,-6.5386,-13.149
-135.32,-7.6276,-11.98
-134.63,-4.2554,-13.797
-135.27,-3.3589,-13.792
-135.82,-4.1932,-12.897
-135.16,-0.85363,-12.94
-135.69,-2.2148,-13.274
-39.284,9.9336,-4.7428
-38.872,9.9285,-6.4023
-38.903,10.143,-5.7257
-39.261,9.999,-3.8064
-37.431,10.486,-4.715
-37.091,10.527,-5.5976
-37.419,9.23,-1.2431
-37.146,10.156,-3.053
-35.228,10.18,-3.1516
-35.276,10.219,-1.9262
-34.931,11.031,-4.6224
-33.341,7.0932,0.30027
-32.332,5.845,0.50395
-31.742,6.6257,0.11743
-31.838,6.9614,0.18426
-7.6867,1.6943,-0.95042
-7.0354,0.61151,-1.9387
-7.1934,3.102,-0.57285
-7.059,2.2185,-0.70745
-6.8004,1.3916,-1.4775
-6.0976,-0.39731,-2.3308
-6.3296,3.1154,-1.1024
-6.2983,2.4194,-0.80609
-5.5835,0.96004,-1.7692
-5.2267,2.0343,-1.2952
-4.955,1.1062,-1.1857
-5.0664,4.1332,-0.58463
-4.1014,-0.4252,-1.8942
-4.4129,3.4538,-0.93617
-3.7726,0.61419,-1.0471
-3.1146,-2.5845,-2.7078
-3.335,-0.50797,-1.7528
-3.6733,1.8132,-0.78658
-1.845,-8.9557,-8.2104
-2.9019,-1.3901,-2.4719
-3.1233,0.586,-1.1821
-1.8286,-9.5309,-7.2
-1.8093,-8.9678,-5.6126
-1.5676,-9.1233,-8.8231
-1.6173,-11.084,-6.9367
-1.4989,-9.3945,-9.021
-3.1803,2.8271,-0.84397
-3.4247,5.5172,-0.39501
-1.4957,-9.0733,-9.0902
-1.5595,-9.7954,-6.7648
-2.2364,-2.0248,-2.7735
-3.5483,7.4329,-0.63898
-1.2454,-9.8413,-7.5708
-1.1247,-12.152,-9.1515
-1.0988,-11.007,-10.11
-1.1122,-9.9335,-9.1225
-0.97091,-8.702,-11.414
-2.429,0.33983,-1.518
-2.1897,-0.97817,-2.3453
-0.9325,-10.421,-11.221
-0.96051,-10.593,-10.687
-1.033,-11.72,-9.5973
-1.0307,-10.317,-9.4699
-0.97849,-12.566,-9.367
-1.007,-10.257,-8.9455
-0.99143,-8.7972,-9.5571
-1.0094,-10.284,-8.5344
-1.0687,-10.183,-7.7493
-1.0655,-10.678,-7.4436
-1.0201,-10.573,-7.7276
-0.86551,-13.018,-9.7441
-0.84945,-12.057,-9.4086
-0.86918,-8.9317,-9.939
-1.2604,-9.1734,-4.8806
-0.82044,-10.884,-8.3769
-0.6432,-8.8749,-11.981
-0.61102,-10.827,-11.021
-0.63692,-11.752,-10.04
-2.3467,1.5522,-0.84521
-0.59982,-8.6804,-10.23
-2.9619,6.5061,-0.28867
-0.74394,-11.772,-8.3259
-0.95706,-11.023,-5.9982
-0.8057,-12.052,-7.3269
-0.48023,-8.7622,-11.207
-0.47211,-8.2558,-11.49
-0.66907,-12.083,-7.3744
-0.52951,-12.19,-8.8259
-0.38824,-12.572,-10.675
-0.4681,-10.36,-9.2421
-0.52949,-10.741,-7.8107
-0.52214,-12.739,-8.1028
-0.29229,-11.946,-11.42
-0.31156,-11.045,-11.002
-0.61827,-12.995,-6.6747
-0.49831,-12.588,-7.9896
-0.35795,-9.257,-10.954
-0.29302,-8.5107,-12.602
-0.31632,-11.11,-10.395
-0.19847,-8.562,-12.847
-0.30368,-9.09,-10.279
-0.20766,-9.9447,-10.994
-0.22184,-7.9264,-11.21
-0.16548,-11.903,-11.424
-0.22355,-11.614,-10.374
-0.36731,-12.444,-8.4192
-0.059993,-9.5004,-12.05
-0.32522,-12.341,-8.0133
-0.059543,-9.8859,-11.529
-2.4893,5.9846,-0.56386
-1.7289,1.3477,-1.4119
-0.13597,-11.485,-10.069
-0.30393,-11.813,-7.9293
-1.6e-05,-7.8737,-12.699
-0.007133,-8.9397,-12.19
-0.003622,-10.359,-11.437
0.065186,-9.2962,-11.96
0.12814,-11.555,-11.952
0.17557,-11.464,-11.881
0.009128,-10.474,-9.2851
0.18699,-11.68,-11.976
-1.9018,4.2338,-0.16538
-1.592,4.3948,-0.14185
0.20815,-10.215,-9.8293
0.19794,-12.622,-11.132
-0.13881,-14.049,-7.0938
0.10564,-13.631,-9.5221
-0.043292,-13.305,-6.3587
0.081319,-13.896,-8.3558
0.24232,-12.954,-11.205
0.30691,-10.977,-11.213
0.21202,-13.605,-10.915
0.08315,-14.764,-7.8579
0.18722,-14.575,-9.1653
0.27251,-11.068,-9.6342
-1.4894,6.7468,-0.453
0.59701,-12.428,-12.17
0.50947,-12.018,-10.45
0.31496,-15.045,-8.7976
0.2958,-15.379,-8.6138
0.35781,-15.243,-9.2518
0.59317,-13.387,-11.074
0.61037,-12.67,-10.692
0.53275,-14.141,-9.8528
0.43916,-15.7,-9.1425
-1.3672,6.0935,-0.018123
0.59384,-13.073,-9.1912
0.62744,-14.089,-8.6943
0.75337,-14.348,-9.3291
0.87736,-15.302,-9.4338
0.89731,-15.537,-8.4278
0.90765,-16.27,-8.3537
