-87.021,-88.927,56.387
-88.139,-90.434,56.308
-90.73,-94.197,55.543
-89.676,-93.178,55.997
-89.218,-92.137,56.074
-92.167,-92.167,45.613
-93.566,-91.611,46.897
-93.93,-91.555,47.5
-95.82,-90.084,50.227
-96.048,-89.861,51.043
-96.222,-89.042,52.055
-95.579,-89.789,53.146
-94.824,-89.052,54.153
-93.423,-89.216,55.034
-95.94,-88.303,48.208
-95.408,-88.491,47.532
-95.842,-87.87,47.244
-96.626,-87.339,46.997
-97.344,-87.101,47.786
-97.313,-87.255,49.048
-96.855,-87.825,49.353
-97.667,-86.944,50.058
-97.832,-86.316,51.058
-93.206,-90.845,45.998
-94.009,-90.497,46.93
-95.21,-89.884,48.533
-96.066,-89.354,49.951
-96.289,-89.166,50.838
-98.46,-83.068,51.506
-97.731,-83.732,52.135
-98.916,-85.67,49.166
-98.658,-86.224,48.36
-98.328,-86.261,49.672
-97.919,-86.706,48.752
-99.008,-84.988,50.086
-98.481,-85.648,50.613
-98.83,-84.092,50.876
-98.253,-84.786,51.461
-97.948,-86.707,46.761
-96.706,-84.62,52.882
-97.549,-85.549,52.027
-86.574,-80.437,55.234
-94.523,-88.892,46.032
-96.615,-88.448,50.627
-96.444,-88.576,49.652
-96.724,-87.932,51.776
-94.596,-85.177,54.606
-95.795,-86.021,53.697
-93.779,-86.21,55.189
-95.351,-87.086,54.003
-93.758,-87.727,55.062
-96.585,-86.997,52.741
-89.429,-85.295,56.445
-92.552,-87.394,55.707
-92.372,-88.54,55.572
-91.852,-89.989,55.479
-91.387,-87.002,56.131
-90.235,-88.95,56.031
-88.776,-90.048,56.148
-90.345,-86.302,56.384
-89.447,-87.642,56.319
-87.808,-89.112,56.254
-87.078,-81.834,55.783
-87.118,-83.237,56.107
-91.265,-92.155,44.689
-93.276,-90.292,45.384
-92.578,-91.174,45.47
-90.215,-92.917,44.379
-93.926,-89.872,46.164
-95.34,-89.13,48.158
-94.637,-89.097,46.76
-90.223,-92.003,55.738
-91.877,-91.461,55.14
-91.073,-90.294,55.634
-93.287,-90.762,54.708
-94.522,-90.19,54.096
-95.737,-90.361,52.257
-95.611,-90.772,51.345
-95.407,-90.863,50.245
-94.636,-91.136,48.636
-95.399,-90.489,49.627
-94.352,-91.646,48.365
-94.192,-92.672,48.176
-95.522,-91.19,52.355
-94.22,-91.314,53.992
-94.428,-92.061,48.783
-95.267,-91.513,50.581
-95.075,-91.405,53.203
-93.146,-93.504,54.495
-93.003,-92.75,54.51
-90.753,-92.843,55.566
-94.172,-93.093,53.911
-94.092,-92.397,53.898
-94.921,-92.605,53.224
-93.029,-91.931,54.587
-95.357,-92.139,51.676
-91.725,-92.426,55.079
-90.275,-91.081,55.774
-86.923,-88.068,56.263
-87.367,-87.568,56.265
-88.289,-84.39,56.359
-88.772,-83.691,56.254
-87.877,-82.776,56.06
-88.459,-88.528,56.232
-88.242,-86.784,56.357
-90.563,-85.238,56.314
-89.743,-84.64,56.358
-89.468,-89.516,56.074
-91.491,-85.82,56.14
-92.497,-86.156,55.809
-86.682,-86.032,56.256
-92.819,-91.694,46.019
-93.538,-92.505,47.113
-89.231,-93.519,44.182
-95.857,-89.234,49.19
-96.855,-87.507,48.378
-98.331,-86.52,47.662
-87.618,-90.928,56.559
-86.995,-89.731,56.542
-88.919,-93.833,56.16
-87.92,-94.469,56.543
-87.224,-93.221,56.999
-89.254,-96.463,55.875
-88.614,-96.088,56.066
-88.467,-97.431,55.934
-87.855,-97.14,56.11
-87.615,-98.16,55.814
-87.909,-95.824,56.403
-88.782,-94.663,56.122
-88.124,-92.717,56.537
-86.992,-91.399,56.952
-94.313,-98.065,56.173
-91.153,-94.807,55.428
-90.084,-95.011,45.974
-89.807,-94.49,45.551
-90.535,-94.521,45.653
-92.289,-92.851,46.001
-90.828,-92.988,44.995
-89.346,-94.112,45.003
-93.269,-92.901,46.838
-91.651,-93.243,45.64
-89.119,-95.756,46.093
-91.278,-95.086,46.109
-92.341,-93.88,46.17
-90.65,-95.396,46.155
-89.934,-95.929,46.127
-90.554,-98.111,46.119
-93.55,-94.844,54.788
-95.69,-94.554,49.727
-95.197,-93.644,50.097
-96.594,-95.317,50.827
-96.645,-95.299,51.33
-95.32,-96.489,47.825
-95.913,-94.282,52.28
-96.273,-94.937,52.501
-95.433,-93.667,52.724
-95.972,-94.957,53.206
-95.697,-95.152,53.824
-95.201,-95.699,54.59
-94.401,-96.247,55.17
-93.848,-96.901,55.586
-92.43,-96.41,55.592
-92.843,-95.524,55.218
-92.267,-94.05,54.938
-91.761,-97.954,46.098
-92.632,-96.751,46.812
-93.349,-96.619,47.06
-93.84,-96.38,47.166
-94.183,-95.827,47.224
-94.02,-95.201,47.133
-90.37,-96.57,46.134
-91.22,-97.559,46.119
-91.54,-96.591,46.443
-92.36,-95.709,46.588
-94.933,-94.359,48.424
-94.684,-93.494,48.8
-95.683,-94.056,50.849
-95.421,-93.314,51.172
-95.461,-93.21,51.962
-95.246,-92.511,52.476
-95.064,-93.719,53.393
-94.343,-93.866,54.069
-95.02,-97.067,55.513
-95.827,-96.678,55.029
-96.372,-96.178,54.284
-96.717,-95.981,53.679
-96.844,-95.723,52.883
-97.077,-96.697,49.51
-96.523,-97.349,48.474
-95.155,-97.292,47.741
-94.512,-97.743,47.4
-93.221,-98.549,46.461
-92.6,-97.549,46.556
-92.053,-99.121,45.947
-97.206,-95.945,52.449
-96.261,-94.838,51.777
-96.07,-97.77,48.04
-94.65,-94.644,54.267
-95.437,-98.11,47.597
-94.748,-98.496,47.08
-92.602,-99.906,45.861
-92.329,-93.047,54.801
-94.895,-93.111,49.919
-95.262,-92.39,51.122
-92.971,-94.252,46.569
-94.071,-93.624,47.643
-93.138,-97.247,55.796
-91.069,-98.856,46.025
-91.512,-99.944,46.12
-94.978,-92.362,50.259
-94.593,-92.696,49.253
-94.285,-93.429,48.014
-95.422,-94.679,48.901
-97.466,-96.474,50.633
-93.176,-93.459,46.813
-94.249,-94.429,47.524
-95.839,-95.689,48.553
-92.817,-99.252,46.051
-91.181,-95.899,46.335
-90.673,-94.2,45.47
-92.25,-94.843,46.271
-90.129,-93.633,44.914
-94.669,-95.285,47.573
-95.686,-96.259,48.135
-91.856,-94.193,45.934
-96.421,-96.748,48.626
-90.435,-97.233,55.874
-88.747,-101.28,53.609
-88.932,-101.16,54.065
-88.765,-101.47,50.15
-88.547,-99.883,54.892
-89.16,-100.35,55.023
-88.266,-99.116,55.266
-89.524,-99.86,55.493
-90.003,-99.481,55.843
-90.897,-98.971,56.117
-91.766,-98.25,56.105
-92.619,-97.836,56.022
-91.176,-96.084,55.656
-90.079,-95.714,55.714
-89.746,-98.686,46.616
-89.973,-99.314,46.733
-89.045,-99.479,48.084
-88.905,-99.998,48.636
-88.994,-97.617,46.622
-88.938,-98.57,47.366
-88.655,-98.592,55.665
-89.192,-97.782,55.895
-92.533,-98.958,56.394
-91.844,-99.706,56.441
-90.993,-100.27,56.192
-90.505,-100.7,55.882
-89.922,-100.99,55.338
-89.347,-102.57,52.251
-89.594,-102.62,50.931
-89.476,-101.61,49.755
-89.848,-101.29,49.054
-90.4,-100.69,47.461
-89.656,-99.788,47.6
-91.284,-100.51,46.34
-93.542,-98.596,56.385
-89.876,-101.52,55.048
-91.743,-97.053,55.818
-88.773,-100.53,54.432
-89.867,-102.49,50.24
-89.917,-98.244,55.945
-90.097,-102.17,49.49
-90.346,-101.84,48.641
-89.116,-95.49,55.94
-89.548,-102.49,53.441
-90.928,-100.69,46.72
-90.144,-98.423,46.318
-90.742,-99.223,46.2
-89.139,-102.29,51.208
-92.069,-100.33,45.916
-98.706,-97.587,51.254
-98.138,-96.806,51.9
-97.901,-97.575,49.85
-93.325,-100.2,45.425
-92.59,-101.33,44.764
-92.533,-100.63,45.526
-94.192,-99.747,45.849
-95.729,-99.206,46.732
-97.795,-98.244,49.138
-98.055,-96.676,52.484
-99.087,-97.463,54.051
-97.579,-96.967,54.386
-97.77,-96.743,53.748
-97.463,-97.421,55.177
-95.875,-98.534,56.57
-96.809,-97.883,55.853
-97.928,-97.762,55.648
-97.246,-98.221,56.316
-99.608,-97.737,53.696
-99.56,-97.851,52.717
-98.768,-97.423,54.542
-98.408,-97.512,55.033
-98.598,-98.771,49.559
-99.739,-98.342,51.736
-99.797,-99.051,50.734
-90.584,-103.76,54.134
-90.254,-102.8,54.696
-90.129,-103.48,52.606
-91.43,-101.65,46.097
-91.787,-101.06,45.934
-91.046,-102.14,46.964
-90.664,-103.06,48.529
-90.448,-103.83,51.743
-90.396,-102.5,55.2
-91.571,-103.18,56.716
-91.53,-101.57,56.531
-91.032,-101.87,56.137
-92.285,-101.36,57.013
-93.907,-100.04,57.194
-93.092,-100.71,57.171
-92.704,-101.73,57.501
-93.51,-101.06,57.641
-91.578,-103.84,56.544
-91.28,-104.15,55.653
-91.796,-102.72,57.014
-92.142,-102.28,57.255
-90.955,-104.58,52.27
-91.279,-104.77,54.736
-91.485,-105.37,53.682
-91.13,-101.13,46.64
-90.724,-102.06,47.874
-90.546,-103.49,49.653
-90.189,-103.07,50.39
-90.02,-103.24,51.355
-90.556,-102.02,55.62
-91.826,-100.95,56.64
-92.609,-100.35,56.819
-93.439,-99.694,56.844
-94.417,-98.928,56.683
-95.533,-98.094,56.162
-96.422,-97.447,55.467
-97.027,-97,54.796
-97.777,-96.533,53.059
-97.177,-97.793,48.817
-96.602,-98.198,48.116
-96.606,-98.885,47.504
-94.56,-99.147,46.514
-93.139,-99.599,45.928
-94.807,-104.9,41.633
-94.705,-102.05,41.911
-94.058,-101.9,41.901
-93.616,-102.46,41.449
-94.13,-104.63,41.176
-93.616,-102.99,41.103
-92.85,-103.46,41.234
-94.665,-104.05,41.219
-93.092,-103.71,41.089
-95.867,-99.521,57.721
-104.49,-109.41,61.716
-105.12,-115.49,50.47
-105.9,-114.88,53.962
-96.697,-100.02,58.904
-98.222,-104.95,42.758
-98.19,-107.46,42.369
-102.4,-99.938,50.433
-104.46,-100.02,52.949
-105.36,-100.81,53.35
-105.67,-101.3,53.237
-105.7,-102.1,52.743
-105.42,-101.88,52.863
-99.211,-108.26,43.664
-97.638,-107.11,42.723
-96.389,-107.12,42.01
-99.906,-108,44.215
-105.33,-112.29,46.727
-104.44,-111.96,46.013
-104.61,-109.85,45.753
-105.66,-110.68,46.695
-106.18,-113.84,48.873
-106.43,-112.76,48.16
-106.8,-112.98,48.893
-106.83,-111.72,48.267
-107.58,-110.96,49.581
-103.96,-105.47,46.837
-103.8,-106.13,46.279
-102.84,-105.62,45.422
-96.83,-102.51,42.847
-98.185,-103.65,43.009
-101.71,-104.56,44.886
-102.19,-102.65,47.218
-103.31,-103.65,47.578
-103.4,-104.56,46.72
-102.35,-103.59,46.305
-99.204,-102.59,44.184
-95.666,-100.36,44.219
-94.748,-100.82,43.524
-98.565,-105.42,43.03
-99.279,-104.57,43.413
-99.535,-103.93,43.704
-92.821,-102.83,41.697
-98.014,-104.33,42.692
-98.217,-101.47,44.216
-95.524,-102.27,42.246
-96.556,-101.71,43.046
-95.428,-101.39,42.732
-95.069,-101.11,42.968
-94.843,-103.3,41.429
-96.686,-101.08,43.599
-98.875,-100.67,45.434
-93.801,-100.74,44.35
-93.294,-100.82,44.665
-94.663,-100.18,45.142
-95.864,-99.664,46.087
-93.278,-101.65,42.903
-93.836,-101.46,42.698
-97.667,-98.78,48.508
-97.979,-99.232,48.157
-96.462,-106.3,41.773
-96.741,-105.64,41.99
-95.111,-105.73,41.404
-97.473,-104.65,42.519
-95.919,-105.13,41.725
-95.154,-105.21,41.622
-95.696,-103.51,42.052
-95.288,-104.32,41.736
-97.385,-105.65,42.351
-101.39,-110.47,44.299
-101.61,-106.14,44.376
-105.04,-102.99,52.167
-103.48,-102.08,50.546
-106.37,-103.71,54.515
-105.33,-101.93,55.596
-106.38,-104.81,52.499
-107.48,-106.21,53.126
-108.33,-107.9,54.041
-108.33,-108.45,52.986
-107.29,-107.03,51.371
-106.5,-103.29,56.702
-105.54,-104.34,51.389
-100.08,-101.99,61.441
-98.907,-101.06,60.552
-97.871,-100.35,59.609
-104.76,-102.26,52.67
-107.03,-109.32,59.639
-106.17,-107.7,60.831
-105.46,-106.62,61.288
-108.04,-112.35,53.117
-108.12,-111.71,54.654
-107.84,-109.4,58.141
-107.53,-108.51,59.081
-106.71,-106.96,60.265
-106.09,-105.94,60.641
-108.42,-110.95,53.781
-108.29,-108.96,56.93
-107.89,-107.67,58.5
-107.1,-106.24,59.563
-106.54,-105.25,59.949
-108.58,-109.6,53.301
-108.41,-107.78,56.254
-108.11,-106.82,57.447
-107.23,-105.23,58.675
-106.51,-104.12,59.133
-108.03,-106.39,56.192
-107.65,-105.38,57.277
-107.05,-104.32,57.914
-106.52,-103.57,58.274
-105.73,-102.2,56.932
-105.65,-102.41,58.405
-105.3,-102.52,59.289
-104.99,-103.03,60.223
-105.92,-104.32,60.176
-104.13,-103.24,60.989
-105.39,-104.86,60.918
-103.4,-103.82,61.793
-104.64,-105.52,61.621
-102.36,-101.59,49.574
-100,-99.891,49.968
-102.12,-99.302,54.184
-103.6,-100.32,55.009
-103.61,-100.6,54.021
-102.26,-99.834,52.512
-104.62,-101.16,55.52
-101.36,-99.125,52.713
-100.67,-98.453,53.419
-100.92,-101.4,60.875
-99.703,-100.49,59.988
-98.614,-99.804,59.082
-97.704,-99.297,58.28
-96.559,-98.769,56.958
-102.82,-101.87,60.766
-101.71,-100.9,60.158
-100.5,-100,59.316
-99.381,-99.288,58.437
-98.459,-98.8,57.676
-103.44,-101.48,59.97
-102.36,-100.53,59.406
-101.19,-99.61,58.623
-100.09,-98.876,57.734
-99.05,-98.31,56.914
-104.06,-101.23,59.141
-102.9,-100.25,58.607
-101.75,-99.365,57.838
-100.65,-98.663,57.041
-99.576,-98.1,56.3
-104.45,-101.1,58.294
-103.28,-100.1,57.805
-102.11,-99.256,57.107
-100.44,-98.245,56.006
-104.81,-101.15,56.742
-103.19,-99.798,56.067
-101.13,-98.514,54.799
-98.996,-99.479,49.13
-98.593,-99.76,46.605
-98.298,-99.415,47.339
-99.654,-99.885,48.601
-108.45,-109.93,52.172
-106.71,-113.89,50.152
-107.09,-113.15,49.851
-107.5,-111.84,49.596
-107.55,-110.23,49.54
-107.84,-108.98,50.747
-104.35,-103.57,49.981
-103.91,-104.3,47.897
-105.57,-106.35,48.721
-104.7,-105.29,48.255
-105.03,-106.41,47.646
-108.05,-109.95,50.856
-107.99,-111.03,50.723
-107.94,-111.79,50.91
-107.53,-112.53,50.235
-107.43,-113.12,51.023
-106.99,-113.77,50.991
-108.39,-111.27,52.575
-106.29,-109.76,47.488
-99.077,-101.42,44.954
-99.544,-103.33,43.989
-97.064,-99.756,45.545
-97.873,-99.554,46.282
-96.619,-99.397,46.757
-97.313,-99.256,47.425
-101.7,-99.695,51.847
-101.47,-100.04,51.027
-103.59,-100.97,52.916
-101.36,-100.83,49.522
-105,-108.28,46.461
-101.61,-105.49,44.429
-103.6,-109.04,44.732
-96.094,-105.9,42.116
-96.275,-106.86,41.764
-96.911,-104.45,42.429
-103.2,-101.61,50.525
-102.7,-101.29,51.385
-103.57,-101.25,50.919
-103.34,-101.47,51.258
-101.61,-99.974,49.861
-101.5,-99.713,50.253
-101.75,-100.25,49.739
-101.46,-100.4,50.233
-102.89,-100.26,50.658
-103.47,-100.05,51.586
-104.02,-101.54,51.856
-105.7,-101.96,52.287
-105.97,-101.53,52.88
-105.67,-100.9,53.087
-104.66,-102.55,51.982
-104.58,-101.89,53.096
-102.94,-100.54,52.38
-104.76,-101.49,52.223
-103.85,-102.04,51.213
-101.35,-100.19,49.927
-105.69,-102.39,52.959
-103.38,-101.07,50.966
-102.59,-100.64,50.452
-104.26,-100.58,53.044
-103.36,-100.04,52.092
-103.64,-100.35,52.483
-104.27,-100.95,53.013
-105.03,-101.39,53.324
-105.28,-102.25,52.812
-104.89,-102.57,51.981
-104.09,-99.871,53.14
-105.06,-100.13,53.361
-103.9,-99.819,52.124
-104.5,-100.55,52.458
-103.97,-100.63,52.47
-105.13,-100.16,53.138
-104.74,-100.54,52.584
-105.29,-101.18,53.725
-105.55,-101.09,53.747
-106.02,-101.62,53.324
-105.05,-101.31,52.663
-104.3,-101.46,52.472
-105.94,-102.27,52.619
-105.37,-102.49,52.013
-104.2,-102.11,51.511
-104.89,-102.18,51.64
-103.65,-100.9,52.125
-103.83,-101.51,51.648
-102.82,-100.93,50.466
-102.49,-100.62,50.166
-102.69,-100.78,51.14
-102.6,-99.151,51.128
-102.92,-99.61,51.89
-102.99,-99.37,52.026
-102.32,-99.966,51.169
-103.5,-99.423,51.987
-103.08,-100.55,51.744
-103.62,-100.43,52.221
-103.01,-99.118,51.778
-103.87,-99.341,52.391
-102.27,-105.71,44.825
-103.86,-108.25,44.982
-104.12,-107.73,45.431
-103.44,-106.83,45.57
-103.13,-106.35,45.604
-102.93,-106.81,45.452
-102.04,-107.54,44.788
-102.2,-106.77,44.959
-103.03,-108.76,44.585
-102.39,-107.42,45.025
-103.07,-108,44.798
-102.33,-107.45,45.225
-102.18,-108.09,44.82
-101.44,-108.96,44.855
-102.2,-108.68,44.814
-102.45,-109.11,44.545
-100.15,-108.76,45.729
-101.5,-109.24,44.897
-100.59,-109,45.324
-100.38,-108.86,45.281
-99.918,-109.02,44.991
-100.1,-108.66,44.985
-100.61,-107.99,44.633
-101.13,-108,44.567
-96.105,-105.92,42.173
-96.787,-105.14,42.702
-97.077,-104.72,43.104
-96.997,-104.73,42.612
-98.323,-107.2,43.182
-102.04,-102.38,61.491
-107.45,-110.54,58.258
-107.65,-111.95,56.146
-107.63,-112.74,54.578
-107.32,-113.51,52.875
-105.95,-112.8,47.573
-103.52,-111.21,45.311
-102.97,-110.03,44.469
-98.936,-109.49,43.332
-98.347,-107.81,42.45
-98.52,-108.06,43.149
-98.026,-108.98,41.782
-97.782,-109.26,41.563
-97.204,-109.15,41.479
-101.86,-110.59,44.243
-102.33,-110.96,44.466
-97.438,-108.23,41.881
-97.133,-108.05,42.366
-100.16,-112.96,45.332
-101.81,-112.67,45.483
-101.06,-113.22,45.73
-104.23,-114.6,47.702
-104.54,-114.9,48.311
-105.25,-114.84,49.026
-97.744,-108.29,41.822
-99.452,-110.2,44.066
-103.54,-112.62,45.929
-104.62,-112.99,46.629
-102.83,-111.95,45.344
-105.47,-113.79,47.881
-105.14,-113.35,47.216
-103.85,-106.27,62.18
-102.52,-104.52,62.38
-101.16,-103.01,62.065
-106.94,-113.52,55.067
-106.88,-112.86,56.591
-106.59,-111.45,58.847
-106.18,-110.17,60.162
-105.24,-110.93,60.575
-105.4,-108.58,61.302
-104.69,-107.45,61.828
-106,-114.76,50.332
-106.29,-114.66,51.298
-106.79,-114.1,53.598
-100.92,-111.8,44.721
-99.948,-110.39,44.582
-99.878,-110.93,44.588
-97.389,-108.24,42.03
-97.55,-107.62,42.426
-100.34,-111.23,44.624
-98.596,-109.78,42.9
-99.3,-102.56,61.782
-97.298,-100.8,59.91
-92.404,-102.38,42.82
-95.165,-99.25,57.143
-105.72,-115.2,52.773
-98.234,-101.57,60.887
-101.67,-105.21,62.766
-100.33,-103.61,62.422
-106,-113.58,57.055
-106.01,-114.34,55.452
-103.8,-108.27,62.223
-106.82,-110.42,48.112
-106.91,-108.12,49.307
-105.54,-107.4,47.681
-102.06,-104.2,45.416
-104.64,-106.65,46.845
-102.76,-105.01,45.578
-99.347,-108.75,43.927
-99.707,-109.49,44.724
-98.639,-109.03,42.901
-98.905,-100.25,46.003
-106.1,-106.65,49.467
-107.27,-105.01,54.831
-108.22,-107.19,55.116
-108.54,-108.58,55.131
-108.41,-109.91,55.581
-108.03,-110.31,56.938
-107.58,-111.16,57.392
-106.73,-111.98,58.086
-105.85,-112.69,58.526
-100.78,-99.215,51.608
-100.64,-100.22,50.19
-108.11,-111.04,55.834
-106.45,-104.23,53.641
-108.1,-108.25,57.852
-107.27,-109.95,58.978
-106.39,-110.84,59.555
-105.49,-111.54,59.975
-107.7,-105.99,58.199
-107.58,-107.05,59.048
-107.2,-107.83,59.689
-106.69,-108.62,60.24
-105.88,-109.49,60.718
-108.21,-108.9,51.868
-107.81,-112.74,52.145
-108.25,-111.49,51.901
-106.63,-114.37,52.651
-105.42,-115.43,51.428
-107.96,-107.21,53.117
-107.7,-107.93,51.254
-106.7,-103.55,57.371
-101.21,-98.554,55.715
-102.37,-99.279,56.471
-103.43,-100.04,57.047
-104.65,-101.08,57.501
-105.59,-102.1,57.63
-107.3,-104.65,56.515
-107.71,-105.79,55.158
-104.7,-103.93,61.013
-103.95,-104.55,61.774
-103.1,-105.28,62.385
-102.26,-105.98,62.775
-104.09,-102.1,60.132
-103.47,-102.52,60.92
-102.74,-103.09,61.691
-101.89,-103.79,62.275
-101.05,-104.46,62.65
-94.033,-102.62,41.317
-93.143,-102.31,41.956
-94.064,-103.71,40.979
-98.179,-108.51,42.138
-97.866,-107.36,42.321
-100.48,-106.75,43.97
-101.25,-104.75,44.479
-105.91,-108.54,47.448
-105.56,-111.68,46.68
-104.03,-110.47,45.382
-104.82,-108.84,46.105
-100.4,-100.42,48.456
-96.445,-100.49,44.106
-97.824,-100.02,45.322
-97.936,-100.51,44.804
-100.33,-101.41,46.491
-100.52,-100.74,47.835
-107.38,-109.09,49.542
-106.75,-108.68,48.588
-101.77,-101.72,48.081
-103.1,-102.66,48.835
-100.07,-109.81,44.962
-96.559,-104.11,42.28
-97.129,-107.53,42.47
-97.55,-106.31,42.486
-94.408,-105.71,41.803
-99.178,-107.75,43.584
-106.33,-111.14,47.4
-106.16,-111.97,47.388
-95.281,-106.57,41.959
-96.402,-105.49,42.032
-95.78,-105.85,41.652
-95.351,-106.47,42.412
-103.93,-101.11,52.384
-103.25,-101.44,51.42
-103.67,-101.64,51.303
-105.15,-102.2,52.151
-104.89,-102.16,52.128
-102.44,-101.53,51.408
-102.91,-101.05,51.511
-102.7,-101.09,50.832
-103.14,-100.49,50.984
-103.32,-100.95,51.941
-104.65,-100.4,53.553
-105.71,-101.9,53.465
-105.37,-102.65,52.405
-101.94,-100.99,49.842
-105.05,-101.95,51.945
-104.64,-99.895,52.888
-104.1,-99.539,52.862
-103.83,-99.962,52.954
-103.89,-100.01,52.068
-102.04,-99.314,50.905
-101.69,-99.647,50.746
-102.11,-100.31,51.178
-101.37,-100.05,50.332
-105.83,-101.6,52.743
-105.89,-101.08,53.417
-105.24,-101.01,52.978
-104.73,-101.75,53.016
-101.36,-100.47,49.951
-101.26,-107.22,44.532
-100.46,-108.59,45.479
-101.2,-108.87,45.242
-100.52,-110.46,44.612
-102.57,-108.11,44.859
-101.99,-108.33,45.038
-97.259,-108.49,41.611
-96.77,-107.86,42.365
-103.83,-113.64,46.674
-102.62,-113.42,46.08
-101.27,-110.92,44.328
-101.88,-111.31,44.478
-106.86,-109.52,48.322
-101.43,-107.54,45.788
-101.84,-107.39,45.761
-101.12,-107.71,45.849
-100.86,-107.84,45.944
-100.42,-108.28,46.143
-100.08,-108.55,46.201
-100.23,-108.54,46.164
-100.57,-108.58,46.314
-100.83,-108.7,46.264
-100.77,-108.58,46.188
-101.32,-108.61,46.342
-101.75,-108.43,46.273
-102.26,-107.99,46.092
-102.3,-107.82,45.947
-102.44,-107.65,45.802
-102.31,-107.66,45.865
-102.26,-107.46,45.706
-102.25,-107.38,45.77
-101.07,-108.04,44.777
-101.61,-108.83,45.252
-102.36,-108.05,45.167
-101.05,-108.95,45.411
-97.87,-108.43,42.383
-97.395,-108.71,42.495
-97.069,-108.37,42.115
-97.265,-108.32,43.246
-97.126,-108.24,42.864
-97.229,-108.02,43.217
-97.85,-107.88,43.854
-97.663,-107.6,43.107
-97.522,-108.21,43.623
-97.938,-107.91,43.319
-102.28,-108.2,45.539
-97.78,-107.88,42.491
-96.205,-107.18,43.218
-96.715,-106.24,42.764
-97.149,-106.32,43.151
-97.601,-105.61,43.24
-97.566,-105.02,43.354
-96.493,-104.28,43.035
-96.079,-104.66,42.574
-95.565,-104.85,42.522
-95.671,-105.3,42.417
-95.835,-106.95,42.838
-96.711,-106.8,43.102
-96.232,-106.63,42.748
-94.95,-105.3,42.506
-94.882,-105.95,42.498
-97.122,-104.02,43.675
-97.899,-104.81,43.913
-98.223,-104.32,44.897
-97.266,-103.55,44.317
-98.104,-103.69,45.536
-94.663,-103.06,45.077
-94.999,-102.89,44.94
-95.325,-102.86,44.858
-96.051,-102.79,45.359
-96.938,-103.11,44.86
-96.583,-102.79,45.898
-98.404,-105.12,46.259
-98.498,-104.56,46.091
-98.147,-105.52,46.818
-97.998,-105.94,46.474
-97.516,-106.71,45.504
-97.967,-106.12,45.384
-97.44,-106.73,44.21
-96.81,-107.35,44.488
-97.989,-105.35,47.274
-97.77,-105.95,47.072
-97.218,-105.99,47.663
-98.287,-104.79,46.951
-98.369,-104.25,46.662
-98.105,-103.71,46.604
-98.367,-104.05,45.782
-97.855,-103.43,46.378
-97.537,-103.21,45.835
-95.567,-102.45,46.135
-95.188,-102.55,46.169
-97.274,-106.69,46.697
-98.297,-105.32,45.241
-98.354,-104.84,45.085
-96.586,-103.36,44.246
-95.412,-103.23,44.144
-94.913,-103.28,44.124
-94.387,-103.58,44.201
-97.99,-105.47,44.032
-95.606,-103.96,43.255
-95.137,-104.09,43.005
-94.477,-104.33,43.068
-96.089,-105.95,42.36
-96.796,-104.76,42.767
-96.278,-105.46,42.473
-97.052,-107.11,45.798
-94.741,-102.91,46.747
-95.841,-102.25,46.699
-98.081,-104.03,47.042
-97.868,-104.41,47.493
-97.272,-105.3,47.966
-96.543,-105.86,48.243
-94.56,-102.78,47.166
-95.203,-102.13,46.726
-95.699,-102.1,47.13
-97.405,-103.39,47.109
-96.961,-104.62,48.278
-96.124,-102.43,47.673
-96.877,-103.54,48.066
-96.496,-103.96,48.506
-94.213,-102.6,47.343
-95.015,-101.83,46.901
-95.874,-102.5,48.152
-95.486,-102.97,48.585
-93.83,-102.17,47.194
-94.316,-101.83,47.007
-94.689,-101.6,46.806
-94.79,-101.46,47.017
-94.794,-101.33,47.384
-94.705,-101.22,47.724
-94.521,-101.24,47.964
-94.155,-101.44,48.182
-93.833,-101.66,48.293
-100.62,-102.37,45.665
-102.59,-101.67,51.597
-102.77,-101.65,51.279
-93.538,-105.78,42.151
-91.357,-104.67,43.225
-91.353,-103.96,42.86
-91.842,-103.32,42.404
-92.647,-105.37,42.01
-92.122,-104.59,41.74
-92.085,-103.97,41.617
-91.649,-104.03,42.198
-93.381,-104.42,41.111
-93.349,-105.29,41.526
-92.792,-104.78,41.378
-93.703,-108.39,44.36
-95.789,-109.29,43.22
-91.699,-108.08,54.23
-92.459,-109.14,57.205
-93.178,-110.07,57.669
-93.518,-110.54,57.545
-94.013,-110.99,56.889
-93.924,-110.62,56.939
-96.861,-110.05,44.497
-95.723,-108.57,43.402
-96.743,-110.41,45.336
-100.68,-115.84,48.378
-100.23,-115.16,47.506
-98.217,-114.71,48.02
-99.163,-115.62,49.001
-102.8,-116.41,50.072
-101.5,-116.52,49.91
-101.93,-116.68,50.62
-100.54,-116.5,50.498
-100.28,-116.51,52.168
-94.87,-112.38,50.06
-95.253,-112.63,49.31
-94.611,-111.88,48.339
-92.886,-105.85,42.701
-91.802,-106.33,44.63
-92.651,-107.85,44.971
-93.637,-110.7,47.75
-92.823,-109.77,50.538
-93.668,-110.99,50.998
-94.108,-111.63,50.016
-93.253,-110.51,49.531
-92.02,-108.05,46.732
-90.658,-104.17,45.995
-90.936,-103.71,44.876
-94.177,-108.76,44.586
-93.454,-109,45.478
-92.96,-108.93,46.035
-93.156,-108.02,44.414
-91.207,-106.8,46.702
-91.948,-105.48,43.338
-91.224,-105.77,44.937
-91.001,-104.76,44.302
-90.916,-104.27,44.441
-92.144,-105.05,42.242
-90.862,-105.5,45.664
-90.883,-106.75,48.268
-91.494,-102.33,45.289
-90.855,-103.33,47.354
-91.289,-103.46,43.558
-91.427,-103.04,43.937
-91.93,-101.78,45.136
-90.687,-104.09,50.983
-90.889,-104.62,50.671
-95.425,-107.55,42.048
-94.256,-107.53,42.871
-95.186,-108.02,42.806
-94.253,-106.38,41.792
-93.811,-106.15,42.192
-93.468,-107.7,43.939
-93.378,-106.43,42.798
-94.3,-107.99,43.445
-98.68,-112.66,45.273
-94.847,-111.27,46.772
-98.109,-113.8,46.314
-94.683,-110.86,55.839
-93.468,-109.69,54.096
-96.074,-111.54,58.168
-95.121,-109.69,59.216
-96.216,-112.54,56.102
-97.534,-113.77,56.653
-99.274,-114.78,57.252
-99.333,-115.29,56.176
-97.573,-114.42,54.816
-96.584,-110.82,60.216
-95.476,-111.99,54.96
-98.513,-103.18,61.997
-97.517,-102.11,61.045
-96.671,-101.26,60.034
-95.986,-100.59,59.118
-95.137,-99.89,57.697
-94.295,-110.22,56.381
-103.1,-112.31,61.035
-102.3,-110.65,62.204
-101.65,-109.52,62.639
-102.92,-116.25,54.932
-102.97,-115.62,56.48
-102.41,-113.53,60.069
-102.06,-112.67,61.02
-101.31,-111.07,62.182
-100.66,-110.07,62.566
-101.88,-115.93,56.103
-101.43,-114.18,59.364
-101,-112.9,60.942
-100.3,-111.41,61.973
-99.686,-110.46,62.378
-100.44,-115.79,56.187
-100.08,-114.12,59.208
-99.765,-113.16,60.407
-99.015,-111.48,61.589
-98.337,-110.33,62.03
-98.881,-113.35,59.436
-98.493,-112.34,60.523
-97.915,-111.26,61.153
-97.49,-110.44,61.477
-95.849,-109.72,60.435
-96.663,-109.25,61.592
-97.185,-108.69,62.168
-98.079,-108.28,62.674
-99.055,-109.54,62.611
-98.735,-107.34,62.904
-99.936,-109,62.85
-99.717,-106.62,63.099
-100.94,-108.33,62.934
-92.822,-108.84,52.955
-91.88,-106.07,52.849
-92.741,-106.44,57.51
-93.736,-107.82,58.507
-93.575,-108.23,57.579
-92.495,-107.26,55.976
-94.523,-108.84,59.103
-92.103,-106.16,55.996
-91.917,-105.11,56.523
-97.609,-103.92,62.049
-96.634,-102.82,61.076
-95.837,-101.92,60.067
-95.209,-101.2,59.165
-94.386,-100.42,57.728
-97.655,-105.8,62.596
-96.727,-104.69,61.923
-95.786,-103.59,60.986
-94.975,-102.64,60
-94.383,-101.9,59.122
-96.859,-106.48,62.304
-95.973,-105.39,61.671
-95.025,-104.3,60.811
-94.191,-103.36,59.827
-93.526,-102.51,58.873
-96.186,-107.22,61.934
-95.291,-106.03,61.305
-94.383,-104.96,60.449
-93.616,-104.01,59.535
-92.991,-103.11,58.635
-95.649,-107.79,61.416
-94.759,-106.58,60.826
-93.918,-105.49,60.013
-92.848,-104.02,58.697
-94.993,-108.62,60.222
-93.781,-106.96,59.405
-92.466,-105.1,57.872
-91.339,-105.3,51.845
-90.609,-105.83,49.437
-90.657,-105.23,50.049
-91.367,-106.19,51.54
-100.29,-116.14,55.064
-103.29,-116.49,51.365
-102.44,-116.69,51.501
-101.09,-116.72,51.868
-99.616,-116.26,52.352
-98.951,-115.74,53.899
-94.412,-111.13,53.507
-94.271,-111.62,51.314
-96.159,-113.51,52.058
-95.172,-112.54,51.633
-95.86,-113.38,50.897
-99.829,-116.21,53.773
-100.75,-116.54,53.292
-101.51,-116.68,53.191
-101.96,-116.76,52.209
-102.84,-116.61,52.65
-103.48,-116.44,52.237
-101.66,-116.38,54.962
-98.56,-115.63,50.229
-91.319,-107.32,47.705
-92.545,-108.66,46.471
-90.429,-104.8,47.898
-90.415,-105.23,48.927
-90.69,-103.91,48.859
-90.722,-104.27,49.762
-92.192,-106.92,55.219
-92.199,-107.09,54.315
-93.451,-108.68,56.51
-92.296,-107.72,52.737
-97.042,-114.34,49.283
-94.296,-111.05,47.022
-98.513,-113.39,45.717
-97.242,-113.87,46.985
-94.878,-107.04,42.3
-95.006,-107.59,42.247
-95.629,-107.05,41.778
-95.371,-106.34,41.761
-93.346,-107.16,43.693
-94.462,-106.87,42.152
-94.784,-106.54,41.761
-93.875,-106.73,42.37
-93.09,-109.29,54.109
-93.249,-108.47,54.735
-92.865,-109.39,54.715
-93.25,-109.15,54.836
-91.63,-107.57,53.401
-91.58,-107.25,53.769
-91.805,-107.81,53.264
-92.194,-107.45,53.517
-91.995,-108.55,54.522
-92.095,-108.7,55.619
-93.438,-109.58,55.607
-93.701,-111.08,56.542
-93.516,-111,57.298
-93.092,-110.46,57.548
-94.281,-110.44,55.664
-94.167,-109.81,56.79
-92.949,-108.13,55.923
-93.423,-110.11,56.243
-93.647,-109.8,54.831
-91.898,-107.38,53.278
-94.364,-111,56.976
-92.757,-109.14,54.733
-92.298,-108.47,54.103
-93.039,-109.11,57.022
-92.315,-108.44,56.007
-92.709,-108.67,56.359
-93.355,-109.25,56.882
-93.744,-109.98,57.326
-94.254,-110.63,56.721
-94.262,-110.66,55.751
-92.472,-108.71,57.26
-92.624,-109.58,57.77
-92.035,-108.84,56.333
-92.724,-109.5,56.633
-92.892,-109.05,56.398
-92.546,-109.73,57.601
-92.723,-109.68,56.846
-93.672,-110.01,57.844
-93.555,-110.21,58.001
-93.778,-110.93,57.664
-93.394,-110.18,56.796
-93.58,-109.61,56.273
-94.074,-111.29,56.826
-94.114,-111.05,56.006
-93.776,-110.04,55.209
-93.768,-110.63,55.582
-93.045,-108.96,55.885
-93.364,-109.47,55.359
-92.522,-108.76,54.118
-92.182,-108.46,53.82
-92.692,-108.38,54.685
-91.252,-107.78,55.151
-91.923,-107.97,55.788
-91.753,-107.91,56.011
-92.044,-107.78,54.813
-91.694,-108.4,56.174
-92.669,-108.46,55.436
-92.668,-108.76,56.106
-91.42,-107.93,55.889
-91.725,-108.58,56.698
-94.541,-111.59,47.566
-96.597,-113.77,47.557
-96.276,-113.7,48.212
-95.648,-112.76,48.332
-95.287,-112.31,48.384
-95.664,-112.33,48.029
-96.195,-111.98,46.86
-95.549,-111.83,47.319
-97.033,-113.32,46.711
-96.13,-112.18,47.244
-96.433,-113.05,47.152
-96.244,-112.08,47.384
-96.678,-112.27,46.771
-97.6,-111.89,46.218
-97.195,-112.48,46.589
-97.425,-112.93,46.327
-98.003,-110.39,46.491
-97.852,-112.01,46.19
-97.976,-110.99,46.252
-97.869,-110.77,46.17
-97.97,-110.5,45.682
-97.617,-110.55,45.866
-96.785,-110.9,45.989
-96.677,-111.39,46.145
-94.77,-106.9,42.781
-94.664,-107.01,42.666
-94.101,-107.18,43.654
-93.841,-107.18,44.252
-93.656,-107.27,43.796
-94.302,-106.93,43.219
-95.276,-106.33,42.534
-95.402,-106.44,42.414
-95.873,-109.07,44.051
-98.538,-105.04,62.734
-103.54,-113.52,59.645
-103.89,-114.82,57.481
-103.94,-115.54,55.884
-103.97,-116.05,54.061
-101.53,-116.28,49.197
-97.868,-110.3,43.711
-96.108,-109.51,43.244
-96.587,-109.53,43.835
-96.945,-109.78,41.964
-97.233,-109.76,41.787
-96.457,-108.91,42.312
-96.599,-108.46,42.036
-101.89,-113.76,46.182
-103.27,-115.8,48.805
-104.08,-115.76,49.457
-99.03,-110.9,44.543
-98.733,-110.79,44.708
-101.38,-115.45,47.778
-102.65,-114.54,47
-100.21,-113.93,46.284
-102.89,-115.39,47.992
-101.86,-115.85,48.385
-101.99,-107.68,62.84
-100.74,-105.87,63.012
-99.494,-104.28,62.658
-104.97,-115.02,55.767
-105.02,-114.28,57.251
-104.74,-112.85,59.503
-104.22,-111.66,60.856
-103.41,-110.09,62.008
-102.75,-108.92,62.514
-104.26,-116.08,50.952
-104.52,-116.01,51.926
-104.89,-115.54,54.272
-99.255,-113.38,45.528
-96.473,-108.54,42.635
-96.063,-108.75,42.953
-99.322,-111.41,44.908
-99.325,-116.12,50.769
-97.748,-115.08,52.554
-96.666,-114.15,50.829
-93.474,-110.73,48.46
-95.812,-113.37,49.974
-94.138,-111.56,48.636
-97.383,-110.24,44.624
-98.32,-110.55,45.216
-97.334,-110.02,43.363
-90.742,-106.46,48.897
-96.643,-113.84,52.821
-96.157,-112.05,57.292
-97.207,-112.66,58.399
-99.109,-114.11,58.346
-100.3,-114.85,58.052
-101.69,-115.01,57.962
-102.68,-114.38,58.834
-103.71,-114.1,58.764
-104.88,-113.38,58.741
-91.824,-106.03,54.785
-92.158,-106.67,53.196
-102.87,-115.03,57.692
-101.21,-113.49,60.295
-103.35,-112.94,60.371
-104.53,-112.25,60.215
-99.414,-112.3,61.139
-100.74,-112.25,61.473
-101.76,-111.96,61.616
-102.78,-111.59,61.628
-103.9,-110.99,61.421
-99.29,-115.68,55.03
-102.9,-116.47,53.885
-101.61,-116.55,54.259
-104.77,-115.79,53.313
-98.34,-114.52,56.527
-98.253,-115.12,54.604
-97.064,-110.88,60.788
-92.869,-104.9,58.672
-93.63,-105.92,59.568
-94.365,-106.94,60.263
-95.267,-108.21,60.827
-96.068,-109.34,61.006
-97.586,-112.04,59.96
-97.962,-113.2,58.613
-99.27,-108.06,62.938
-100.27,-107.35,63.081
-101.32,-106.64,63.019
-97.375,-107.21,62.514
-98.185,-106.54,62.793
-99.141,-105.83,62.968
-100.15,-105.11,62.89
-94.116,-105.47,41.825
-96.627,-109.69,42.689
-96.113,-109.19,42.571
-95.736,-108.98,43.076
-95.418,-110.59,45.765
-93.714,-110.48,47.15
-91.15,-102.82,45.967
-91.895,-102.62,43.458
-97.526,-114.91,50.42
-100.06,-115.86,48.63
-99.486,-114.29,46.71
-98.715,-114.51,47.265
-97.422,-114.47,48.729
-91.659,-107.07,51.554
-90.593,-104.94,46.181
-90.436,-105.63,47.942
-90.646,-106.06,47.389
-91.732,-107.95,49.54
-91.665,-107.48,50.975
-98.635,-115.75,52.644
-97.976,-115.35,51.7
-92.424,-108.83,51.395
-93.337,-110.08,52.298
-98.638,-110.9,45.469
-98.981,-111.3,45.126
-93.043,-106.78,43.527
-95.727,-107.82,42.393
-96.384,-109.88,44.574
-99.753,-116.15,49.733
-100.52,-116.26,49.39
-102.3,-116.03,48.808
-94.198,-107.16,42.814
-93.289,-109.2,56.156
-93.301,-109.01,54.949
-93.358,-109.48,54.96
-93.954,-110.71,56.12
-93.955,-110.48,56.006
-93.517,-108.32,54.573
-93.054,-108.55,55.006
-92.844,-108.59,54.328
-92.294,-108.74,54.828
-93.07,-108.75,55.578
-93.018,-109.25,57.678
-94.134,-110.7,57.571
-94.42,-110.97,56.288
-92.468,-108.19,53.202
-93.664,-110.61,55.984
-92.292,-109.29,57.268
-92.059,-108.69,57.131
-92.521,-108.56,56.963
-92.184,-108.91,56.218
-91.401,-107.41,54.679
-91.692,-107.25,54.292
-92.391,-107.7,54.624
-91.937,-107.22,53.675
-93.548,-110.94,57.099
-93.355,-110.62,57.863
-93.218,-110.15,57.241
-93.984,-109.92,56.827
-92.158,-107.47,53.213
-95.942,-111.27,46.418
-97.697,-110.69,46.459
-97.72,-111.51,46.475
-98.907,-111.72,45.22
-96.639,-112.62,46.963
-97.018,-112.12,46.803
-96.916,-108.7,41.645
-96.58,-109.11,41.854
-99.358,-110.66,44.244
-96.45,-108.19,42.439
-98.555,-110.43,43.512
-101.26,-114.57,46.816
-98.598,-115.8,51.251
-96.716,-111.13,47.461
-96.507,-111.45,47.651
-96.945,-110.88,47.332
-97.156,-110.66,47.257
-97.703,-110.35,47.107
-98.031,-110.11,46.928
-97.978,-110.25,46.962
-98.017,-110.53,47.22
-98.056,-110.81,47.248
-97.926,-110.74,47.196
-97.922,-111.19,47.545
-97.662,-111.54,47.721
-97.1,-111.91,47.921
-96.886,-111.94,47.866
-96.652,-112.05,47.853
-96.703,-111.92,47.854
-96.466,-111.86,47.76
-96.429,-111.81,47.833
-96.809,-111.28,46.287
-97.615,-111.87,46.669
-96.75,-112.31,47.156
-97.886,-111.35,46.532
-96.715,-109.31,42.794
-97.108,-108.95,42.597
-96.687,-108.66,42.25
-97.082,-108.46,43.311
-96.874,-108.43,42.954
-96.809,-108.34,43.366
-96.31,-108.63,43.587
-97.104,-108.68,43.2
-96.889,-108.62,44.234
-96.628,-108.9,43.787
-97.057,-112.17,47.39
-96.283,-109.02,43.022
-95.115,-107.45,43.331
-95.278,-107.74,43.814
-94.597,-107.89,44.306
-94.128,-107.63,44.573
-93.521,-106.54,44.088
-93.721,-106.4,43.435
-93.951,-106.59,43.241
-93.979,-106.06,43.084
-95.732,-107.54,43.469
-95.437,-107.25,43.063
-94.497,-105.65,42.663
-93.447,-106.81,44.978
-94.115,-107.69,45.255
-94.035,-107.51,46.382
-93.266,-106.59,45.736
-93.754,-107,47.078
-93.898,-103.63,45.508
-93.368,-104.08,45.485
-93.521,-103.82,46.745
-93.22,-104.47,45.605
-93.235,-104.93,46.358
-93.162,-105.98,46.199
-93.37,-105.24,47.038
-95.282,-107.49,47.366
-94.692,-107.45,47.441
-95.986,-107.29,47.445
-96.443,-107.5,45.919
-95.881,-107.7,46.123
-96.031,-107.8,44.709
-96.385,-106.64,47.921
-96.488,-106.93,47.521
-95.543,-107.02,48.029
-94.674,-107.06,47.973
-94.218,-106.67,47.982
-94.136,-107.27,47.282
-93.918,-106.42,47.775
-93.549,-106.24,47.249
-93.343,-104.15,46.923
-94.279,-103.33,46.855
-96.474,-107.21,46.973
-95.058,-107.79,46.389
-94.549,-107.73,46.434
-93.185,-105.94,45.452
-93.235,-104.89,44.916
-93.354,-104.46,44.677
-93.708,-104.09,44.45
-94.735,-107.94,45.186
-93.483,-105.58,44.008
-93.574,-105.28,43.56
-93.944,-104.74,43.257
-93.781,-107.05,43.836
-93.35,-104.15,47.583
-94.69,-106.61,48.245
-95.159,-106.4,48.411
-95.878,-106.32,48.327
-94.134,-103.11,47.286
-93.365,-103.53,47.378
-93.422,-103.84,47.937
-94.266,-105.78,48.222
-95.989,-105.41,48.632
-93.869,-104.15,48.473
-94.892,-105.05,48.77
-95.374,-104.82,48.846
-95.864,-104.46,48.79
-93.203,-103.21,47.544
-94.167,-103.79,48.758
-95.012,-103.35,48.805
-93.362,-102.55,47.345
-93.008,-102.87,47.402
-92.957,-102.85,47.667
-92.991,-102.7,48.024
-93.051,-102.48,48.31
-93.203,-102.24,48.431
-93.535,-101.91,48.402
-99.256,-112.87,45.166
-99.228,-112.44,45.047
-92.194,-108.78,48.653
-93.7,-108.43,54.749
-93.516,-108.69,54.562
-97.912,-109.82,42.285
-105.71,-112.17,59.252
-104.94,-110.27,61.139
-103,-107.04,62.594
-97.12,-77.019,42.582
-93.922,-77.25,51.851
-93.955,-76.527,51.176
-90.895,-75.76,51.9
-91.891,-75.249,51.049
-90.325,-75.008,51.533
-88.889,-73.486,50.369
-90.277,-73.82,50.134
-88.669,-72.855,49.377
-87.93,-72.831,49.588
-87.318,-73.528,50.676
-88.819,-74.803,51.784
-88.083,-74.141,51.273
-86.906,-74.31,51.538
-99.349,-76.45,50.361
-98.164,-75.513,49.572
-98.03,-74.815,48.779
-98.739,-79.706,41.201
-97.922,-79.769,41.368
-97.834,-79.274,41.595
-98.177,-80.993,41.069
-98.092,-80.321,41.172
-97.4,-82.433,41.045
-99.209,-81.361,41.213
-97.637,-83.055,41.411
-97.153,-81.649,40.842
-99.532,-80.218,41.096
-99.314,-79.154,41.132
-96.66,-77.567,42.683
-97.374,-78.463,42.162
-96.352,-79.265,42.308
-96.172,-78.726,42.396
-94.958,-79.439,42.018
-96.448,-81.128,40.649
-95.695,-81.421,40.242
-95.576,-80.658,40.644
-96.344,-80.401,41.025
-95.431,-80.168,41.17
-96.282,-79.949,41.483
-95.261,-79.907,41.568
-94.507,-78.693,42.478
-95.155,-78.248,42.723
-93.794,-77.22,43.055
-94.9,-77.061,43.228
-96.098,-75.758,43.677
-96.115,-74.544,44.667
-92.028,-83.204,37.155
-91.001,-84.632,36.778
-96.244,-74.122,45.327
-95.455,-74.587,45.416
-95.346,-75.022,44.713
-95.295,-75.997,43.8
-96.031,-76.49,43.373
-95.722,-77.927,42.785
-95.641,-74.361,46.107
-97.647,-77.853,42.161
-94.402,-74.61,45.336
-94.325,-75.107,44.656
-94.378,-75.878,43.877
-97.72,-86.243,45.099
-97.208,-86.005,44.088
-96.928,-85.72,43.281
-96.436,-85.465,42.611
-95.687,-85.141,41.549
-96.401,-84.206,41.332
-90.585,-73.37,42.95
-89.902,-74.744,41.522
-98.791,-85.551,44.607
-98.403,-85.433,43.981
-96.715,-86.867,45.713
-96.297,-86.112,43.441
-88.36,-72.331,48.439
-89.497,-72.521,48.036
-89.687,-75.787,40.697
-91.114,-74.472,42.813
-90.94,-75.878,41.931
-92.652,-75.967,43.268
-93.513,-76.162,43.554
-91.826,-74.019,43.747
-92.676,-74.516,44.147
-93.527,-74.921,44.489
-88.978,-71.713,43.033
-90.21,-72.411,43.742
-91.78,-73.295,44.554
-93.508,-74.316,45.156
-88.604,-71.268,44.639
-89.832,-72.005,45.048
-91.392,-72.811,45.371
-92.434,-73.4,45.607
-93.657,-74.073,45.915
-88.241,-71.478,46.223
-89.432,-71.976,46.58
-91.307,-72.789,46.324
-92.829,-73.571,46.431
-93.775,-74.111,46.631
-90.941,-73.132,48.043
-92.845,-73.841,47.23
-94.719,-74.527,46.99
-92.601,-74.421,49.357
-94.23,-74.827,48.304
-95.327,-75.04,48.169
-96.457,-74.873,48.03
-95.975,-74.457,47.045
-97.485,-74.357,47.951
-96.964,-74.016,47.042
-93.529,-75.782,50.718
-94.854,-75.774,49.644
-95.92,-76.051,49.62
-96.963,-75.508,49.084
-99.809,-82.032,50.688
-101.1,-80.656,50.461
-99.459,-81.244,51.137
-98.439,-80.915,51.699
-99.038,-82.289,51.158
-97.801,-81.675,52.124
-96.502,-82.169,53.108
-97.059,-82.86,52.712
-96.656,-78.097,51.39
-97.994,-78.15,51.31
-97.413,-76.365,50.151
-96.378,-76.637,50.257
-95.274,-76.335,50.211
-95.612,-76.78,50.555
-94.937,-77.042,51.137
-94.519,-78.104,52.24
-96.128,-77.67,51.251
-95.39,-79.16,52.612
-94.957,-80.174,53.402
-97.081,-78.867,51.748
-99.537,-77.824,50.911
-95.707,-80.735,53.292
-96.945,-79.962,52.36
-97.784,-79.584,51.852
-98.87,-79.406,51.435
-100.26,-78.402,50.835
-100.94,-77.763,50.463
-96.327,-81.406,53.129
-97.387,-80.81,52.291
-99.183,-80.15,51.354
-100.7,-79.357,50.795
-101.56,-78.634,50.411
-102.01,-80.098,49.929
-101.9,-80.651,49.783
-103.06,-80.217,48.553
-101.97,-81.743,48.959
-103.17,-81.104,47.553
-102.99,-82.253,45.66
-101.92,-82.774,48.022
-102.09,-83.397,46.088
-101.32,-84.243,46.373
-100.76,-84.004,48.393
-100.41,-85.049,46.668
-100.1,-84.612,48.558
-99.438,-85.758,46.961
-100.22,-83.633,49.394
-99.536,-84.362,49.641
-101.04,-81.715,50.004
-99.997,-82.783,50.172
-99.418,-83.408,50.437
-96.531,-73.861,46.195
-94.587,-74.366,46.085
-95.055,-86.364,42.254
-93.689,-86.87,40.921
-95.705,-85.916,42.446
-95.403,-84.5,40.724
-97.138,-83.745,41.541
-93.732,-85.939,40.06
-95.468,-83.706,40.298
-94.574,-80.148,40.9
-94.847,-80.784,40.253
-94.957,-81.625,39.766
-95.736,-82.511,40.164
-94.829,-82.897,39.582
-100.32,-81.625,41.515
-101.57,-81.689,42.091
-100.37,-83.179,42.515
-102.04,-82.217,42.946
-101.17,-83.415,43.424
-100.56,-83.821,43.364
-99.002,-82.801,41.703
-93.726,-82.987,38.613
-93.158,-81.867,38.216
-93.869,-80.914,39.426
-93.002,-80.217,39.472
-94.25,-79.592,41.613
-92.394,-78.98,40.772
-93.754,-78.923,42.064
-91.966,-78.388,41.036
-93.208,-77.979,42.412
-91.738,-77.597,41.542
-91.843,-82.099,37.078
-91.909,-81.132,37.476
-92.003,-80.308,38.231
-91.925,-79.73,38.901
-90.981,-78.512,39.465
-90.965,-77.666,40.54
-90.149,-76.828,40.35
-90.334,-82.239,35.756
-90.575,-81.327,36.193
-90.456,-80.488,36.547
-90.395,-79.794,37.077
-98.859,-85.877,45.597
-100.13,-85.083,45.478
-101.12,-84.421,45.594
-101.89,-83.608,45.326
-99.737,-84.811,44.105
-100.84,-84.117,44.214
-102.13,-82.772,43.825
-99.288,-84.391,43.126
-93.899,-84.595,39.398
-92.678,-83.788,37.867
-92.031,-85.143,37.916
-97.989,-83.517,41.837
-97.694,-84.899,42.81
-97.331,-84.344,42.163
-98.276,-84.09,42.355
-97.528,-86.661,45.912
-95.798,-86.532,43.785
-96.738,-87.108,46.176
-87.208,-72.193,48.647
-90.075,-75.97,52.452
-91.349,-77.045,52.89
-93.698,-79.42,53.539
-91.948,-77.802,53.239
-89.721,-78.967,54.632
-91,-78.499,54.104
-89.821,-77.258,53.6
-88.77,-77.69,54.103
-88.883,-76.127,52.95
-88.136,-76.77,53.57
-87.475,-75.923,52.987
-86.631,-76.226,53.25
-87.232,-78.056,54.339
-87.406,-77.21,53.919
-87.96,-78.035,54.36
-89.121,-80.33,55.314
-88.687,-80.598,55.388
-87.144,-80.089,55.064
-93.496,-87.796,42.12
-92.644,-87.963,41.027
-91.918,-87.925,40.119
-92.776,-86.927,39.93
-90.706,-86.063,37.396
-90.119,-89.721,40.53
-90.877,-88.944,40.272
-91.122,-87.607,39.115
-92.892,-88.592,42.432
-95.2,-87.641,44.771
-95.587,-86.912,44.268
-94.432,-87.955,44.002
-94.055,-88.971,44.518
-93.853,-89.448,44.947
-95.628,-87.954,46.406
-95.993,-87.448,45.701
-95.321,-84.356,53.994
-90.566,-79.841,54.868
-92.002,-79.761,54.435
-92.806,-81.255,54.811
-92.397,-82.293,55.228
-93.492,-81.9,54.762
-92.848,-83.281,55.305
-94.077,-82.688,54.654
-93.652,-84.023,55.077
-94.631,-83.491,54.447
-91.772,-83.976,55.749
-91.262,-82.457,55.627
-91.043,-81.068,55.277
-90.515,-83.706,56
-91.501,-84.61,55.931
-92.431,-85.289,55.753
-89.396,-82.939,55.958
-89.84,-80.221,55.185
-90.006,-81.548,55.651
-89.159,-81.592,55.703
-89.875,-82.493,55.856
-88.695,-81.799,55.704
-93.344,-85.195,55.372
-92.991,-84.243,55.368
-88.105,-81.04,55.456
-91.775,-88.955,41.164
-89.7,-91.498,42.082
-90.814,-90.061,41.503
-90.756,-90.709,42.162
-91.285,-91.187,43.005
-90.247,-91.928,42.815
-89.544,-92.835,43.191
-90.506,-92.182,43.28
-92.221,-90.425,43.38
-92.391,-89.767,43.109
-93.287,-89.018,43.605
-91.954,-89.387,42.033
-92.014,-91.155,44.02
-90.543,-92.418,43.746
-88.251,-71.79,47.14
-93.118,-74.234,48.184
-91.847,-73.652,48.498
-89.872,-73.051,49.097
-89.641,-74.306,51.092
-93.25,-75.232,50.204
-90.924,-74.598,50.854
-90.838,-76.882,41.108
-91.802,-75.94,42.668
-92.521,-78.102,41.92
-91.2,-74.037,49.885
-92.034,-73.41,47.317
-91.953,-73.181,46.344
-90.45,-72.42,46.397
-90.687,-72.383,45.227
-87.965,-75.389,52.441
-101.75,-79.328,50.315
-100.63,-80.175,50.786
-97.91,-76.954,50.653
-99.285,-74.987,49.394
-96.798,-77.083,50.697
-99.453,-85.585,47.888
-100.61,-84.62,47.525
-101.47,-83.802,47.225
-102.2,-82.976,46.958
-103.55,-81.18,46.304
-99.011,-85.955,46.186
-100.25,-85.159,45.995
-102.84,-82.443,45.009
-101.48,-83.642,44.501
-94.762,-88.489,45.225
-92.631,-80.245,38.984
-92.858,-80.995,38.427
-91.652,-90.32,42.728
-93.327,-84.318,38.701
-93.091,-79.012,41.509
-93.519,-79.645,41.007
-93.912,-80.207,40.389
-94.243,-81.743,39.196
-95.848,-79.492,42.151
-96.759,-78.864,42.246
-96.968,-79.187,41.968
-97.088,-79.921,41.341
-97.157,-80.79,40.958
-98.147,-81.756,41.119
-99.414,-83.428,42.249
-100.66,-82.053,41.827
-99.596,-81.599,41.352
-89.827,-77.709,38.945
-90.999,-79.642,37.898
-91.362,-80.408,37.473
-91.77,-91.134,43.488
-93.472,-75.559,43.969
-95.278,-75.404,44.291
-96.123,-74.962,44.243
-104.35,-79.196,46.792
-104.47,-79.855,44.96
-104.4,-79.59,43.536
-102.77,-80.37,41.997
-101.72,-78.374,40.72
-100.12,-78.636,40.903
-100.95,-78.047,40.699
-100.19,-79.722,41.005
-101.47,-80.227,41.238
-103.32,-80.918,43.172
-103.79,-80.747,44.017
-103.83,-80.987,45.271
-103.8,-80.163,47.18
-98.593,-75.825,41.666
-99.279,-74.416,41.424
-98.399,-73.894,42.435
-100.69,-72.329,40.732
-105.35,-77.893,44.373
-106.68,-75.497,43.8
-106.81,-74.357,44.673
-105.48,-76.788,45.684
-106.24,-76.356,42.605
-105.68,-76.832,42.03
-104.72,-77.079,41.099
-103.43,-76.967,40.443
-99.239,-78.637,41.19
-104.99,-77.805,42.377
-104.18,-77.81,41.402
-102.92,-77.709,40.712
-104.17,-79.336,42.626
-97.658,-74.464,42.916
-99.719,-75.617,40.842
-102.99,-76.083,39.98
-102.09,-76.796,40.344
-101.91,-75.708,40.002
-101.86,-74.553,39.743
-101.31,-74.114,39.957
-101.56,-72.549,39.887
-99.842,-76.235,40.78
-100.1,-77.36,40.886
-100.76,-77.232,40.66
-99.4,-77.298,41.166
-101.96,-77.6,40.573
-98.89,-78.12,41.435
-105.26,-77.823,43.128
-100.39,-71.109,41.345
-99.644,-72.442,41.631
-104.39,-79.731,45.875
-105.38,-77.587,45.096
-106.72,-75.124,44.264
-103.99,-80.669,44.491
-104.54,-79.644,44.188
-105.34,-77.881,43.677
-106.41,-76.105,43.242
-102.65,-82.335,44.311
-104.21,-77.042,40.739
-103.68,-77.788,41.07
-101.92,-80.591,41.589
-102.01,-78.682,40.837
-100.71,-80.222,41.096
-105.32,-76.956,41.546
-104.5,-77.962,41.809
-103.62,-79.698,42.243
-102.69,-81.283,42.696
-99.482,-71.803,42.012
-98.09,-73.31,43.024
-102.38,-70.802,39.72
-101.91,-70.646,40.254
-101.35,-70.036,40.947
-103.48,-71.796,38.675
-104.16,-73.723,38.807
-104.02,-75.223,39.446
-105.52,-75.077,39.486
-106.08,-75.565,40.224
-96.729,-75.257,43.425
-102.87,-79.179,49.366
-96.64,-74.6,44.001
-99.727,-73.65,48.36
-100.03,-74.374,49.016
-101.15,-73.253,48.269
-101.36,-75.632,49.48
-102.25,-76.066,49.28
-102.96,-76.779,49.123
-103.53,-78.3,48.735
-104.47,-76.657,47.661
-103.81,-79.138,48.042
-105.05,-76.75,46.711
-102.09,-77.933,49.974
-101.46,-77.049,49.995
-100.8,-74.798,49.198
-103.49,-68.931,39.616
-104.32,-68.787,38.76
-106.09,-75.036,45.501
-105.7,-73.727,46.272
-105.21,-74.465,46.777
-103.86,-72.13,47.09
-101.89,-73.799,48.382
-102.51,-72.187,47.545
-102.12,-71.601,47.336
-101.26,-72.406,47.732
-101.86,-70.627,46.687
-100.82,-71.731,47.113
-99.803,-71.592,46.409
-99.265,-71.186,45.49
-106.97,-75.347,41.485
-103.52,-75.009,48.205
-97.572,-72.654,45.233
-98.637,-71.353,44.727
-97.696,-72.733,44.018
-105.06,-74.075,38.869
-106.17,-70.496,37.493
-106.95,-71.496,37.672
-104.16,-72.453,38.49
-99.291,-70.799,42.96
-99.95,-72.528,47.408
-103.04,-70.722,46.87
-103.76,-75.998,48.329
-104.53,-75.128,47.519
-98.056,-72.562,46.057
-98.208,-73.108,46.914
-98.528,-73.693,47.81
-102.55,-67.58,43.894
-101.84,-67.9,43.06
-100.03,-69.74,43.958
-100.59,-69.636,44.854
-102.89,-67.582,41.051
-100.39,-69.71,42.218
-103.15,-70.899,38.986
-104.8,-69.05,46.029
-103.98,-68.447,45.634
-101.27,-69.867,45.757
-103.72,-67.338,44.551
-105.64,-70.284,46.264
-106.38,-73.179,45.742
-106.13,-67.718,45.233
-105.55,-66.863,44.744
-104.73,-66.259,44.022
-109.32,-69.652,44.431
-107.72,-69.22,45.446
-107.19,-68.66,45.471
-104.59,-70.526,38.118
-104.7,-69.303,38.201
-104.53,-66.189,40.206
-104.53,-65.638,42.865
-104.33,-65.608,41.746
-108.29,-71.972,38.014
-109.06,-72.338,38.793
-108,-74.238,42.131
-109.62,-72.289,40.302
-113.67,-64.429,35.519
-114.2,-64.861,35.721
-114.16,-62.469,40.847
-115.51,-63.674,40.592
-113.58,-61.22,40.734
-112.68,-62.667,41.193
-112.47,-61.231,40.697
-112.04,-60.758,40.38
-111.52,-61.338,40.476
-111.23,-60.842,39.921
-111.3,-60.361,39.22
-110.75,-60.657,38.876
-110.15,-61.081,38.007
-110.77,-60.884,36.419
-110.61,-62.077,35.714
-110.97,-62.859,35.195
-112.45,-64.177,35.268
-112.37,-63.117,34.726
-111.02,-64.071,35.358
-111.91,-62.501,34.626
-112.92,-63.858,35.101
-112.75,-65.34,35.831
-113.58,-63.428,41.227
-113.57,-64.43,41.423
-114.01,-67.231,38.963
-114,-67.151,39.537
-115.28,-65.496,40.229
-110.79,-66.808,36.053
-110.57,-65.54,35.824
-111.16,-65.128,35.684
-111.79,-65.945,35.993
-113.02,-67.758,37.817
-113.78,-67.039,37.7
-114.72,-66.406,37.397
-115.89,-66.056,38.521
-115.92,-65.784,37.016
-112.46,-67.6,37.031
-113.3,-66.774,36.967
-114.17,-66.208,36.777
-112.38,-66.537,36.373
-113.16,-66.041,36.291
-113.42,-67.548,39.951
-113.9,-66.517,40.548
-113.29,-67.093,40.75
-114.01,-64.952,41.218
-113.01,-66.549,41.452
-112.77,-65.361,41.961
-111.72,-62.079,41.007
-116.95,-64.99,39.103
-114.88,-64.356,40.861
-116.97,-65.24,38.734
-111.03,-61.963,40.867
-109.78,-63.026,41.847
-110.38,-61.523,40.194
-109.43,-62.326,41.041
-110.11,-61.256,39.349
-109.16,-61.992,40.119
-108.94,-62.089,38.904
-110.15,-61.654,36.882
-108.97,-62.598,37.8
-110.06,-64.858,35.927
-110.57,-64.483,35.688
-109.57,-64.18,36.294
-110.15,-63.768,35.924
-109.17,-63.339,36.939
-109.83,-62.774,36.432
-111.78,-61.576,34.513
-111.9,-64.65,35.458
-111.47,-59.866,38.146
-112.29,-59.104,36.974
-110.94,-60.143,37.206
-111.27,-60.184,35.768
-111.68,-59.392,36.287
-111.39,-61.093,34.99
-115.39,-65.585,36.457
-114.69,-65.333,36.062
-105.85,-66.365,38.712
-106.87,-66.399,37.604
-107.07,-66.642,44.543
-108.95,-64.776,43.138
-107.96,-64.546,43.057
-106.56,-65.789,44.059
-107.17,-64.056,42.435
-105.87,-65.143,43.321
-105.68,-64.618,42.101
-107.53,-63.12,39.769
-105.24,-64.952,40.923
-106.58,-64.613,39.168
-105.35,-65.659,39.734
-106.22,-69.082,37.304
-107.69,-69.221,36.857
-108.5,-67.255,36.417
-109.53,-67.829,36.271
-106.86,-67.455,37.179
-108.69,-66.018,36.413
-108.31,-65.248,36.846
-108.05,-64.313,37.559
-110.3,-71.023,38.359
-110.98,-70.679,39.866
-111.68,-69.412,38.015
-113.14,-68.029,39.062
-109.98,-70.285,37.402
-111.2,-69.058,37.163
-108.46,-70.088,37.035
-110.55,-68.314,36.477
-112.76,-68.32,39.927
-111.06,-70.457,40.675
-112.47,-68.004,41.131
-110.06,-71.191,42.375
-112.45,-67.44,41.616
-110.21,-70.437,42.848
-111.4,-67.021,43.019
-110.2,-68.519,43.917
-108.63,-68.294,44.851
-107.88,-67.678,44.902
-109.38,-69.293,36.738
-109.67,-66.384,36.06
-105.08,-67.096,39.084
-102.6,-78.5,49.7
-100.26,-76.864,50.38
-102.61,-74.441,48.432
-105.14,-75.687,46.79
-106.02,-74.161,45.866
-106.75,-73.482,45.195
-109.8,-69.881,43.777
-111.17,-68.055,43.005
-112.55,-66.355,42.052
-108.82,-72.319,43.331
-114.31,-65.614,40.8
-115.19,-64.872,40.58
-107.57,-74.661,42.858
-110.03,-71.624,41.743
-111.47,-69.728,41.042
-112.55,-68.332,40.552
-114.03,-66.835,40.04
-112.57,-64.674,41.942
-113.12,-65.53,41.719
-113.53,-65.963,41.238
-110.68,-63.318,41.977
-112.06,-63.506,41.657
-109.57,-65.245,43.239
-108.05,-65.69,43.779
-110.47,-65.591,43.104
-107.82,-63.52,38.482
-107.92,-62.864,40.907
-108.37,-63.098,41.735
-108.89,-66.592,44.006
-112.13,-62.354,41.148
-106.61,-68.287,45.428
-109.59,-68.312,44.342
-110.35,-67.103,43.644
-108.52,-69.52,45.049
-115.22,-66.312,39.408
-110.3,-71.451,40.58
-115.33,-65.889,39.855
-117.49,-65.126,38.148
-114.2,-67.001,38.299
-115.77,-66.059,37.792
-113.24,-67.868,38.55
-111.92,-69.521,38.825
-109.97,-71.811,39.442
-107.94,-73.998,40.277
-106.67,-75.471,40.818
-104.52,-72.648,46.926
-106.35,-70.684,46.122
-104.71,-73.792,47.092
-105.26,-73.193,46.601
-106.9,-71.28,45.841
-105.24,-69.657,46.183
-103.86,-70.973,46.792
-104.16,-76.242,48.001
-103.14,-67.957,40.48
-101.17,-69.525,41.39
-100.22,-70.375,41.913
-99.271,-71.33,42.555
-103.02,-68.704,40.153
-104.42,-65.718,40.998
-101.47,-68.367,42.341
-99.472,-70.322,43.399
-97.544,-72.743,44.564
-107.93,-74.217,41.217
-105.57,-72.399,38.154
-106.71,-73.633,38.826
-107.38,-74.124,39.592
-102.84,-67.182,41.693
-102.96,-66.9,42.466
-103.35,-66.828,43.478
-107.65,-71.571,45.166
-104.81,-67.665,45.159
-104.76,-71.187,46.634
-105.31,-71.881,46.551
-107.97,-72.205,44.434
-105.81,-72.597,46.302
-96.863,-73.434,45.354
-96.693,-73.913,44.532
-97.297,-73.253,46.196
-98.919,-74.308,48.69
-115,-64.56,35.394
-114.71,-63.719,34.784
-115.07,-63.404,34.303
-112.82,-61.442,33.928
-113.71,-62.28,33.914
-113.91,-63.212,34.495
-117.36,-62.923,39.604
-117.86,-63.513,39.079
-117.88,-64.579,38.352
-117.48,-65.265,37.621
-117.43,-65.054,35.951
-117.78,-64.442,34.72
-115.54,-65.006,35.682
-117.18,-65.396,37.116
-111.94,-59.551,35.111
-112.03,-60.36,34.484
-114.19,-64.097,35.289
-117.14,-64.633,39.235
-116.76,-64.302,39.736
-116.23,-63.945,40.221
-112.02,-60.449,40.182
-112.03,-59.931,39.538
-112.47,-59.85,39.802
-112.87,-59.296,38.724
-113.9,-60.254,40.453
-116.23,-62.863,40.283
-115.51,-61.704,40.306
-114.47,-61.112,40.563
-127.97,-51.555,27.958
-130.09,-50.441,26.217
-129.47,-50.471,25.905
-127.74,-51.377,27.139
-132.54,-52.76,25.994
-132.02,-53.627,25.763
-131.71,-52.721,27.049
-130.31,-55.194,23.402
-129.68,-55.068,23.053
-115.64,-62.671,33.325
-117.16,-62.094,39.693
-118.55,-61.039,38.695
-119.61,-63.175,37.134
-119.39,-62.892,37.818
-119.28,-61.56,38.3
-127.81,-51.501,25.882
-128.83,-50.963,24.892
-128.95,-51.232,23.763
-127.35,-52.05,25.581
-127.19,-52.772,24.906
-127.7,-53.035,24.115
-131.29,-51.965,27.303
-129.63,-51.164,27.231
-130.82,-50.506,26.364
-131.56,-50.908,26.594
-125.82,-52.451,27.534
-128.91,-52.371,22.619
-128.28,-53.51,23.376
-129.3,-53.705,22.115
-129.3,-54.686,22.795
-128.45,-54.33,23.33
-128.51,-55.66,24.437
-128.05,-55.26,24.253
-127.32,-54.806,24.642
-127.33,-53.947,24.466
-127.31,-56.321,25.649
-127.21,-55.684,25.158
-126.34,-56.192,25.955
-125.94,-55.576,25.93
-125.62,-54.707,26.088
-125.45,-53.894,26.338
-125.43,-53.35,26.715
-125.57,-52.917,27.047
-126.25,-52.113,28.293
-125.38,-57.496,27.248
-124.94,-56.996,27.042
-124.59,-56.301,26.991
-124.32,-55.385,27.078
-124.17,-54.534,27.332
-123.96,-53.921,27.912
-124.22,-53.421,28.166
-124.46,-52.957,28.736
-124.89,-52.688,29.409
-124.91,-52.916,30.394
-124.12,-58.286,28.146
-123.64,-57.699,27.922
-123.22,-56.927,27.872
-122.93,-56.033,28.036
-122.87,-54.959,28.201
-122.22,-53.955,29.621
-123.08,-53.382,29.768
-123.54,-53.218,30.484
-126.94,-55.745,31.625
-127.02,-56.616,31.203
-128.82,-55.233,29.413
-129.29,-54.171,29.239
-130.06,-54.315,28.333
-131.71,-53.311,26.835
-130.56,-53.385,28.039
-125.63,-58.42,31.133
-128.43,-56.265,28.157
-129.7,-55.399,26.969
-131.64,-54.217,25.263
-130.54,-51.525,27.328
-129.49,-52.953,28.993
-125.92,-58.232,30.035
-128.33,-56.407,27.483
-131.42,-54.548,24.67
-125.59,-58.426,29.02
-127.72,-56.846,27.015
-129.68,-55.661,25.208
-131.18,-54.793,23.501
-124.7,-58.725,28.726
-125.92,-57.792,27.638
-127.64,-56.669,26.088
-129.45,-55.665,24.376
-126.44,-54.839,31.974
-128.27,-52.536,29.258
-125.7,-53.976,31.701
-127.66,-52.08,28.908
-122.62,-54.651,33.371
-115.02,-59.994,32.569
-113.89,-60.785,33.232
-112.77,-60.666,33.825
-115.47,-60.883,32.519
-114.56,-61.498,33.152
-115.54,-61.933,32.916
-116.92,-62.008,32.344
-116.63,-63.406,33.623
-113.4,-59.164,39.06
-114.78,-58.494,38.691
-114.83,-59.078,39.531
-113.39,-58.379,36.648
-114.88,-57.672,36.955
-116.06,-58.117,38.559
-112.97,-58.452,35.797
-115.06,-57.109,33.846
-113.92,-57.782,34.814
-115.32,-56.904,34.8
-116.19,-56.666,35.765
-115.77,-57.676,37.766
-116.91,-56.801,36.678
-117.43,-57.045,37.197
-112.36,-58.897,35.452
-112.85,-58.598,34.969
-112.7,-59.115,34.482
-113.66,-58.212,34.269
-113.5,-58.744,33.905
-114.86,-57.716,33.253
-114.87,-58.117,32.989
-112.66,-59.895,34.021
-113.66,-59.548,33.418
-116.65,-57.949,31.666
-113.1,-59.755,39.972
-113.55,-60.009,40.311
-117.17,-61.368,39.528
-116.83,-60.166,39.468
-116.2,-59.563,39.625
-119.95,-60.261,37.653
-120.13,-62.513,37.065
-118.71,-64.541,36.517
-120.04,-63.556,35.264
-118.39,-64.434,35.044
-119.69,-63.534,33.913
-117.32,-64.099,34.167
-114.71,-59.639,40.004
-115.38,-59.43,39.732
-115.23,-59.764,39.96
-114.64,-60.307,40.344
-115.82,-60.503,40.008
-116.87,-58.159,38.564
-117.76,-57.241,37.447
-116.03,-58.915,39.309
-119.52,-59.602,37.904
-119.12,-58.618,37.906
-118.12,-59.403,38.627
-118.49,-57.841,37.841
-117.55,-58.703,38.71
-117.44,-58.436,31.118
-116.53,-60.174,31.832
-117.03,-61.199,31.889
-118.48,-60.933,31.107
-119.41,-61.493,31.225
-116.15,-56.506,32.97
-116.52,-56.066,33.839
-117.7,-55.559,34.216
-118.48,-55.644,35.01
-118.48,-56.386,36.289
-116.13,-57.407,32.236
-121.46,-56.714,28.891
-120.57,-56.212,29.523
-122.14,-58.43,28.744
-121.71,-57.596,28.757
-120.08,-55.855,29.986
-121.25,-54.68,29.728
-121.66,-53.833,30.856
-122.14,-53.782,31.593
-122.4,-54.072,32.476
-120.27,-59.461,29.79
-119.68,-58.582,29.825
-119.36,-57.66,30.031
-118.38,-57.14,30.704
-118.02,-55.748,31.7
-119.17,-54.791,31.882
-119.5,-54.609,32.742
-120.17,-54.662,33.376
-120.79,-54.864,33.915
-118.28,-60.489,31.013
-118.04,-59.349,30.858
-117.51,-56.833,31.423
-117.76,-55.41,32.908
-119.12,-55.91,35.59
-122.75,-59.106,28.982
-120.83,-60.414,30.136
-121.76,-58.906,36.436
-121.8,-60.761,36.064
-123.7,-58.765,34.756
-123.41,-58.004,35.143
-124.57,-58.293,33.898
-125,-57.039,33.666
-121.88,-61.357,35.341
-124.65,-58.9,33.298
-120.99,-62.739,34.297
-122.04,-61.631,33.887
-123.17,-60.426,33.257
-121.76,-61.753,32.33
-122.43,-61.299,32.562
-119.33,-63.379,33.374
-120.67,-62.266,32.141
-122.21,-61.042,31.093
-123.74,-59.661,29.953
-119.08,-62.897,32.634
-120,-62.167,31.83
-121.54,-60.945,30.671
-122.73,-59.929,29.791
-124.29,-56.362,34.189
-123.13,-57.148,35.282
-122.1,-57.817,36.101
-120.84,-58.723,37.077
-123.69,-55.273,33.792
-122.4,-56.145,35.099
-121.48,-56.804,35.971
-120.14,-57.855,37.168
-121.53,-55.362,34.562
-120.2,-56.371,36.05
-119.4,-57.061,36.922
-117.88,-62.521,32.43
-123.23,-60.481,32.512
-130.51,-54.556,22.143
-129.99,-53.937,21.489
-129.46,-50.542,24.407
-128.88,-51.52,23.554
-132.89,-52.543,25.541
-132.91,-52.082,25.691
-132.67,-51.007,25.703
-131.48,-50.005,25.762
-129.97,-50.099,24.113
-129.48,-51.86,21.637
-129.54,-50.829,22.998
-130.46,-49.507,24.921
-130.94,-49.506,25.333
-132.11,-50.604,25.994
-132.61,-52.152,26.205
-130.04,-50.056,25.454
-132.12,-51.526,26.643
-119.75,-63.388,36.715
-118.87,-64.282,37.027
-120.76,-62.881,35.286
-119.59,-62.299,37.903
-118.33,-64.75,36.101
-119.87,-63.633,34.574
-121.52,-59.45,36.569
-121.83,-59.79,36.338
-122.76,-60.152,35.17
-123.68,-59.578,34.316
-121.39,-62.038,35.267
-122.26,-61.16,34.474
-123.21,-60.427,31.234
-124.25,-59.527,30.652
-124.31,-59.461,31.551
-126.37,-57.533,31.356
-125.34,-57.815,33.061
-127.02,-56.188,31.389
-123.53,-60.085,33.505
-121.1,-54.2,32.485
-120.58,-54.168,31.742
-120.25,-54.472,31.103
-120.08,-55.066,30.517
-128.62,-55.773,28.994
-129.88,-54.912,27.707
-127.37,-52.294,25.173
-128.01,-52.419,24.01
-129.05,-51.78,22.759
-126.61,-53.43,25.239
-116.96,-56.148,32.369
-132.24,-53.843,24.398
-132.76,-53.234,24.538
-129.55,-53.289,21.655
-131.14,-54.145,21.375
-134.88,-50.948,15.953
-134.64,-51.423,16.201
-133.81,-51.118,24.463
-133.89,-49.811,24.632
-130.07,-50.262,21.798
-130.31,-49.804,22.558
-130.51,-49.821,21.448
-131.92,-49.206,20.864
-130.79,-49.426,22.043
-136.94,-49.142,16.196
-132.19,-49.462,25.289
-132.9,-49.782,25.249
-133.75,-52.912,22.862
-133.55,-53.243,22.078
-132.93,-53.628,21.595
-131.95,-54.018,21.399
-132.15,-53.569,19.529
-130.75,-53.735,20.507
-135.42,-52.305,17.682
-134.16,-52.744,17.927
-135.06,-52.287,17.034
-134.55,-52.15,16.745
-134.42,-51.143,16.045
-129.71,-52.565,20.316
-129.8,-52.649,19.549
-129.58,-51.637,21.013
-129.58,-51.825,19.587
-129.78,-50.783,21.492
-130.2,-52.699,18.543
-129.75,-50.886,19.383
-129.9,-51.143,18.442
-130.39,-50.172,18.782
-130.87,-49.731,19.371
-131.5,-49.548,19.154
-133.02,-49.39,18.533
-136.17,-51.562,19.107
-134.72,-52.541,20.147
-136.56,-51.399,18.192
-135.92,-52.079,18.164
-137.43,-50.686,18.991
-137.06,-50.731,18.013
-135.67,-52.163,17.021
-134.86,-46.593,21.314
-135.06,-47.879,20.096
-134.56,-47.248,20.937
-135.47,-46.752,22.821
-135.31,-46.39,22.524
-134.28,-46.571,22.533
-134.97,-46.317,22.228
-129.77,-50.581,20.787
-135.24,-48.556,18.881
-135.1,-49.375,16.763
-135.14,-48.147,19.733
-134.02,-48.619,20.115
-134.25,-49.451,18.201
-135.18,-48.971,17.941
-130.48,-49.876,20.036
-131.84,-49.451,19.631
-132.92,-49.046,20.465
-133.67,-48.451,20.668
-131.66,-48.628,22.298
-134.5,-46.706,23.089
-135.55,-45.925,21.328
-136.18,-46.685,22.529
-136.39,-45.798,20.424
-137.33,-48.261,17.024
-136.66,-49.186,15.94
-136.71,-47.914,22.241
-136.33,-49.711,21.697
-136.39,-50.266,21.064
-137.06,-49.301,20.975
-137.18,-49.87,20.262
-131.26,-53.899,20.732
-132.4,-50.15,25.564
-133.55,-52.81,23.626
-137.08,-46.408,19.744
-132.04,-47.951,22.843
-132.33,-47.69,23.571
-131.34,-48.465,24.157
-132.35,-48.12,24.506
-133.48,-47.199,22.231
-135.94,-47.036,19.556
-135.58,-46.159,20.608
-136.49,-46.443,19.96
-135.88,-46.511,20.077
-136.65,-46.987,18.935
-133.45,-50.446,16.331
-135.55,-49.569,15.84
-135.46,-50.119,15.572
-136.17,-49.447,15.514
-132.54,-49.952,17.111
-136.02,-48.996,16.18
-136.05,-48.729,17.2
-137.44,-47.496,18.241
-134,-53.035,20.435
-132.28,-54.015,23.494
-136.49,-51.061,20.281
-135.64,-51.079,15.544
-133.81,-51.34,16.399
-133.32,-48.39,24.596
-133.3,-52.409,24.557
-135.4,-51.732,21.39
-135.55,-51.076,21.805
-134.15,-51.799,23.714
-135.38,-49.422,23.008
-133.67,-49.138,24.744
-134.6,-48.477,23.981
-136.04,-47.683,22.864
-136.63,-51.867,17.412
-137.49,-50.396,19.587
-131.2,-53.221,17.603
-133.88,-50.567,16.262
-137.17,-49.079,16.554
-137.15,-47.237,18.403
-137.59,-48.142,18.764
-137.53,-47.026,20.438
-130.45,-49.215,23.732
-134.91,-49.046,23.653
-135.33,-50.608,22.688
-134.68,-52.701,19.375
-133.02,-50.642,25.271
-137.35,-48.974,20.9
-129.93,-53.275,20.873
-130.2,-53.195,19.736
-131.64,-53.629,19.405
-133.26,-51.646,24.897
-131.93,-54.277,22.697
-131.11,-53.506,19.148
-130.33,-53.642,20.806
-136.46,-47.636,18.13
-137.09,-48.038,17.316
-136.43,-48.725,16.866
-136.07,-47.609,18.704
-137.16,-49.577,16.615
-136.86,-48.836,16.558
-137.23,-49.962,17.211
-135.72,-48.64,17.806
-133.28,-49.321,18.843
-134.01,-52.301,16.925
-133.68,-52.754,17.309
-131,-48.837,24.668
-131.75,-49.169,25.161
-132.4,-47.801,24.059
-137.25,-46.563,20.173
-137.5,-47.663,17.986
-137.16,-47.795,21.052
-137.4,-46.757,20.754
-136.82,-46.316,20.084
-136.39,-46.003,22.053
-136.8,-48.261,21.724
-137.58,-49.47,19.632
-137.44,-49.18,20.115
-136.84,-51.093,18.699
-136.64,-51.849,16.808
-136.03,-45.763,21.143
-137.13,-46.351,20.317
-136.09,-45.767,21.655
-136.92,-46.52,19.468
-133.88,-47.494,23.882
-135.09,-47.286,23.298
-132.65,-48.303,24.69
-136.28,-51.446,15.893
-133.45,-50.809,16.083
-133.01,-50.521,15.972
-134.6,-50.469,16.262
-137.04,-47.004,18.581
-130,-50.582,18.933
-130,-50.26,20.638
-129.59,-51.318,19.566
-129.67,-52.271,19.595
-134.34,-49.923,16.995
-133.09,-50.106,16.805
-135.97,-49.801,15.292
-134.34,-46.596,22.049
-134.9,-46.392,21.685
-134.54,-46.511,22.727
-133.7,-47.607,21.383
-132.52,-47.555,23.048
-133.44,-47.111,22.588
-131.6,-48.236,23.594
-132.16,-48.184,22.181
-132.29,-48.808,21.279
-135.93,-50.233,15.167
-133.63,-49.119,19.39
-134.23,-49.057,19.091
-131.12,-49.432,21.161
-131.1,-49.957,17.865
-130.04,-51.705,17.831
-136.31,-48.699,22.159
-131.31,-48.554,23.279
-130.58,-49.045,24.057
-134.3,-49.652,17.51
-132.92,-51.614,25.329
-129.94,-50.323,23.009
-129.61,-51.02,22.268
-133,-52.569,25.057
-129.63,-52.553,21.091
-133.49,-51.294,16.092
-130.73,-52.696,17.186
-131.13,-51.738,15.946
-131.69,-50.901,15.466
-131.84,-50.544,15.73
-132.31,-50.339,15.845
-132.25,-50.662,15.546
-131.97,-53.331,17.494
-133.45,-52.718,16.745
-131.34,-50.389,16.454
-132.83,-53.119,16.79
-131.27,-52.586,16.299
-130.04,-52.055,17.938
-130.61,-51.383,16.51
-130.84,-50.427,17.21
-131.58,-53.044,16.771
-132,-52.974,15.879
-132.65,-53.339,18.095
-131.92,-52.599,15.347
-131.78,-49.74,18.052
-131.57,-52.087,15.377
-133.72,-52.1,16.638
-133.36,-52.841,15.972
-132.52,-53.126,16.002
-132.38,-52.737,15.232
-131.54,-51.505,15.273
-130.53,-52.159,16.878
-131.9,-50.141,16.491
-130.73,-51.058,16.53
-130.56,-51.732,16.609
-130.13,-52.372,18.112
-133.44,-50.573,14.853
-133.98,-51.167,14.673
-132.28,-51.631,14.252
-132.23,-51.069,14.114
-132.03,-50.874,15.05
-132.88,-50.369,14.567
-132.91,-52.847,15.432
-133.43,-52.255,15.082
-133.87,-51.411,14.184
-133.91,-49.883,13.602
-133.29,-51.79,13.99
-133.58,-51.526,13.319
-133.71,-51.846,15.355
-133.69,-51.773,15.93
-132,-51.389,14.647
-132.97,-50.705,15.72
-133.89,-50.932,14.9
-132.68,-50.195,12.947
-134.24,-49.963,13.594
-133.59,-51.711,14.146
-134.42,-50.973,13.27
-132.8,-51.662,13.836
-132.43,-50.507,14.36
-132.68,-50.597,12.671
-132.58,-51.198,13.519
-134.56,-50.861,11.943
-135.19,-50.496,11.366
-133.69,-50.223,11.202
-133.63,-50.75,11.822
-133.35,-49.683,12.598
-134.2,-49.636,12.664
-133.83,-49.866,11.364
-135.16,-50.253,11.922
-134.81,-50.628,12.368
-134.46,-50.669,13.823
-134.43,-50.211,13.738
-134.91,-49.886,11.447
-132.94,-50.959,12.577
-133.38,-51.276,12.765
-134.89,-50.261,11.066
-132.99,-49.959,13.367
-134.71,-50.085,13.132
-134.51,-50.823,11.455
-134.18,-50.913,12.254
-134.31,-50.525,10.855
-134.34,-50.114,10.934
-134.95,-50.594,11.132
-135.12,-50.026,11.965
-133.18,-49.984,12.1
-134.3,-49.651,11.774
-133.74,-49.72,13.203
-134.66,-49.764,12.457
-133.67,-50.538,11.366
-137.34,-50.529,16.448
-136.27,-50.914,15.329
-137.13,-50.313,17.063
-138.51,-49.849,13.503
-138.32,-49.603,14.541
-138.56,-49.135,14.159
-138.08,-49.098,14.803
-136.1,-50.626,15.171
-136.89,-51.161,15.873
-137.42,-50.665,15.985
-137.13,-51.015,16.089
-137.2,-49.947,13.17
-138.64,-49.556,13.854
-137.48,-48.619,13.657
-138.12,-50.1,13.329
-138.1,-50.118,14.601
-137.35,-49.392,16.029
-137.92,-49.584,15.409
-137.22,-49.153,15.674
-137.13,-48.735,14.463
-136.89,-48.887,14.203
-137.04,-51.41,17.001
-136.77,-51.233,17.878
-137.05,-49.189,13.219
-137.77,-48.55,14.023
-137.79,-50.071,13.033
-136.63,-51.083,15.405
-137.99,-48.634,14.223
-137.61,-49.642,12.507
-138.32,-49.103,11.446
-139.25,-47.86,11.956
-138.32,-48.036,11.845
-137.39,-48.96,12.484
-139.54,-48.623,11.537
-138.32,-49.632,12.316
-138.48,-49.763,12.967
-138.76,-49.407,13.195
-137.5,-48.577,12.857
-138.11,-48.417,11.605
-138.82,-48.883,13.413
-138.3,-48.788,14.227
-139.14,-49.108,11.766
-137.36,-49.394,12.627
-138.15,-48.824,11.377
-137.92,-48.223,12.927
-138.22,-48.285,13.482
-138.93,-49.026,11.024
-138.59,-48.736,10.723
-138.43,-48.46,10.774
-138.34,-48.161,11.015
-138.69,-47.663,11.137
-139.8,-47.418,9.9899
-139.61,-47.758,9.7455
-139.33,-48.002,9.7569
-139.47,-48.08,11.882
-139.82,-47.29,10.438
-139.48,-48.639,10.794
-139.49,-48.493,11.871
-139.83,-48.135,9.8577
-140.12,-47.583,10.336
-139.59,-48.437,10.895
-139.76,-47.955,11.092
-138.66,-47.878,12.282
-139.4,-48.344,9.9687
-139.1,-47.787,9.9815
-139.24,-47.373,10.31
-140.08,-47.881,9.983
-139.17,-47.499,11.413
-137.86,-47.655,17.725
-138.26,-48.823,18.229
-137.89,-48.993,18.751
-137.67,-50.341,18.48
-137.94,-49.616,17.517
-138.4,-48.361,17.987
-138.66,-47.662,17.436
-138.66,-48.457,15.618
-139.43,-48.516,16.261
-137.72,-47.596,17.532
-137.89,-47.55,16.189
-137.42,-48.921,16.561
-138.25,-49.221,18.089
-139.57,-48.322,16.595
-139.52,-47.661,16.914
-137.85,-49.998,19.071
-137.6,-49.399,16.86
-137.61,-48.555,16.332
-137.86,-49.53,17.147
-137.69,-48.269,18.552
-138.17,-49.472,17.896
-139.17,-46.841,16.554
-139.04,-47.56,14.837
-139.82,-48.169,15.44
-139.15,-48.538,15.789
-138.33,-47.937,15.47
-139.59,-48.017,16.826
-139.92,-46.897,16.391
-139.35,-48.232,15.167
-138.88,-47.077,15.024
-138.23,-47.541,15.574
-138.4,-46.99,16.262
-137.41,-47.876,17.516
-139,-46.662,16.293
-140.87,-46.735,13.613
-140.52,-46.216,15.392
-140.61,-45.379,14.019
-139.6,-46.263,14.371
-139.73,-46.626,13.962
-140.56,-46.378,13.286
-138.92,-46.725,15.383
-139.98,-48.13,15.722
-139.94,-46.201,15.59
-139.97,-45.769,14.57
-140.25,-47.441,16.304
-140.61,-46.994,15.669
-139.21,-46.477,15.865
-139.15,-47.807,14.865
-139.79,-47.723,14.667
-140.68,-46.438,15.419
-141.23,-46.667,13.98
-140.17,-47.903,16.019
-142.64,-45.284,12.265
-142.81,-45.196,12.366
-141.39,-46.105,14.527
-140.8,-45.348,14.351
-141.8,-46.032,14.019
-141.52,-44.997,13.913
-142.15,-44.606,13.216
-141.48,-46.283,12.851
-142.51,-44.724,12.368
-142.2,-45.391,13.474
-140.96,-45.645,12.791
-140.46,-45.713,13.578
-141.02,-45.169,12.946
-141.51,-44.775,12.55
-140.74,-46.409,13.183
-142.41,-45.017,12.094
-142.08,-45.849,13.178
-142.82,-45.161,12.556
-141.69,-45.229,12.112
-142.41,-44.717,13.06
-141.37,-46.483,14.302
-142.63,-44.699,12.859
-142.29,-45.658,12.266
-142.22,-45.401,12.045
-141.96,-45.807,12.281
-141.91,-44.716,12.317
-142.03,-44.477,12.85
-141.42,-44.662,13.355
-141.83,-45.245,13.965
-137.61,-47.214,18.175
-137.54,-46.36,19.82
-137.59,-48.51,19.477
-137.87,-47.793,19.934
-138.14,-45.992,17.567
-138.04,-45.271,18.167
-137.94,-45.775,17.757
-137.8,-48.134,19.545
-137.53,-48.495,20.444
-138.51,-47.051,19.282
-138.78,-45.15,18.953
-139.44,-46.064,17.469
-139.88,-45.877,17.784
-139.46,-46.168,18.351
-138.57,-44.763,17.762
-137.89,-46.742,19.957
-137.87,-47.214,20.048
-137.78,-47.841,18.648
-138.03,-45.371,18.835
-139.18,-45.995,18.852
-139.17,-46.507,18.108
-136.95,-46.689,18.966
-139.86,-45.591,18.322
-138.94,-45.739,17.217
-139.86,-44.259,16.392
-140.29,-43.074,16.84
-140.54,-44.308,16.31
-140.4,-43.759,16.105
-140.58,-43.017,17.152
-140.49,-44.909,17.287
-140.38,-44.749,17.712
-138.6,-45.021,17.423
-139.22,-45.241,18.829
-140.17,-43.791,17.822
-140.3,-44.103,17.874
-139.83,-43.7,17.775
-141.23,-44.049,16.505
-141.34,-43.648,16.809
-138.75,-44.63,18.348
-138.77,-44.886,18.75
-139.61,-43.607,17.333
-138.89,-46.261,17.517
-138.81,-45.43,17.19
-139.83,-43.577,16.616
-139.7,-43.999,16.504
-140.21,-43.274,16.352
-141.76,-43.342,15.685
-141.58,-42.184,16.442
-142.39,-42.277,15.817
-141.66,-42.767,16.598
-140.89,-43.57,15.746
-140.74,-43.145,15.73
-142.23,-42.086,15.678
-141.28,-42.059,16.062
-140.66,-42.742,16.027
-141.42,-42.015,15.677
-141.77,-42.991,15.276
-142.04,-42.306,15.27
-141.73,-43.264,16.281
-142.36,-42.608,15.419
-140.43,-44.948,16.98
-141.9,-42.343,16.383
-142.16,-42.82,15.326
-141.97,-41.965,16.065
-140.97,-43.257,17.246
-141.48,-42.54,15.231
-136.65,-47.295,22.431
-136.63,-46.219,22.109
-137.65,-45.3,21.652
-137.14,-44.58,21.449
-137.13,-44.374,20.873
-137.64,-44.641,20.158
-138.66,-44.565,20.715
-137.68,-46.09,21.13
-137.08,-46.574,21.903
-136.38,-45.159,21.081
-136.2,-45.861,21.896
-137.15,-45.823,20.301
-137.23,-46.794,21.605
-136.66,-45.839,20.285
-137.89,-45.469,21.465
-137.07,-44.478,21.223
-137.59,-45.969,20.635
-137.41,-44.257,20.347
-136.46,-45.251,20.751
-138.69,-42.928,19.856
-138.68,-44.331,20.393
-139.68,-42.783,20.253
-139.42,-42.891,20.705
-138.65,-44.552,21.005
-137.58,-44.711,21.628
-138.32,-42.748,20.504
-138.07,-43.993,19.972
-137.62,-43.605,20.824
-138.4,-44.401,20.137
-139.1,-42.799,21.006
-138.21,-44.141,21.439
-138.81,-42.408,21.023
-137.5,-44.276,21.48
-138.74,-43.386,19.896
-137.89,-45.146,20.352
-138.47,-42.797,20.14
-137.93,-43.522,20.141
-138.47,-44.626,21.297
-140.21,-41.528,20.098
-139.85,-41.161,20.117
-139.79,-41.397,19.693
-139.88,-41.896,19.654
-139.56,-42.226,20.661
-139.35,-41.757,19.671
-139.19,-41.396,20.014
-139.78,-42.531,19.956
-139.54,-41.348,20.641
-139.83,-41.417,20.57
-139.18,-41.39,20.499
-140.15,-41.62,19.905
-138.05,-43.114,20.99
