-111.28,-5.4586,17.977
-112.96,-6.8441,17.242
-114.81,-7.9724,15.991
-112.94,-8.7098,6.0042
-113.9,-7.2582,6.324
-116.62,-4.6319,8.3529
-117.07,-4.213,9.0448
-117.39,-4.565,10.108
-117.46,-4.029,11.159
-117.05,-3.6058,12.566
-116.28,-3.5917,13.996
-115.45,-2.9717,6.8923
-114.82,-3.349,6.5184
-114.9,-2.6671,6.1111
-115.32,-1.9624,5.5927
-116.19,-1.4613,6.0312
-116.71,-1.5051,7.1862
-116.6,-2.1463,7.6217
-117.32,-1.0317,7.9868
-117.68,-0.31942,8.8734
-111.93,-8.4707,5.7023
-113.93,-6.1225,6.3392
-114.31,-4.8573,6.4601
-115.95,-4.2429,7.6215
-116.57,-3.827,8.237
-117.49,-2.3355,11.201
-117.48,2.984,9.1551
-117.2,2.4562,10.07
-117.69,0.45344,6.7224
-117.3,-0.21102,6.065
-117.55,-0.22568,7.3915
-116.96,-0.84131,6.6984
-117.94,1.2015,7.5535
-117.88,0.4777,8.2158
-117.84,2.0658,8.3846
-117.77,1.2982,9.1205
-116.08,-1.1337,4.9393
-116.95,1.1281,11.057
-117.61,0.45231,9.8732
-108.02,2.7662,17.239
-113.56,-4.1283,5.4971
-117.05,-2.8765,8.9007
-116.52,-3.0119,7.9345
-117.45,-2.3895,10.035
-115.97,0.1557,13.448
-116.89,-0.36791,12.093
-115.79,-0.9966,14.259
-116.93,-1.4615,12.5
-116.16,-2.4231,14.075
-117.01,-2.5576,12.625
-117.48,-0.94627,10.774
-112.26,-1.2865,17.219
-115.29,-2.4167,15.166
-115.37,-3.6136,15.103
-114.34,-2.1411,16.026
-114.38,-2.9653,16.019
-113.59,-5.074,16.531
-113.03,-6.0481,16.996
-113.34,-2.062,16.744
-112.35,-4.6789,17.262
-111.96,-5.4109,17.523
-108.9,1.2418,17.747
-109.49,-0.049451,17.959
-108.81,-2.0707,18.424
-111.09,-8.5532,5.3711
-112.58,-5.8566,5.1809
-112.64,-6.7279,5.658
-109.98,-10.109,5.6587
-112.81,-6.1441,5.5957
-114.01,-4.2236,6.0863
-115.18,-3.9406,7.0276
-114.75,-7.1201,15.67
-114.3,-6.5624,16.036
-115.29,-5.7584,14.916
-114.84,-5.5655,15.451
-116.42,-5.4083,13.41
-117.07,-5.5693,12.179
-117.03,-4.9692,9.2182
-116.45,-5.613,8.3462
-115.59,-6.0545,7.5378
-116.11,-5.2124,7.8918
-115.16,-6.969,7.1547
-114.94,-7.9162,6.8149
-116.82,-6.3192,8.8255
-117.46,-5.4287,10.109
-115.24,-6.5066,14.931
-115.96,-7.0329,7.8377
-117.49,-5.5772,11.033
-117.17,-5.9365,9.3781
-117.04,-7.5771,13.031
-116.66,-7.1546,13.256
-117.5,-7.1057,11.983
-116.21,-7.7855,14.21
-117.22,-6.5445,12.033
-117.68,-6.6624,11.013
-116.49,-6.3285,13.277
-115.81,-7.0178,14.305
-109.61,-3.7412,18.269
-110.95,-4.4681,17.871
-110.99,-0.77281,17.645
-110.5,0.32492,17.55
-111.64,-3.1088,17.56
-113.17,-0.92418,16.642
-112.31,-0.59792,17.046
-114.08,-1.213,16.076
-114.92,-1.2645,15.347
-110.05,-2.8251,18.137
-113.52,-5.1429,5.8554
-115.87,-8.0967,7.4833
-112.88,-7.6703,5.8876
-114.28,-8.3742,6.3901
-116.12,-1.9312,6.7492
-116.83,-0.64483,5.5477
-112.14,-8.0007,18.637
-112.47,-7.1818,17.818
-111.57,-6.2176,18.088
-114.12,-8.4126,16.716
-113.42,-8.2659,17.384
-113.39,-9.2182,17.778
-113.96,-11.096,17.65
-114.84,-11.587,17.03
-114.64,-10.753,16.86
-115.1,-9.7023,16.143
-114.29,-11.897,17.4
-114.41,-9.6252,16.71
-110.45,-5.5138,18.602
-111.32,-6.754,18.733
-119.66,-9.4723,13.357
-115.68,-8.5112,15.291
-116.16,-8.9647,15.096
-112.07,-12.048,7.2041
-111.1,-11.451,6.927
-111.53,-11.107,6.4632
-111.12,-9.542,5.8082
-110.26,-10.983,6.4045
-112.06,-9.6551,5.9817
-110.35,-12.213,7.8395
-113.35,-10.331,6.1893
-114.23,-9.301,6.2954
-112,-12.574,7.5458
-113.65,-16.41,8.8768
-117.67,-8.3204,13.218
-119.25,-11.371,7.8708
-117.36,-9.5881,7.6753
-117.64,-14.75,7.3599
-119.37,-9.3918,9.2845
-119.45,-9.1034,9.8817
-118.42,-7.7525,10.369
-119.71,-9.1819,10.566
-119.21,-8.8559,11.831
-118.56,-8.9075,13.059
-118.95,-9.1627,13.035
-117.7,-9.0593,14.082
-116.66,-8.2523,14.04
-115.23,-15.712,8.2719
-115.15,-14.005,7.71
-116.57,-14.342,7.4788
-116.97,-13.631,7.069
-116.11,-12.053,6.6426
-116.48,-11.062,6.7112
-112.77,-14.049,7.7999
-113.75,-13.853,7.6647
-115.39,-13.212,7.1605
-116.15,-10.006,6.7821
-117.15,-8.3034,8.4561
-117.89,-8.0117,9.1568
-118.01,-7.5335,9.7381
-117.67,-6.7726,10.239
-118.16,-7.4754,11.093
-118.13,-7.8521,12.019
-119.14,-9.4879,13.784
-119.66,-9.1622,11.624
-120.26,-9.9472,9.6653
-120.21,-10.295,9.176
-119.37,-10.523,8.3722
-120.15,-12.164,7.8092
-119.21,-12.344,7.5101
-118.73,-13.433,7.2332
-116.72,-15.943,8.3212
-116.84,-16.52,8.6177
-115.29,-17.565,9.2467
-114.82,-16.799,8.7576
-114.65,-17.3,9.1279
-119.92,-9.3875,12.03
-120.25,-9.5461,10.977
-120.46,-9.8537,10.078
-120.3,-11.39,8.2708
-119.7,-13.129,7.5
-119.16,-14.465,7.3782
-118.7,-15.89,7.7896
-118.69,-9.4334,8.6647
-120.08,-10.641,8.7597
-117.74,-11.486,7.0948
-118.28,-16.706,8.3754
-118.89,-8.2508,11.035
-117.29,-18.111,9.4715
-116.16,-18.078,9.5982
-115.41,-18.39,10.04
-117.46,-6.9272,9.4685
-115.21,-10.244,6.4251
-113,-13.294,7.5366
-112.95,-11.56,6.5927
-116.12,-8.8255,7.2533
-118.29,-9.6066,14.448
-116.98,-9.5887,15.081
-114.17,-17.398,9.5685
-114.81,-18.354,10.877
-116.68,-7.2083,8.5277
-115.14,-9.4523,6.498
-115.86,-9.2564,6.88
-117.7,-10.741,7.3133
-117.89,-12.423,6.9879
-113.47,-12.754,7.2099
-114.13,-15.998,8.3495
-116.04,-18.891,10.232
-111.68,-13.196,7.8984
-112.48,-14.475,8.1349
-115.52,-19.034,11.071
-110.7,-10.438,6.0738
-115.7,-12.594,6.7965
-114.28,-11.847,6.5384
-117.63,-13.224,6.9841
-112.86,-10.788,6.2533
-114.52,-11.368,6.3502
-114.78,-10.969,6.3189
-119.47,-15.308,7.5953
-117.84,-14.249,7.1789
-110.74,-13.309,8.4237
-111.5,-14.335,9.0209
-115.58,-9.874,15.89
-116.27,-10.647,16.156
-115.34,-14.198,16.851
-114.66,-16.408,14.979
-115.64,-13.616,17.062
-115.3,-13.31,17.122
-116.59,-12.832,17.26
-114.76,-12.987,17.172
-116.38,-12.453,17.177
-116.78,-11.878,17.054
-117.22,-11.194,16.621
-117.71,-10.487,15.828
-118.68,-9.8407,14.718
-113.58,-16.828,10.902
-113.16,-16.196,11.23
-113.86,-16.575,12.525
-113.81,-16.53,13.717
-112.37,-15.344,9.1621
-113.1,-16.336,10.134
-112.63,-15.731,10.241
-113.3,-16.437,12.496
-114.4,-12.659,17.422
-115.25,-12.385,17.161
-115.48,-11.611,16.895
-118.91,-10.12,15.252
-118.23,-10.803,16.281
-117.77,-11.449,16.869
-117.4,-11.988,17.148
-116.94,-13.482,17.409
-116.24,-14.182,17.167
-115.83,-15.157,16.691
-115.51,-16.102,15.852
-115.43,-16.442,15.273
-114.87,-16.581,14.579
-114.86,-16.911,13.823
-115.35,-17.507,13.926
-114.79,-17.549,12.799
-115.04,-18.256,12.428
-114.25,-17.805,10.493
-119.49,-9.6771,14.149
-118.94,-10.454,15.903
-118.54,-11.023,16.621
-118.76,-11.132,16.828
-118.38,-11.674,17.15
-117.54,-12.616,17.39
-117.06,-14.014,17.398
-116.63,-14.833,17.091
-116.25,-15.708,16.513
-117.7,-10.03,15.234
-116.07,-16.237,15.99
-116.25,-11.493,16.77
-115.7,-17.085,14.893
-115.44,-18.064,13.739
-112.12,-15.174,9.6552
-114.46,-16.668,13.769
-114.17,-17.109,12.131
-112.8,-15.98,11.054
-115.66,-16.722,15.178
-113.58,-17.041,10.078
-114.56,-18.031,11.392
-115.21,-18.752,12.267
-112.29,-14.967,8.7175
-113.78,-16.928,9.353
-111.55,-13.92,8.4777
-114.91,-16.044,15.657
-115.63,-15.722,16.269
-120.83,-14.146,7.6327
-121.61,-13.398,7.823
-121.05,-15.559,7.978
-116.39,-19.875,10.709
-116.64,-20.822,10.829
-116.92,-19.067,10.126
-118.47,-18.176,9.2128
-121.34,-12.615,7.8938
-121.21,-11.873,8.192
-121.37,-10.924,8.9788
-121.26,-11.418,8.4936
-121.85,-10.492,9.5822
-121.58,-9.5775,11.438
-121.82,-10.009,10.48
-115.89,-19.546,11.148
-122.92,-10.282,9.7563
-123.35,-12.44,8.2314
-123.08,-13.321,8.0694
-122.97,-11.354,8.6899
-123.08,-11.85,8.4173
-122.97,-10.841,9.1114
-120.8,-16.456,8.3056
-121.96,-14.39,7.9201
-123.13,-15.631,8.3238
-117.8,-13.308,17.602
-118.16,-12.566,17.574
-117.41,-14.425,17.422
-115.62,-18.998,13.716
-115.88,-20.762,12.373
-115.55,-19.51,13.025
-115.54,-19.375,12.146
-115.89,-18.899,14.553
-115.88,-17.986,14.818
-118.89,-11.694,17.62
-119.26,-10.957,17.234
-119.91,-10.294,16.737
-119.68,-10.242,16.098
-121.44,-9.1311,13.435
-120.75,-9.5702,15.154
-119.89,-12.136,18.331
-120.24,-10.348,17.33
-120.33,-10.68,17.808
-117.89,-15.417,17.446
-118.76,-13.236,17.998
-119.85,-14.459,18.596
-116.15,-17.529,15.411
-116.4,-16.836,15.993
-116.67,-16.23,16.473
-116.93,-15.41,16.975
-118.45,-11.88,17.365
-119.85,-9.976,15.361
-120.18,-9.6779,14.45
-120.37,-9.4496,13.397
-120.5,-9.4174,12.521
-120.76,-9.5707,11.555
-121,-9.9177,10.539
-121.13,-10.359,9.6267
-120.73,-12.966,7.7189
-119.73,-16.417,8.1241
-119.2,-17.134,8.5479
-118.44,-25.286,12.31
-116.44,-23.632,11.043
-116.1,-24.108,11.715
-116.08,-24.678,12.147
-117.38,-25.716,13.046
-117.04,-25.601,12.571
-117.75,-25.466,12.187
-122.32,-8.9592,13.185
-135.2,-10.923,17.368
-134.49,-23.642,18.589
-136.07,-20.38,18.723
-123.73,-8.2919,13.118
-122.75,-26.589,13.623
-129.75,-16.333,8.4482
-128.2,-14.753,7.3022
-129.44,-14.866,7.5834
-129.86,-15.222,7.7836
-130.06,-15.805,8.1671
-122.11,-26.52,13.72
-120.83,-26.337,13.964
-125.49,-25.088,14.661
-124.78,-25.282,13.488
-125.21,-24.03,10.432
-124.71,-24.994,12.021
-130.05,-25.376,12.966
-130.95,-26.001,14.805
-131.61,-25.053,13.363
-133.4,-25.115,16.141
-134.25,-24.22,15.144
-133.56,-24.256,14.03
-127.97,-22.565,10.166
-127.5,-23.41,10.585
-126.44,-24.115,10.912
-128.51,-25.655,12.345
-127.38,-23.945,11.103
-121.14,-24.844,11.182
-122.56,-24.485,10.914
-120.9,-24.285,10.623
-125.46,-20.654,8.9187
-126.96,-20.923,9.2311
-125.69,-21.894,9.3145
-122.61,-23.832,10.195
-121.97,-23.092,9.6658
-116.97,-22.301,10.446
-117.16,-20.772,10.448
-118,-21.393,9.622
-122.84,-25.635,13.441
-122.59,-25.116,12.022
-119.04,-23.13,9.869
-120.61,-22.244,9.1711
-119.4,-23.957,10.607
-117.22,-24.011,10.765
-117.75,-23.192,10.155
-118.55,-24.547,11.313
-118.19,-23.898,10.598
-118.95,-22.401,9.4755
-121.24,-20.914,8.5437
-117.92,-19.262,9.8029
-119.39,-17.93,8.8791
-120.46,-17.18,8.5661
-120.73,-25.246,11.891
-120.42,-26.403,13.629
-119.08,-25.289,12.205
-121.56,-25.127,11.689
-120.59,-24.699,11.148
-120.26,-24.754,11.389
-118.34,-25.5,12.932
-122.07,-25.872,13.478
-121.49,-26.423,14.466
-125.49,-24.584,11.168
-129.68,-16.798,9.1419
-131.91,-15.207,9.7098
-130.65,-13.332,9.1574
-131.69,-17.476,9.9942
-133.43,-17.674,10.719
-135.16,-17.243,11.802
-134.91,-19.769,12.147
-133.02,-19.562,10.962
-132.58,-13.091,9.9486
-130.42,-18.145,9.7269
-128.27,-7.3651,13.666
-126.58,-7.5892,13.278
-125.09,-7.9769,12.976
-122.49,-9.1149,12.432
-121.15,-9.1852,12.617
-129.31,-16.017,8.8593
-136.59,-13.115,15.35
-135.59,-11.237,14.86
-134.69,-10.264,14.504
-136.5,-20.365,15.332
-136.82,-18.734,15.227
-136.79,-14.598,14.549
-136.48,-13.345,14.283
-135.54,-11.506,13.816
-134.71,-10.645,13.439
-136.46,-19.248,14.206
-136.57,-15.554,13.605
-136.22,-13.556,13.249
-135.32,-11.883,12.83
-134.56,-11.037,12.455
-135.85,-19.121,12.901
-135.94,-15.693,12.408
-135.69,-14.177,12.142
-134.69,-12.268,11.698
-133.77,-11.281,11.323
-135.01,-15.109,11.482
-134.63,-13.642,11.188
-133.89,-12.531,10.842
-133.26,-11.815,10.627
-131.55,-12.314,9.556
-132.08,-11.078,10.198
-132.14,-10.284,10.723
-132.41,-9.617,11.564
-133.72,-10.348,12.099
-132.04,-8.8969,12.407
-133.75,-9.8345,13.027
-131.95,-8.3183,13.493
-133.65,-9.3766,14.146
-120.84,-17.723,8.6662
-123.4,-16.702,8.6617
-123.49,-14.435,8.1094
-126.36,-13.002,8.3191
-128.31,-12.916,8.6008
-128.11,-13.92,8.5312
-126.14,-14.743,8.1788
-129.71,-12.969,8.8869
-125.15,-14.127,8.1451
-124.53,-13.11,8.1768
-128.53,-7.7452,12.592
-126.82,-7.9673,12.238
-125.3,-8.3253,11.998
-124.15,-8.8666,11.389
-122.71,-9.3192,11.66
-130.28,-8.3229,11.943
-128.73,-8.2878,11.57
-127.05,-8.4789,11.239
-125.51,-8.7948,10.994
-122.93,-9.7069,10.712
-130.37,-8.9557,11.063
-128.87,-8.9002,10.713
-127.23,-9.034,10.355
-124.97,-9.5038,9.9935
-130.5,-9.6832,10.297
-128.92,-9.5707,9.9668
-127.32,-9.7116,9.6402
-125.83,-9.9629,9.4203
-124.44,-10.226,9.3147
-130.48,-10.441,9.7399
-128.91,-10.279,9.4143
-127.33,-10.372,9.1457
-125.13,-10.677,8.8926
-130.27,-11.902,9.1443
-128.12,-11.69,8.7076
-125.41,-11.971,8.3897
-122.11,-17.126,8.6152
-121.67,-20.311,8.4239
-120.97,-19.854,8.3068
-122.64,-17.868,8.4388
-135.49,-20.254,12.907
-135.03,-23.476,16.389
-134.93,-23.491,15.51
-134.63,-23.222,14.173
-134.19,-22.711,13.142
-134.09,-21.028,12.042
-128.61,-18.895,9.3244
-127.84,-21,9.5276
-129.04,-21.219,10.011
-134.72,-21.376,12.74
-135.08,-21.948,13.595
-135.78,-21.412,14.208
-135.17,-22.948,14.894
-135.61,-22.469,15.654
-135.5,-22.718,16.385
-136.15,-20.449,14.122
-132.01,-24.037,12.52
-121.57,-21.692,8.8973
-119.33,-20.185,8.8195
-120.01,-19.659,8.5101
-118.44,-19.527,9.5528
-120.69,-18.786,8.3921
-125.38,-15.19,8.1677
-124.43,-15.505,8.2859
-128.7,-24.609,11.409
-127.27,-21.884,9.616
-124.64,-24.349,10.779
-127.92,-26.5,13.988
-128.58,-26.193,13.324
-119.77,-26.286,14.137
-120.39,-25.738,12.561
-119.99,-25.171,12.006
-119.41,-25.661,14.844
-120.03,-25.774,12.94
-119.34,-26.114,13.379
-119.3,-26.097,14.051
-119.24,-25.876,12.777
-118.88,-26.043,13.344
-127.4,-17.461,8.683
-126.5,-16.854,8.5192
-127.3,-16.909,8.1351
-127.66,-16.885,8.4718
-124.67,-16.595,7.8209
-124.84,-17.281,7.9267
-124.76,-17.671,8.5674
-126.05,-16.747,7.6626
-126.93,-15.836,7.4501
-128.32,-16.316,8.5
-129.79,-16.363,8.0498
-129.64,-15.183,7.4123
-129.15,-15.435,8.7745
-126.26,-15.7,8.2506
-127.51,-15.038,8.4443
-126.08,-16.941,8.0198
-128.31,-14.879,7.8893
-127,-15.366,7.6484
-127.5,-15.191,7.8668
-128.47,-15.067,8.1709
-129.4,-15.088,8.2132
-129.79,-15.947,8.6195
-129.12,-16.69,8.9228
-129.19,-15.471,8.565
-127.94,-14.471,7.5899
-128.89,-14.52,7.1979
-128.3,-15.423,7.5648
-127.89,-15.368,7.91
-128.74,-14.402,7.5315
-128.73,-14.796,7.0896
-128.28,-15.224,7.3644
-129.6,-14.634,7.9914
-129.59,-14.572,7.6559
-128.8,-15.989,8.0059
-130.08,-14.877,7.8411
-129.92,-14.961,7.4854
-128.52,-15.769,8.4034
-130.21,-16.054,8.6216
-130.31,-16.075,8.1382
-129.72,-15.775,8.2606
-129.72,-16.661,8.7633
-130.01,-16.58,8.3222
-129.11,-16.928,8.4493
-127.89,-16.434,8.4412
-127.56,-15.673,8.1795
-126.66,-16.902,8.1765
-125.91,-17.237,8.0305
-125.56,-16.31,8.2872
-125.66,-15.733,7.0527
-125.73,-16.036,7.8702
-126.38,-15.298,7.4757
-126.38,-15.085,7.2853
-126.69,-15.324,7.0748
-127.17,-15.558,7.9255
-126.21,-15.203,6.9989
-127.34,-14.911,6.9138
-116.35,-21.843,11.28
-126.92,-24.667,11.973
-126.53,-24.923,12.23
-128.42,-25.118,11.693
-126.37,-24.471,11.586
-127.41,-25.327,12.428
-126.97,-24.45,12.088
-127.25,-25.307,12.742
-127.21,-24.393,11.655
-127.01,-24.979,12.224
-127.76,-25.235,11.984
-126.88,-25.19,13.079
-126.86,-25.044,13.579
-126.53,-24.908,13.864
-126.67,-25.302,13.715
-127.07,-25.426,13.46
-126.48,-25.1,14.257
-127.3,-25.949,13.753
-126.05,-25.072,14.711
-125.5,-24.897,14.148
-125.53,-24.994,13.331
-126.07,-24.901,12.954
-125.94,-25.118,13.077
-125.64,-24.919,12.493
-120.05,-25.501,13.303
-120.08,-25.473,13.171
-120.41,-24.897,11.926
-119.72,-25.543,14.122
-122.31,-26.407,13.416
-130.09,-7.7747,12.962
-136.93,-14.432,15.621
-137.04,-17.442,16.105
-136.82,-19.18,16.287
-136.31,-20.975,16.563
-133.04,-25.205,15.155
-129.57,-26.207,14.565
-124.49,-26.475,15.023
-124.08,-25.583,13.538
-122.33,-27.851,14.775
-132.38,-25.615,17.535
-132.86,-25.051,18.661
-132.93,-25.395,17.135
-122.21,-26.435,13.938
-122,-26.355,13.983
-123.5,-27.107,14.736
-125.22,-26.35,15.47
-131.69,-25.93,15.721
-133.68,-24.808,17.479
-132.48,-25.636,15.913
-126.48,-26.273,16.505
-126.08,-26.177,16.051
-133.49,-9.0801,15.329
-131.71,-7.9619,14.684
-129.82,-7.4002,14.096
-136.74,-18.97,17.418
-136.93,-17.315,17.366
-136.79,-14.228,16.968
-136.42,-12.885,16.63
-136.22,-13.029,17.931
-135.48,-11.075,16.1
-134.58,-10.02,15.73
-134.87,-23.579,17.501
-135.4,-22.721,17.557
-136.36,-20.502,17.519
-128.12,-26.72,14.929
-126.45,-26.078,15.368
-121.87,-26.523,14.422
-122.01,-26.965,14.373
-125.61,-26.237,15.841
-125.94,-25.962,15.49
-122.82,-27.728,14.737
-127.97,-7.1879,14.632
-124.91,-7.8153,13.725
-135.65,-21.553,18.722
-126.35,-7.41,14.141
-131.41,-7.7855,15.8
-129.5,-7.2168,15.123
-136.65,-17.086,18.535
-136.44,-18.841,18.664
-134.32,-9.8875,16.968
-121.47,-9.0191,12.832
-132.95,-23.839,12.961
-132.42,-21.786,11.403
-130.21,-22.561,10.899
-129.97,-23.627,11.388
-124.77,-22.747,9.5741
-126.31,-23.151,9.9607
-129.22,-22.981,10.731
-126.14,-23.906,10.463
-124.6,-25.735,14.333
-123.97,-26.195,14.316
-126.63,-19.693,8.9369
-130.79,-21.326,10.676
-133.32,-15.606,10.369
-136.01,-17.037,12.647
-136.61,-17.172,13.905
-136.95,-16.708,14.944
-137.06,-15.993,15.874
-136.93,-15.575,17.18
-136.66,-15.368,18.338
-124.14,-16.739,8.6593
-125.63,-18.026,8.6349
-131.9,-16.222,9.8254
-136.43,-14.414,13.411
-135.25,-13.086,11.919
-135.88,-12.76,13.084
-136.12,-12.463,14.091
-136.21,-12.229,15.143
-136.06,-12.053,16.406
-136.14,-21.375,15.476
-136.02,-21.441,17.543
-135.03,-22.802,18.668
-134.25,-18.184,11.266
-133.71,-20.108,11.428
-133.09,-12.639,10.251
-125.81,-11.182,8.6506
-128.39,-10.956,8.9887
-130.36,-11.168,9.3889
-131.63,-11.626,9.7478
-133.77,-13.956,10.564
-134.13,-15.716,10.859
-132.82,-9.2561,12.676
-132.71,-8.7288,13.784
-132.52,-8.3671,14.988
-132.24,-8.1918,16.109
-131.23,-9.1746,11.272
-131.15,-8.5567,12.165
-131.05,-8.0026,13.229
-130.83,-7.6517,14.404
-130.54,-7.4793,15.486
-116.3,-25.329,13.268
-116.45,-25.181,12.024
-117.12,-25.195,11.76
-118.49,-25.655,13.48
-115.63,-24.134,13.343
-116.5,-24.319,11.2
-122.84,-27.079,14.177
-122.11,-27.305,14.279
-123.25,-25.897,13.824
-125.71,-23.544,10.084
-123.27,-23.161,9.7279
-117.76,-22.45,9.8851
-116.22,-22.827,11.367
-131.26,-23.484,11.768
-129.89,-24.529,12.004
-131.93,-25.589,14.426
-129.7,-25.887,13.66
-123.44,-18.337,8.439
-119.67,-18.553,8.9108
-119.94,-20.589,8.5644
-120.17,-21.273,8.727
-123.13,-20.5,8.6827
-123.47,-19.045,8.4482
-116.18,-20.749,11.492
-133.24,-22.101,11.954
-134.2,-24.456,16.173
-132.32,-22.663,11.739
-125.02,-19.428,8.6467
-127.44,-18.108,8.8493
-125.77,-25.329,15.031
-121.29,-25.899,13.063
-123.5,-25.659,13.515
-128.23,-23.41,10.715
-132.61,-24.713,13.579
-133.03,-24.998,14.517
-127.21,-26.524,14.697
-128.03,-15.642,8.2875
-127.28,-16.702,8.6162
-129.27,-16.515,8.5286
-126.69,-16.414,9.1764
-126.74,-16.418,8.7264
-126.47,-16.359,8.3061
-126.63,-16.514,7.7985
-127.04,-16.281,8.5549
-130.1,-15.206,8.2895
-128.33,-16.952,8.7832
-129.18,-16.559,8.2421
-127.67,-14.574,7.0857
-127.37,-15.456,7.2605
-125.18,-15.922,7.4083
-124.98,-16.154,7.8095
-124.82,-17.095,8.4283
-124.62,-16.918,8.3321
-129.97,-15.744,7.6757
-130.38,-15.417,8.0332
-129.17,-15.302,7.6765
-125.31,-17.554,8.4531
-127.85,-25.973,13.026
-125.94,-24.743,14.245
-127.1,-24.911,12.748
-122.54,-27.85,15.376
-133.68,-24.535,18.404
-129.93,-26.24,17.553
-129.23,-26.385,15.626
-130.25,-26.296,16.233
-132.67,-23.274,12.279
-126.43,-23.898,12.79
-126.69,-23.919,12.46
-126.25,-23.865,13.105
-126.12,-23.799,13.378
-126.01,-23.745,14.022
-125.86,-23.761,14.451
-125.97,-23.808,14.337
-126.32,-23.744,14.233
-126.57,-23.877,14.182
-126.43,-23.884,14.09
-126.97,-23.838,13.872
-127.23,-23.888,13.479
-127.41,-23.935,12.811
-127.32,-24.001,12.614
-127.32,-24.079,12.369
-127.23,-24.007,12.452
-127.05,-24.056,12.272
-127.04,-23.96,12.229
-125.89,-24.33,14.377
-126.57,-24.752,14.019
-122.65,-26.787,14.374
-121.77,-26.983,14.555
-122.41,-26.736,14.879
-122.04,-26.763,14.824
-122.17,-25.874,14.717
-122.9,-25.235,14.374
-122.36,-25.768,14.029
-122.55,-25.763,14.86
-122.81,-25.739,14.2
-127.35,-24.504,12.683
-127.07,-24.566,13.548
-121.02,-25.267,14.456
-120.33,-24.737,12.121
-121.41,-25.099,13.292
-121.52,-24.781,12.51
-121.28,-24.427,12.094
-119.96,-24.238,11.972
-119.57,-24.831,12.425
-119.25,-24.801,12.763
-121.26,-25.269,13.851
-120.79,-25.436,13.512
-119.03,-25.059,13.493
-120.59,-23.649,11.622
-121.66,-23.887,11.916
-122.06,-22.85,11.647
-120.73,-22.896,11.357
-121.91,-21.992,11.389
-118.6,-21.623,12.552
-119.19,-20.526,12.212
-118.88,-21.806,12.054
-119.76,-21.442,11.691
-120.46,-22.178,11.342
-120.38,-21.061,11.578
-123.02,-22.002,12.592
-122.8,-21.925,12.039
-123.17,-21.842,13.396
-122.66,-23.203,14.279
-122.77,-23.14,13.357
-122.19,-24.37,13.778
-122.02,-24.292,14.684
-123.11,-21.13,13.282
-123.11,-21.534,13.82
-122.63,-20.855,15.11
-123.01,-21.224,12.589
-122.65,-21.012,12.005
-122.37,-21.968,11.615
-121.03,-20.781,11.579
-121.21,-21.647,11.35
-119.46,-20.557,11.909
-119.15,-20.163,13.026
-122.89,-22.109,14.565
-122.67,-22.982,12.515
-122.45,-22.92,12.044
-120.05,-22.781,11.543
-118.7,-22.565,12.16
-118.28,-22.574,12.919
-122.06,-24.075,12.43
-119.15,-23.774,12.247
-118.73,-23.983,12.52
-118.3,-23.933,13.074
-120.04,-25.194,12.864
-119.8,-20.007,11.77
-122.16,-21.08,11.633
-122.64,-20.525,12.577
-122.81,-20.542,13.286
-119.08,-19.598,13.208
-119.22,-19.84,12.016
-119.76,-19.541,11.852
-121.73,-20.358,11.981
-122.3,-19.785,13.596
-120.45,-19.259,12.053
-121.68,-19.491,12.659
-121.69,-19.219,13.322
-118.8,-19.344,13.091
-119,-19.529,11.926
-120.43,-18.82,12.374
-120.42,-18.521,13.282
-118.25,-19.234,12.902
-118.43,-19.319,12.364
-118.59,-19.467,11.881
-118.69,-19.225,11.78
-118.76,-18.845,11.78
-118.76,-18.492,11.837
-118.7,-18.259,12.019
-118.55,-18.091,12.439
-118.41,-18.037,12.816
-120.69,-24.441,12.039
-120.46,-24.945,12.408
-127.8,-26.748,15.049
-123.5,-21.689,9.0558
-126.97,-16.517,9.1728
-117.72,-25.015,14.738
-116.07,-25.001,14.05
-116.07,-24.651,14.416
-115.62,-24.178,14.138
-118.06,-25.47,13.901
-116.98,-25.576,13.828
-116.97,-25.138,14.53
-119.42,-24.887,16.25
-120.99,-14.897,20.685
-123.47,-13.061,22.133
-124.63,-13.148,22.636
-125.07,-13.51,22.796
-125.44,-14.154,22.678
-121.56,-26.632,15.983
-121.36,-25.484,16.116
-120.42,-26.232,14.958
-124.01,-17.241,21.376
-124.64,-24.562,17.112
-123.77,-25.367,16.802
-123.55,-24.835,17.424
-123.02,-23.133,20.071
-122.63,-24.435,18.183
-127.53,-24.478,20.866
-129.04,-24.129,21.386
-132.8,-24.047,20.426
-131.7,-24.037,21.143
-132.37,-23.54,21.258
-131.08,-23.37,21.805
-124.88,-21.27,21.493
-124.04,-22.815,20.449
-119.88,-24.488,17.011
-117.52,-23.078,16.53
-118.71,-23.016,17.533
-118.89,-23.708,17.2
-122.18,-22.971,19.803
-121.77,-19.33,20.487
-123.23,-21.543,20.891
-122.1,-20.613,20.555
-122.4,-22.175,20.347
-116.24,-20.943,16.312
-115.71,-21.459,15.045
-121.91,-25.314,16.416
-120.14,-23.418,18.175
-120.03,-22.909,18.518
-116.82,-22.515,16.411
-115.99,-22.621,15.569
-115.68,-22.432,15.086
-116.65,-21.584,16.668
-118,-20.054,18.319
-115.73,-20.863,14.067
-115.7,-20.638,13.293
-115.9,-20.096,14.561
-116.92,-17.114,16.429
-117.72,-16.204,17.196
-118,-16.738,17.417
-120.12,-26.452,14.344
-118.58,-24.788,15.707
-118.94,-24.291,16.374
-118.29,-25.509,14.587
-124.96,-25.101,16.708
-122.83,-23.63,19.522
-126.4,-25.723,19.506
-125.6,-16.565,21.908
-123.38,-16.053,21.103
-120.3,-11.266,18.191
-127.85,-13.756,22.438
-126.62,-11.893,21.769
-125.49,-13.807,21.782
-126.62,-15.003,22.201
-129.5,-16.269,23.01
-131.56,-15.963,23.051
-131.39,-18.516,23.15
-129.18,-18.191,22.968
-128.67,-11.695,22.196
-127.63,-16.294,22.537
-127.65,-7.1439,15.605
-126.04,-7.3934,14.995
-124.62,-7.8077,14.459
-123.27,-8.2646,14.391
-135.04,-12.56,20.213
-134.06,-10.691,19.644
-133.19,-9.7271,19.211
-134.48,-19.651,21.657
-134.78,-18.015,21.59
-134.65,-13.843,21.27
-134.32,-12.574,21.04
-133.4,-10.744,20.496
-132.57,-9.8798,20.146
-133.87,-18.325,22.297
-133.86,-14.599,22.087
-133.5,-12.586,21.759
-132.63,-10.925,21.23
-131.85,-10.071,20.919
-132.64,-17.973,22.961
-132.66,-14.519,22.704
-132.4,-12.993,22.458
-131.45,-11.109,21.851
-130.55,-10.128,21.419
-131.4,-13.812,22.784
-131.02,-12.347,22.499
-130.29,-11.244,22.126
-129.69,-10.542,21.786
-127.66,-10.922,21.763
-128.53,-9.8104,21.301
-128.93,-9.1381,20.755
-129.68,-8.6431,20.106
-131.01,-9.3802,20.585
-129.91,-8.1357,19.079
-131.6,-9.0663,19.76
-130.49,-7.799,18.045
-132.19,-8.8548,18.719
-120.2,-15.604,18.7
-119.91,-13.223,18.611
-122.66,-11.679,19.912
-124.42,-11.525,20.786
-124.15,-12.508,20.931
-122.28,-13.367,20.25
-125.72,-11.545,21.369
-121.5,-12.821,19.586
-121.08,-11.874,18.998
-127.22,-7.2781,16.686
-125.61,-7.5346,16.031
-124.21,-7.9339,15.429
-121.51,-9.1891,14.337
-128.24,-7.5953,18.322
-126.77,-7.5858,17.722
-125.19,-7.8149,17.06
-123.77,-8.1736,16.439
-122.58,-8.5796,15.799
-127.77,-8.0276,19.198
-126.35,-7.9997,18.606
-124.79,-8.1641,17.98
-123.36,-8.5206,17.379
-122.11,-8.9134,16.763
-127.39,-8.5725,20.031
-125.92,-8.4981,19.369
-124.42,-8.6736,18.738
-123.06,-8.9714,18.111
-121.84,-9.2981,17.451
-127.01,-9.1996,20.619
-125.54,-9.0783,19.942
-124.1,-9.2161,19.273
-122.13,-9.6071,18.272
-126.4,-10.519,21.271
-124.4,-10.363,20.339
-121.99,-10.751,19.097
-119.08,-16.046,18.082
-117.81,-18.65,18.233
-119.41,-16.842,18.772
-120.25,-17.793,19.547
-132.28,-19.101,22.984
-133.68,-22.993,20.614
-133.09,-22.835,21.258
-132.1,-22.317,22.092
-131.19,-21.635,22.556
-128.86,-20.472,22.75
-130.59,-19.773,23.026
-124.98,-18.708,21.692
-123.45,-19.502,21.26
-126.34,-20.071,22.078
-131.48,-20.218,22.904
-132.22,-20.921,22.547
-133.18,-20.483,22.354
-132.97,-22.166,21.772
-133.8,-21.822,21.324
-134.11,-22.218,20.73
-133.5,-19.5,22.437
-128.96,-22.948,22.073
-120.48,-22.05,19.252
-119.2,-22.123,18.389
-116.71,-19.295,16.928
-116.07,-20.427,15.761
-116.49,-18.665,15.712
-117.33,-18.194,17.544
-117.18,-17.643,16.753
-121.63,-13.851,19.916
-121.4,-14.731,19.782
-124.61,-22.04,21.122
-125.58,-23.494,21.172
-126.82,-23.017,21.553
-123.45,-20.423,21.198
-115.57,-22.991,13.356
-122.18,-23.612,19.162
-126.64,-26.098,18.912
-119.43,-25.492,15.667
-118.53,-25.641,14.934
-119.17,-25.632,15.139
-118.66,-26.061,14.149
-122.64,-15.474,20.622
-123.07,-15.396,21.396
-120.77,-15.227,20.053
-121.24,-15.642,19.803
-121,-15.248,19.858
-120.91,-15.877,20.224
-121.91,-15.133,21.111
-122.44,-14.234,21.503
-123.94,-14.817,21.501
-121.22,-16.004,19.871
-125.09,-14.684,22.775
-124.68,-13.409,22.956
-125.08,-14.211,21.721
-124.43,-13.708,21.309
-121.77,-14.952,20.153
-122.32,-14.343,20.439
-123.34,-13.698,20.812
-123.93,-15.632,21.336
-120.91,-15.733,19.862
-125.71,-14.547,22.407
-122,-15.483,20.794
-123.82,-13.294,21.729
-123.19,-13.65,21.372
-124.15,-13.524,21.662
-125.43,-14.412,22.223
-124.95,-15.305,21.74
-124.92,-13.654,22.084
-125.22,-14.68,21.814
-123.2,-12.991,21.58
-123.62,-12.746,22.358
-123.65,-13.764,22.113
-123.52,-13.807,21.596
-124.37,-12.864,22.077
-123.69,-12.701,22.078
-123.77,-13.025,22.611
-123.54,-13.529,22.223
-124.27,-14.374,22.165
-125.65,-13.623,22.612
-125.26,-13.09,22.592
-125.49,-13.606,23.003
-125.26,-14.753,22.423
-124.29,-14.258,21.647
-125.7,-14.326,22.893
-124.91,-14.103,22.375
-125.52,-15.073,22.405
-125.35,-14.805,22.825
-124.28,-15.42,21.576
-124.73,-15.361,22.188
-123.39,-14.18,21.257
-123.36,-15.284,21.006
-123.74,-14.98,21.382
-121.98,-15.797,20.757
-121.51,-14.819,20.366
-122.04,-13.747,21.06
-121.89,-13.532,21.152
-121.36,-13.882,21.247
-122.44,-13.96,21.17
-122.07,-13.671,21.563
-122.93,-14.042,21.212
-122.13,-13.225,21.6
-122.53,-13.192,21.979
-115.67,-21.714,13.442
-123.77,-23.471,19.763
-125.5,-24.045,20.91
-123.62,-24.017,18.989
-124.26,-24.083,19.384
-124.56,-23.605,19.605
-124.48,-23.733,19.753
-124.63,-24.129,19.603
-124.46,-22.886,20.625
-125.17,-24.811,18.611
-125.28,-24.518,18.402
-125.66,-25.339,18.838
-125.3,-24.61,17.562
-125.01,-23.996,17.139
-124.22,-24.525,18.365
-119.42,-25.481,14.97
-119.72,-25.489,14.158
-119.1,-24.424,16.066
-119.35,-24.948,15.227
-120.47,-25.401,16.104
-128.71,-7.2805,17.293
-135.39,-13.882,20.464
-135.55,-16.923,20.757
-135.36,-18.661,20.839
-134.99,-20.502,20.695
-131.48,-24.659,20.601
-122.97,-25.18,17.041
-123.36,-26.18,16.366
-126.2,-26.227,18.091
-121.38,-26.356,14.948
-131.1,-25.679,18.904
-132.34,-25.101,19.261
-133.22,-24.327,19.567
-121.47,-26.152,15.673
-121.98,-27.652,15.53
-125.34,-26.296,16.123
-124,-26.637,16.145
-122.44,-27.694,15.731
-121.64,-26.425,15.247
-130.41,-25.474,19.731
-129.5,-25.989,18.684
-131.18,-25.171,19.972
-132.76,-8.8177,17.629
-131,-7.7104,16.888
-129.16,-7.1647,16.16
-135.96,-18.699,19.855
-136.2,-17.05,19.663
-136.06,-13.961,19.27
-135.65,-12.609,19.051
-134.69,-10.794,18.561
-133.81,-9.7472,18.123
-134.18,-23.334,19.66
-134.7,-22.47,19.744
-135.61,-20.233,19.869
-127.44,-26.393,17.873
-126.96,-26.387,18.236
-128.2,-25.991,18.721
-128.58,-26.366,17.155
-121.59,-27.286,14.921
-125.73,-25.967,16.638
-125.87,-25.817,17.084
-130,-22.783,22.22
-126.49,-21.315,21.982
-121.79,-21.593,20.191
-119.74,-20.464,19.215
-122.81,-22.631,20.347
-118.29,-19.075,18.576
-127.48,-19.588,22.405
-123.17,-16.868,20.989
-121.75,-18.361,20.453
-127.84,-14.769,22.545
-129.35,-14.189,22.802
-132.76,-15.892,22.828
-133.96,-16.239,22.202
-134.86,-15.972,21.478
-135.54,-15.452,20.655
-136.21,-15.32,19.461
-120.79,-13.801,19.267
-120.8,-15.543,19.137
-121.92,-16.697,20.271
-133.71,-13.443,21.923
-131.98,-11.918,22.164
-133.19,-11.796,21.533
-133.97,-11.697,20.807
-134.67,-11.678,19.979
-135.28,-11.774,18.855
-134.2,-20.683,21.543
-135.29,-21.178,19.849
-130.45,-16.823,23.15
-129.98,-18.776,23.103
-129.29,-11.28,22.158
-121.55,-10.229,18.413
-123.39,-9.8245,19.409
-125.17,-9.6756,20.271
-126.66,-9.846,20.979
-127.88,-10.284,21.514
-129.94,-12.589,22.567
-130.29,-14.34,22.9
-130.68,-8.4907,19.385
-131.26,-8.2094,18.337
-131.82,-8.1151,17.196
-128.58,-8.2276,19.573
-129.07,-7.8118,18.694
-129.63,-7.4952,17.676
-130.15,-7.4074,16.545
-115.5,-23.311,14.182
-116.73,-23.625,15.52
-115.96,-24.991,13.036
-121.4,-26.102,16.281
-122.47,-25.651,16.381
-122.32,-27.133,16.023
-121.28,-25.97,15.5
-120.3,-24.292,17.348
-115.78,-23.215,12.454
-115.52,-22.424,14.149
-127.85,-22.32,22.094
-129.89,-24.858,20.83
-127.67,-25.085,20.29
-126.38,-24.945,20.422
-127,-23.623,21.297
-121.15,-16.447,19.711
-117.88,-17.532,17.875
-117.17,-19.129,17.713
-117.11,-19.973,17.596
-117.62,-21.066,17.749
-129.9,-20.851,22.831
-128.71,-21.538,22.527
-125.24,-25.072,16.82
-118.4,-24.095,16.29
-115.8,-23.587,14.875
-117.47,-24.384,15.251
-119.25,-24.201,17.035
-125.63,-24.67,20.432
-130.01,-23.784,21.712
-130.59,-24.253,21.302
-129.28,-25.404,20.049
-127.83,-25.582,19.629
-119.97,-26.236,15.038
-119.56,-25.956,14.077
-123.83,-14.142,21.432
-123.6,-15.347,21.272
-124.93,-14.964,22.129
-123.19,-15.166,20.116
-122.98,-15.075,20.505
-122.52,-14.949,20.671
-122.35,-14.984,21.197
-123.14,-14.885,20.784
-124.69,-14.953,22.316
-121.02,-14.321,20.585
-122.72,-13.793,21.829
-122.61,-15.407,21.021
-125.06,-13.99,23.048
-125.07,-13.232,23.033
-124.57,-12.801,22.659
-124.54,-13.567,22.547
-121.82,-16.229,20.255
-121.76,-26.174,16.451
-125.57,-25.044,19.758
-123.89,-24.414,18.123
-124.97,-24.379,17.384
-125.49,-24.919,18.455
-125.02,-24.163,19.26
-125,-24.358,19.623
-124.97,-24.159,20.251
-126.97,-26.445,17.124
-121.58,-27.147,15.483
-131.27,-26.031,17.122
-127.29,-26.636,15.348
-125.3,-25.864,16.523
-129.41,-22.109,22.485
-124.56,-23.228,18.623
-124.59,-23.167,19.049
-124.61,-23.276,18.273
-124.66,-23.279,17.963
-124.94,-23.361,17.384
-125.07,-23.505,17.139
-125.31,-23.384,17.391
-125.47,-23.486,17.599
-125.31,-23.487,17.597
-125.63,-23.359,18.07
-125.61,-23.31,18.547
-125.37,-23.21,19.179
-125.19,-23.238,19.303
-125.04,-23.264,19.512
-125.02,-23.216,19.383
-124.76,-23.239,19.429
-124.74,-23.14,19.438
-124.34,-24.337,18.273
-125.32,-24.309,17.908
-122.2,-26.623,15.802
-121.72,-26.864,15.4
-122.31,-26.706,15.255
-121.69,-26.803,15.133
-122.43,-25.827,15.144
-122.05,-25.834,15.07
-121.84,-25.567,15.703
-122.54,-25.069,15.579
-122.29,-25.551,15.815
-125.21,-23.741,19.366
-125.48,-23.998,18.535
-125.06,-23.468,17.033
-121.57,-26.269,15.808
-118.97,-23.834,15.857
-120.25,-25.119,15.313
-120.68,-24.835,15.606
-120.33,-24.357,16.222
-119.92,-23.942,16.343
-118.69,-24.517,15.182
-118.62,-24.577,14.723
-120.51,-25.468,14.266
-120.86,-25.145,15.066
-120.37,-25.356,14.751
-119.12,-25.168,14.04
-118.73,-24.85,14.018
-119.14,-23.13,16.163
-120.17,-23.354,16.592
-120.41,-22.26,16.822
-119.15,-22.332,16.299
-120.25,-21.372,16.779
-118.35,-21.369,13.541
-118.09,-21.521,14.157
-118.17,-21.539,14.589
-118.65,-21.043,15.182
-118.9,-21.615,15.905
-119.27,-20.413,15.614
-121.79,-21.561,16.445
-121.3,-21.389,16.743
-122.32,-21.507,15.941
-122.31,-23.083,15.304
-121.95,-22.846,15.932
-121.64,-24.171,15.518
-122.61,-21.36,15.412
-122.03,-20.803,16.123
-121.22,-20.5,16.502
-120.7,-21.37,16.843
-120.22,-20.637,16.446
-119.51,-21.32,16.358
-118.65,-19.973,14.716
-118.53,-20.271,14.27
-122.53,-21.966,15.479
-121.39,-22.524,16.509
-120.95,-22.383,16.745
-118.71,-22.302,15.741
-118.04,-22.34,14.563
-117.97,-22.432,14.014
-120.77,-23.615,16.45
-118.36,-23.46,14.958
-118.11,-23.762,14.453
-118.09,-23.858,13.739
-119.62,-25.305,14.922
-119.38,-23.99,16.035
-119.18,-24.457,15.757
-119.49,-25.292,14.198
-118.98,-20.003,13.542
-120.67,-20.49,16.512
-121.66,-20.15,15.892
-122.36,-20.257,14.97
-122.66,-20.346,14.062
-118.5,-19.579,14.287
-118.87,-19.228,14.67
-120.5,-19.916,15.86
-121.88,-19.628,14.817
-119.56,-18.941,14.84
-120.9,-19.211,15.113
-121.38,-19.073,14.411
-118.28,-19.273,14.165
-119.75,-18.58,14.483
-120.19,-18.486,13.886
-118.07,-19.194,13.502
-117.93,-19.224,13.959
-117.97,-18.961,14.045
-118.05,-18.581,14.006
-118.15,-18.085,13.766
-118.3,-18.003,13.205
-119.4,-24.565,15.729
-119.7,-19.359,19.28
-123.42,-15.247,20.301
-136.56,-14.475,18.205
-135.75,-11.872,17.65
-133.25,-8.9142,16.515
-110.93,7.1287,1.5372
-111.95,7.2771,11.543
-110.77,8.4013,10.793
-108.86,7.8061,12.913
-109.39,8.398,11.803
-107.96,8.3204,12.857
-105.75,9.2472,12.465
-107.38,9.3753,11.3
-104.96,9.6961,11.685
-104.38,9.5162,12.189
-104.49,8.7637,13.399
-103.34,8.132,14.19
-104.72,6.6988,15.606
-106.66,8.0966,13.719
-105.6,8.4628,13.593
-104.71,7.9662,14.323
-115.01,10.488,6.8492
-113.71,10.463,6.6454
-112.47,4.6797,-0.27257
-112.12,4.3133,-0.023583
-111.69,4.8495,0.44709
-112.27,5.5184,-0.12367
-112.28,3.4071,-0.10795
-111.53,3.6049,0.16544
-112.01,1.995,0.15931
-113.32,3.3948,-0.42843
-111.56,2.6939,0.06771
-112.75,5.4513,-0.63111
-111.17,5.5613,1.3632
-110.77,4.8487,1.7472
-110.49,5.3263,1.9056
-109.49,4.4233,2.089
-110.4,2.734,0.14175
-110.43,3.5585,0.5697
-109.73,3.8739,1.3225
-110.58,4.1287,1.025
-109.12,5.0388,2.6735
-109.61,5.6508,2.6574
-108.34,6.0924,3.4331
-110.36,8.6211,2.4352
-110.08,8.2843,2.9385
-110.15,9.4744,3.571
-105.63,-0.366,-1.4797
-104.8,-1.9306,-1.595
-110.48,10.163,4.1295
-110.52,6.7357,2.1329
-109.94,9.5716,4.6542
-109.65,8.9826,4.1235
-109.49,7.8788,3.4451
-109.34,6.7861,3.1673
-109.94,6.3271,2.5966
-110.35,9.9803,5.2268
-108.97,9.3191,5.1982
-108.74,8.6892,4.6531
-108.67,7.8674,4.0225
-115.15,-0.89162,3.6191
-114.25,-0.87586,2.8772
-113.61,-0.74392,2.2479
-112.78,-0.72491,1.8324
-113.04,0.38178,1.2031
-111.63,-0.7415,1.1834
-111.85,0.27209,0.74514
-104.07,9.2364,4.9729
-103.46,7.5718,3.9277
-102.06,9.4986,4.767
-115.1,0.006797,2.3001
-113.23,-1.2713,2.6157
-104.14,10.022,10.985
-105.05,10.147,10.133
-103.34,6.447,3.2551
-104.95,8.3814,4.653
-104.9,6.8321,3.8506
-106.9,7.1076,4.2045
-107.76,7.6844,4.3757
-105.72,9.016,5.1175
-106.89,8.7912,5.0568
-107.91,8.6628,4.9298
-101.58,10.446,5.7819
-103.95,10.098,5.8784
-105.95,9.7835,5.858
-108.01,9.3702,5.5349
-102.43,10.793,7.4608
-103.99,10.501,7.2777
-106,10.192,6.7356
-107.36,9.9485,6.4266
-108.4,9.7541,6.1713
-102.88,10.611,9.0559
-104.24,10.528,8.8565
-106.07,10.312,7.7659
-107.72,10.054,7.1068
-108.81,9.8379,6.802
-106.56,9.988,9.5105
-108.13,9.8698,7.8573
-109.99,9.7481,6.6439
-108.97,9.3806,9.8931
-110.11,9.4399,8.1772
-111.12,9.5412,7.4649
-112.04,9.9691,6.7074
-111.09,10.127,5.975
-112.79,10.682,6.0796
-111.99,10.859,5.3812
-111.48,8.8083,9.1423
-112.47,8.8587,8.5927
-113.08,9.5837,7.4976
-118.02,4.2926,7.8917
-118.64,5.8803,7.0847
-117.13,4.9268,9.1331
-117.71,3.6326,8.4388
-116.74,4.1786,10.046
-116.15,3.4133,11.45
-114.3,9.2537,8.0315
-115.84,8.9768,8.0401
-114.77,8.0964,9.1269
-115.61,7.6484,9.1906
-113.32,8.4645,8.98
-111.91,8.2023,10.072
-112.8,7.9678,9.8663
-112.89,6.6555,11.628
-113.76,7.4333,10.107
-114.42,7.081,10.079
-113.49,5.2844,12.742
-114.34,4.9001,12.425
-115.14,6.6052,10.123
-116.8,8.9845,7.5054
-115.12,4.5729,11.995
-115.59,5.5844,10.679
-116.02,6.1696,9.8507
-116.95,6.9049,8.6876
-117.46,7.8953,7.7113
-117.73,8.6037,6.9994
-115.78,4.0946,11.569
-116.19,4.8966,10.402
-116.73,5.4079,9.467
-117.93,6.8438,7.7647
-118.47,7.9269,6.686
-119.08,6.5698,6.0506
-119.08,6.0233,5.9741
-119.41,6.418,4.2028
-119.13,5.0455,5.0485
-119.3,5.3651,3.2995
-118.63,3.8958,1.8498
-118.91,3.6948,4.3772
-118.24,2.1977,3.1613
-118.41,2.2874,5.4273
-117.74,1.0942,3.9727
-117.21,0.19714,4.5626
-118.73,3.7518,5.7918
-118.1,2.1016,6.7938
-118.71,4.7991,6.6759
-118.2,3.5907,7.3189
-117.98,2.8445,7.7761
-111.06,10.664,4.8142
-109.39,9.7369,5.817
-111.76,-1.9638,2.011
-110.18,-2.9501,1.2964
-112.25,-1.36,1.9565
-110.84,-0.30153,0.55688
-112.16,1.1861,0.42676
-109.6,-2.1355,0.53193
-110.49,0.3942,0.18306
-108.91,3.5623,1.2218
-109.07,2.9601,0.49343
-108.97,2.0506,-0.078612
-110.3,1.5287,-0.015259
-109.41,0.92065,-0.19189
-114.47,3.3038,-0.59888
-115.52,2.2755,0.20038
-116.5,2.1586,0.78388
-115.61,1.3894,1.046
-113.69,2.0057,0.16963
-107.98,0.44473,-0.68679
-107.07,1.3578,-0.73503
-107.95,2.5535,0.1508
-107.96,3.2305,0.94109
-106.74,3.4081,1.0958
-108.75,4.0908,2.0298
-106.59,4.1347,2.0515
-108.3,4.6621,2.6756
-107.72,5.4471,3.2403
-105.93,5.3697,3.0953
-105.52,0.70373,-1.2789
-105.49,1.6922,-0.86503
-106.04,2.6909,0.040373
-105.11,3.1485,0.4041
-106.06,4.6322,2.4903
-103.78,4.7631,1.9161
-103.81,5.5547,2.6748
-104.07,0.18359,-1.7901
-103.99,1.068,-1.5103
-103.62,1.8217,-1.1457
-103.49,2.5939,-0.52983
-102.23,4.5089,1.1542
-116.17,-0.21328,3.6087
-117.33,0.94289,3.2202
-117.68,1.6204,2.7327
-117.5,2.3792,1.6414
-117.81,3.5293,0.8619
-116.73,1.5665,1.6484
-117.29,2.9369,0.71557
-109.05,-0.74271,-0.1208
-107.17,-0.58709,-0.94817
-106.92,-1.987,-0.79395
-114.07,0.24743,1.5664
-112.8,1.5604,0.40713
-113.79,0.85153,1.0045
-115.45,-1.193,4.3181
-113.09,-1.7612,3.1149
-115.13,-1.6828,4.8077
-103.16,9.8253,11.663
-116.12,1.0894,12.614
-108.41,7.4124,13.749
-110.05,6.7987,13.572
-112.23,5.6073,13.386
-110.97,6.2864,13.594
-109.9,4.6471,15.735
-110.68,5.4194,14.747
-109.04,6.214,14.838
-108.44,5.537,15.711
-107.59,6.9598,14.689
-107.38,6.178,15.535
-106.3,6.7351,15.322
-105.75,6.2126,15.899
-107.28,4.752,16.552
-107.01,5.571,16.136
-107.94,4.9908,16.266
-110.05,3.2363,16.542
-109.79,2.8574,16.777
-110.77,-3.7601,2.4076
-109.66,-4.2428,1.7402
-108.66,-4.4916,1.1933
-108.98,-3.3605,0.72606
-106.15,-3.2889,-0.64436
-107.8,-6.6755,2.2315
-108.06,-5.7682,1.7039
-107.4,-4.5055,0.57682
-109.79,-5.3579,2.5916
-112.86,-3.0936,3.9256
-113.2,-2.1253,3.5897
-112.49,-4.5804,4.284
-114.4,-2.8817,5.4154
-114.28,-2.4069,4.7019
-110.8,3.7862,15.888
-112.05,4.543,14.588
-113.35,3.3732,14.538
-113.47,2.2986,15.042
-114.12,2.9465,14.19
-114.18,1.493,14.887
-114.82,2.3533,13.82
-115,1.0047,14.319
-115.45,1.7311,13.373
-113.66,0.28626,15.78
-112.69,1.851,15.86
-111.95,3.0901,15.686
-112.56,0.4871,16.449
-114.58,-0.47628,15.369
-111.63,0.92482,16.758
-111.34,2.363,16.429
-110.63,2.0785,16.822
-109.94,1.9767,17.044
-115.19,-0.15699,14.655
-114.61,0.6323,14.842
-109.26,-5.4129,2.1671
-107.28,-7.8816,2.8932
-108.59,-8.3433,3.744
-109.02,-7.0068,3.0894
-110.24,-7.4951,3.9467
-109.87,-8.6471,4.4127
-109.31,-9.5385,4.746
-110.66,-7.5746,4.2665
-111.19,-6.4938,4.0905
-110.45,-6.2909,3.5995
-111.58,-4.8224,3.7969
-111.42,-7.3045,4.8159
-110.47,-8.9574,5.0731
-109.28,-10.028,5.1891
-103.35,10.394,9.8733
-108.87,9.6501,8.6181
-107.75,9.8119,9.4485
-105.96,9.8355,10.941
-106.96,8.7507,12.772
-110.17,8.8655,10.307
-108.76,8.8156,11.452
-108.09,8.83,12.009
-104.75,5.7629,3.0942
-105.98,7.0589,4.1453
-106.94,5.1294,3.096
-107.3,10.029,8.3358
-106.77,10.146,7.468
-105.21,10.403,8.2318
-104.95,10.42,7.0435
-106.35,7.3424,14.645
-117.49,4.2001,8.757
-118.66,6.9203,6.8618
-117.97,5.8959,7.9815
-116.43,7.3631,8.8883
-113.98,8.1818,9.2163
-117.62,0.58189,5.3433
-118.15,1.6583,4.6586
-118.59,2.7838,3.7699
-119.09,5.1147,2.0283
-116.59,-0.18515,4.0948
-118.24,3.3107,1.5627
-113.03,-4.2727,4.7194
-109.47,-10.436,5.5835
-106.66,2.1378,-0.36485
-105.07,5.0386,2.5968
-107.52,4.3631,2.4484
-107.88,3.8134,1.7871
-110.33,4.5518,1.8248
-111.13,4.9706,1.1714
-111.18,4.2482,0.55893
-112.54,2.7891,-0.062871
-114.51,1.635,0.47845
-115.2,3.4567,-0.7134
-113.76,3.1709,-0.4286
-116.85,4.0087,-0.51879
-116.06,0.83124,1.9366
-104.41,2.8962,-0.043855
-104.8,2.2351,-0.61338
-109.51,8.5186,3.8267
-115.96,3.9207,-0.83529
-113.42,4.5369,-0.80685
-114.49,6.7362,-2.3163
-113.26,5.9167,-1.2515
-113.72,6.4561,-1.8113
-115.09,4.9956,-1.587
-117.5,4.6786,-0.50888
-118.34,5.6328,-0.3278
-118.91,5.7762,0.59885
-119.46,6.8063,2.2422
-119.54,7.4926,3.2649
-111.51,8.3782,-0.19908
-111.51,9.4502,-0.54858
-111.14,10.282,0.34914
-111.92,11.833,-2.2654
-112.29,11.809,-3.1232
-119.06,8.0861,-0.49627
-119.41,10.652,-1.7572
-119.48,12.082,-1.0756
-119.4,9.3948,0.52292
-118.79,9.2576,-2.4131
-118.29,8.7487,-2.7629
-117.23,8.2169,-3.2726
-115.67,7.8316,-3.2386
-116.82,7.2909,-2.5885
-117.89,7.6821,-2.1831
-117.66,6.229,-1.5064
-110.82,9.5989,1.2923
-112.09,8.6092,-1.4559
-111.45,6.392,0.94749
-114.88,8.4315,-3.54
-114.31,7.7277,-2.7566
-113.51,8.3535,-2.7423
-114.12,9.054,-3.6925
-112.98,8.9645,-2.7404
-113.68,9.8971,-4.0095
-112.9,10.051,-3.3335
-112.35,10.644,-2.8629
-112.32,8.082,-1.4986
-113.18,7.1768,-1.7325
-112.34,6.854,-0.62215
-112.26,6.1992,-0.2052
-118.45,7.9013,-1.6567
-111.63,12.856,-1.9951
-111.41,11.29,-0.83538
-119.23,6.5237,1.1354
-119.32,9.0032,-0.12798
-119.52,11.325,-1.363
-118.6,5.8058,-0.08585
-118.8,8.071,-1.1516
-119.18,9.9661,-2.0625
-116.53,7.9303,-3.2465
-116.28,7.2315,-2.7117
-116.13,5.6982,-1.892
-115.44,7.1581,-2.7432
-114.78,5.7891,-1.9655
-114.22,4.4048,-1.119
-117.87,8.5236,-3.0965
-117.29,7.2699,-2.3884
-111.31,12.217,-0.803
-110.93,10.788,1.1385
-112.41,13.04,-3.6375
-112,13.76,-3.026
-113.72,11.823,-5.5138
-114.97,10.407,-5.3556
-115.76,9.8709,-5.1867
-118.93,10.204,-3.5396
-119.33,7.5164,5.0428
-110.4,9.5052,2.7978
-115.03,12.462,4.7898
-114.62,11.578,5.6755
-115.42,11.348,5.8892
-115.81,12.321,4.8138
-117,10.224,6.1503
-117.94,10.267,5.1308
-118.67,9.694,4.6866
-119.39,8.2934,4.1134
-119.31,9.7358,2.5924
-118.58,8.6186,5.9667
-117.79,9.2899,6.2971
-115.97,9.8857,7.1544
-115.09,10.703,6.584
-113.63,14.67,-6.5853
-113.74,16.124,-6.9362
-119.37,10.778,0.50436
-118.88,12.829,0.64117
-118.9,12.07,1.3913
-116.97,14.379,2.2086
-116.77,12.133,4.3655
-115.61,14.738,2.9018
-115.34,13.415,3.9911
-114.65,14.834,2.8309
-114.3,13.057,4.1501
-113.44,14.008,2.9761
-112.42,13.865,2.3604
-119.82,12.306,-2.6035
-119.41,10.896,-3.1796
-117.86,9.7393,-4.7324
-116.94,9.7806,-5.165
-118.21,11.21,3.7268
-111.42,12.248,2.9506
-110.85,11.435,2.3443
-115.46,12.907,-7.5512
-116.73,12.897,-7.7714
-114.52,11.32,-5.8187
-111.72,14.054,1.2222
-111.2,13.267,0.1328
-112.11,12.376,3.6782
-113.01,12.423,4.2034
-118.32,11.985,2.8537
-118.83,10.333,3.6022
-119.44,9.3847,1.6443
-113.58,11.728,5.1922
-112.97,17.402,-1.1383
-112.35,16.773,-1.9392
-111.92,15.07,0.074947
-112.63,15.533,0.79429
-112.44,16.16,-4.0705
-111.39,14.016,-1.0402
-113.41,12.951,-5.6846
-116.09,17.599,0.45319
-115.09,17.869,0.20855
-114.83,16.314,1.598
-113.66,16.246,1.0887
-113.89,17.772,-0.38156
-117.37,16.631,0.51863
-119.05,13.488,-0.12237
-116.29,19.136,-1.0796
-115.28,19.601,-1.572
-114.15,19.521,-2.1684
-120.03,17.012,-3.4587
-119.35,16.276,-1.6428
-118.31,18.19,-1.2127
-117.62,18.618,-1.0637
-114.25,12.864,-6.6601
-114.07,14.156,-7.1772
-113.04,15.465,-5.439
-113.32,19.016,-2.9398
-112.65,17.693,-3.2234
-117.93,12.234,-7.2167
-119.04,12.331,-6.8223
-120.41,14.348,-5.5761
-120.11,13.647,-6.1371
-120.52,15.418,-4.6146
-119.06,20.011,-10.755
-120.32,20.117,-10.373
-119.88,25.572,-10.331
-121.7,24.906,-10.675
-121.51,24.541,-9.9721
-119.77,24.72,-9.1576
-118.84,25.973,-10.347
-117.74,25.691,-10.079
-117.29,25.889,-10.964
-116.82,24.613,-9.2078
-116.51,25.078,-10.76
-116.13,24.608,-11.431
-115.77,23.828,-11.358
-115.66,22.794,-12.975
-115.86,21.926,-13.442
-115.77,21.34,-12.755
-115.91,21.098,-13.12
-115.85,20.282,-12.276
-116.24,20.281,-12.491
-117.88,19.143,-11.03
-116.71,19.674,-11.932
-121.85,19.431,-9.6508
-122.48,21.231,-9.725
-121.86,19.749,-9.2273
-122.23,22.373,-9.4487
-117.83,17.533,-10.334
-117.1,18.507,-11.053
-121.25,18.856,-9.6943
-121.79,20.499,-10.206
-120.4,19.059,-10.148
-118.48,16.449,-9.6463
-119.6,19.416,-10.524
-121.54,19.293,-8.5802
-121.52,20.842,-8.4863
-121.26,19.978,-7.9393
-120.94,22.689,-8.2881
-120.72,20.925,-7.2201
-120.13,22.267,-7.0373
-119.4,23.075,-7.1275
-118.5,24.412,-8.4009
-122.97,21.851,-10.414
-121.27,23.842,-9.1748
-116.23,23.448,-6.9043
-115.95,24.044,-9.618
-115.59,23.492,-8.0982
-115.5,23.353,-10.329
-114.68,22.363,-7.863
-115.41,22.243,-11.707
-114.34,21.002,-8.6958
-115.25,20.664,-11.37
-114.78,20.056,-10.214
-116.33,19.224,-11.585
-115.94,18.78,-11.248
-115.7,19.798,-11.817
-118.13,18.801,-10.835
-117.46,24.794,-8.8725
-116.09,24.288,-12.798
-115.91,23.193,-14.379
-115.82,22.918,-13.806
-115.74,22.317,-13.941
-114.35,17.446,-8.4977
-114.45,16.147,-8.3433
-116.33,20.274,-2.3474
-116.68,22.438,-5.1935
-115.94,22.66,-5.6905
-115.4,20.752,-2.9349
-115.14,22.728,-6.7042
-114.38,20.72,-3.6356
-114.07,21.143,-6.1034
-113.69,20.303,-4.7936
-113.71,19.876,-6.9881
-113.31,19.12,-5.8888
-113.81,18.364,-7.624
-115.48,14.961,-8.9005
-116.45,14.726,-8.935
-116.27,17.585,-10.594
-116.91,17.182,-10.347
-114.95,15.445,-8.8301
-115.9,17.064,-10.243
-115.42,17.556,-10.311
-114.79,18.329,-9.6378
-119.59,13.721,-7.6695
-120.7,15.479,-7.2305
-120.31,15.95,-8.672
-121.44,18.379,-9.0714
-118.9,14.635,-8.5597
-119.49,16.174,-9.1732
-117.41,14.275,-8.6388
-121.32,18.249,-8.2629
-120.84,16.125,-6.9098
-121.15,18.803,-7.4133
-120.74,19.723,-6.7052
-120.49,17.5,-4.9255
-119.77,20.749,-5.1385
-119.66,19.158,-3.6088
-118.66,20.484,-3.8224
-118.46,19.207,-2.2124
-117.76,19.639,-2.1625
-115.86,13.729,-8.2148
-117.86,15.178,-9.1107
-118.33,13.209,-7.8152
-115.04,14.149,-8.2292
-115.43,16.276,-9.6213
-114.94,16.894,-9.3572
-115.11,18.932,-10.501
-119.04,8.9319,4.6147
-119,7.984,5.7527
-118.91,11.077,2.6074
-116.23,10.989,5.9171
-116.41,11.499,5.2474
-117.28,11.689,4.3429
-119.17,12.24,0.13692
-119.5,15.166,-1.7382
-119.99,18.839,-4.1433
-120.29,21.331,-6.5796
-120.63,23.148,-8.2369
-119.22,10.653,1.689
-120.49,16.099,-4.4718
-121.34,22.089,-8.4742
-121.74,23.262,-9.2469
-119.6,11.25,-2.764
-120.13,13.221,-3.9552
-120.68,15.578,-5.5011
-121,17.469,-6.8353
-121.71,20.246,-8.7932
-119.96,22.982,-7.5059
-120.85,21.623,-7.7208
-114.96,21.711,-10.303
-115.2,23,-9.325
-116.54,23.95,-7.7937
-117.04,23.681,-7.0069
-118.17,22.22,-5.4012
-117.54,23.225,-6.4381
-116.47,21.382,-3.8624
-115.59,21.593,-4.1866
-114.63,21.507,-4.9011
-119.26,21.881,-5.6925
-119.58,17.89,-2.6829
-113.5,19.718,-3.8495
-113.05,18.814,-4.745
-117.6,20.823,-3.5625
-118.42,25.996,-10.301
-117.97,24.916,-8.9503
-116.98,18.739,-0.90766
-117.06,19.932,-2.1651
-117.31,21.732,-4.4658
-119.35,25.542,-10.06
-119.67,23.85,-8.147
-119.15,20.029,-3.7293
-119.06,19.057,-2.6653
-122.61,20.895,-10.13
-113.52,14.877,2.2941
-112.51,14.658,1.638
-121.28,18.239,-9.3283
-120.81,15.996,-8.3271
-120.2,14.161,-7.2573
-119.57,12.634,-6.2172
-118.48,9.9863,-4.31
-117.56,12.653,3.2102
-117.7,13.95,1.7605
-118.1,16.511,0.045508
-118.91,17.541,-1.4781
-118.31,13.42,1.3071
-118.5,14.171,0.65586
-116.75,17.151,0.51885
-116.47,15.588,1.7397
-116.13,13.91,3.3045
-113.09,17.363,-5.935
-112.52,15.64,-4.3292
-111.44,13.528,-1.4544
-111.22,12.841,-0.37484
-110.94,11.498,1.5266
-110.5,10.318,3.1227
-112.98,18.21,-5.2792
-112.33,16.577,-3.2095
-111.56,14.519,-0.53525
-111.38,13.826,0.40308
-111.16,12.312,2.0754
-119.46,11.646,-4.3875
-115.85,11.684,-6.7766
-116.42,11.445,-6.6806
-117.48,11.104,-6.3475
-118.46,11.087,-5.8097
-113.16,18.187,-2.0481
-114.03,18.621,-1.2865
-118.77,16.341,-0.68015
-115.19,18.69,-0.68971
-117.19,15.485,1.3179
-117.88,14.875,1.0636
-111.72,14.779,-2.1274
-111.82,15.331,-1.5924
-112.12,15.932,-0.93319
-119.83,13.031,-2.3375
-119.03,11.373,-5.273
-111.79,14.264,-2.5651
-110.87,10.955,3.7919
-111.59,11.399,4.3822
-120.23,20.02,-9.7441
-120.27,20.148,-10.154
-118.92,20.131,-10.605
-118.68,20.116,-10.406
-116.33,20.522,-12.324
-117.11,20.203,-11.458
-117.91,20.07,-10.885
-123.09,23.945,-12.462
-123.43,22.979,-12.084
-123.36,22.307,-10.924
-122.98,21.684,-10.2
-122.03,20.831,-10.104
-121.27,20.438,-10.171
-123.42,22.448,-11.515
-123.17,22.058,-10.398
-122.57,21.211,-10.07
-115.86,20.932,-12.787
-117.87,19.613,-11.052
-116.59,23.673,-14.809
-123.28,23.099,-10.886
-122.56,23.553,-10.209
-122.01,23.966,-9.8865
-122.26,24.37,-10.514
-123.03,23.879,-11.163
-122.63,24.515,-11.385
-118.09,26.22,-10.878
-117.19,26.041,-11.536
-116.8,25.723,-12.033
-116.7,25.486,-12.581
-116.86,25.201,-13.466
-118.83,27.253,-13.317
-118.11,27.083,-13.526
-117.83,26.887,-12.919
-118.43,27.076,-12.774
-117.63,26.75,-13.292
-117.96,26.612,-14.334
-118.21,26.698,-11.922
-117.23,26.374,-12.895
-117.27,25.925,-13.664
-119.09,27.052,-12.414
-119.18,26.595,-11.503
-122.02,25.104,-11.504
-120.31,26.147,-11.636
-121.11,25.605,-11.566
-119.85,26.447,-11.59
-115.29,3.8531,-13.494
-115.12,1.006,-13.454
-115.3,1.5874,-12.848
-115.42,3.0125,-12.717
-117.45,-0.3675,-15.589
-117.57,1.0669,-15.756
-118.39,1.0767,-15.402
-116.96,1.199,-15.756
-120.67,0.93349,-13.022
-120.66,1.1285,-12.273
-119.25,19.969,-9.6218
-118.34,20.048,-10.053
-122.91,23.13,-13.872
-122.83,23.819,-13.52
-122.86,22.036,-14.293
-123.42,21.175,-11.345
-123.4,19.671,-12.043
-123.48,21.72,-12.335
-123.32,21.386,-13.424
-123.3,22.634,-13.231
-116.17,1.6453,-11.872
-116,3.0101,-12.071
-116,4.3567,-12.114
-116.9,0.9053,-11.28
-117.02,3.4475,-11.418
-117.74,2.1368,-11.108
-118.21,2.4436,-11.068
-116.11,1.3958,-15.423
-115.32,2.5139,-13.971
-115.04,-0.31841,-13.842
-115.5,0.45825,-14.818
-118.32,0.6638,-10.781
-119.06,1.6884,-11.085
-120.38,0.9434,-11.659
-116.55,4.6381,-11.73
-117.38,4.396,-11.282
-115.46,4.3973,-12.881
-119.72,2.0792,-11.382
-120.51,3.06,-12.514
-120.19,3.1388,-11.965
-119.61,3.1824,-11.542
-118.95,3.1417,-11.273
-120.47,4.4151,-12.35
-120.05,4.442,-11.872
-119.44,4.4524,-11.481
-118.69,4.4036,-11.245
-117.86,4.2037,-11.17
-120.48,5.6727,-12.15
-120,5.7329,-11.72
-119.34,5.7953,-11.403
-118.42,5.8267,-11.262
-117.53,5.7874,-11.295
-116.97,5.6609,-11.504
-116,5.812,-12.302
-115.53,5.8068,-13.133
-115.44,5.7891,-13.912
-120.53,7.6576,-11.754
-119.94,7.689,-11.374
-119.2,7.6731,-11.195
-118.26,7.6113,-11.179
-117.37,7.4975,-11.362
-116.7,7.5893,-11.706
-116.28,7.744,-12.067
-115.78,7.6562,-12.746
-115.56,7.6442,-13.558
-115.63,7.6347,-14.335
-120.52,9.3974,-11.299
-119.8,9.415,-11
-118.93,9.4312,-10.907
-118,9.4304,-11.081
-116.9,11.214,-11.317
-115.9,10.794,-12.249
-115.6,9.4087,-13.114
-115.61,9.4336,-13.986
-115.88,9.4093,-14.749
-119.37,9.3062,-16.312
-118.64,7.4687,-16.239
-120.02,8.8262,-15.865
-119.51,7.5125,-15.885
-118.42,4.7685,-15.834
-117.9,5.6176,-16.068
-117.33,3.9081,-15.861
-117.72,2.6766,-15.818
-121.11,9.3919,-14.418
-120.56,7.5753,-14.645
-119.92,5.6138,-14.774
-119.45,3.7358,-14.888
-119.11,0.59588,-14.898
-115.67,1.942,-14.772
-115.65,2.9713,-14.771
-116.17,3.0038,-15.462
-121.25,9.4401,-13.748
-120.79,7.5919,-14.025
-120.27,5.6081,-14.237
-119.9,3.8254,-14.457
-119.67,0.31156,-14.383
-121.33,9.4204,-12.794
-121.01,7.5769,-13.147
-120.64,5.5894,-13.478
-120.47,4.2591,-13.686
-120.3,2.8961,-13.869
-120.29,1.3296,-13.781
-121.14,9.4644,-11.95
-120.93,7.5953,-12.366
-120.69,4.7681,-12.878
-120.61,2.9613,-13.182
-116.46,4.3254,-15.695
-116.88,5.6212,-15.972
-117.53,7.4406,-16.266
-118.28,9.2842,-16.479
-115.8,4.3391,-14.941
-116.09,5.7101,-15.244
-116.58,7.547,-15.67
-117.16,9.2931,-16.037
-115.42,4.3504,-14.192
-115.62,5.7694,-14.508
-115.95,7.6257,-14.947
-116.37,9.3839,-15.371
-116.1,19.257,-11.371
-116.03,20.562,-11.721
-115.77,20.599,-12.163
-116.84,19.525,-10.602
-117.07,20.199,-10.785
-117.51,19.175,-10.019
-118.21,19.683,-9.7847
-119.23,18.816,-9.381
-117.89,24.554,-15.343
-118.44,26.03,-15.194
-118.63,25.317,-15.555
-119.15,25.79,-15.616
-119.48,23.293,-16.376
-120.05,24.838,-16.005
-117.19,23.104,-15.478
-118.14,23.018,-16.05
-120.15,23.255,-16.513
-116.16,22.004,-14.94
-116.99,22.122,-15.519
-115.46,18.952,-14.206
-115.92,20.58,-14.935
-116.61,20.719,-15.32
-116.08,18.996,-14.991
-118.02,21.064,-16.217
-117.28,19.071,-16.045
-119.29,21.491,-16.624
-118.57,19.349,-16.79
-120.14,21.633,-16.741
-119.43,19.519,-17.046
-115.67,22.018,-14.472
-115.42,22.055,-13.751
-115.6,20.557,-14.4
-115.47,20.568,-13.821
-115.32,18.976,-13.454
-115.38,18.959,-12.988
-115.44,21.373,-13.135
-115.57,20.098,-12.815
-115.63,18.502,-12.005
-118.89,26.509,-15.164
-119.59,26.492,-15.168
-119.92,25.806,-15.599
-122.34,23.852,-14.321
-122.1,23.035,-15.224
-121.51,22.821,-16.151
-122.04,22.213,-15.597
-122.93,21.041,-14.174
-122.95,18.708,-13.909
-122.6,18.799,-14.595
-123.26,18.56,-11.62
-122.88,20.712,-10.201
-122.93,18.382,-10.717
-121.82,20.474,-9.6453
-121.71,19.801,-9.6087
-122.32,19.306,-9.969
-121.16,20.216,-9.6519
-121.02,19.761,-9.4056
-121.19,18.639,-9.5032
-120.2,19.823,-9.3527
-120.38,19.091,-9.3592
-120.39,26.482,-14.608
-120.47,25.88,-15.236
-120.95,24.033,-16.181
-120.94,24.696,-15.815
-120.96,25.939,-14.398
-120.8,21.629,-16.729
-119.92,19.572,-17.109
-120.88,23.096,-16.488
-121.33,24.075,-15.883
-121.24,24.905,-15.326
-121.51,24.898,-14.818
-121.47,25.405,-13.886
-122.27,19.072,-15.46
-122.53,20.569,-15.064
-121.66,19.349,-16.395
-122.06,21.007,-15.794
-120.92,19.576,-16.981
-121.54,21.402,-16.406
-116.29,18.115,-11.051
-117.21,16.861,-10.343
-118.15,16.691,-9.7491
-118.44,18.13,-9.4356
-119.68,16.688,-9.3515
-115.26,17.44,-13.746
-115.68,17.479,-14.721
-116.17,16.437,-15.316
-117.72,17.601,-16.484
-118.73,17.773,-16.982
-115.4,17.39,-12.579
-115.88,16.503,-11.695
-117.69,11.262,-10.93
-119.47,11.278,-10.506
-118.55,11.309,-10.625
-116.57,12.626,-11.423
-115.6,11.215,-12.861
-115.48,11.236,-13.601
-115.74,11.285,-14.461
-116.16,11.486,-15.13
-118.92,13.882,-9.9604
-117.93,13.914,-10.277
-117.05,13.95,-10.849
-116.22,15.006,-11.449
-115.95,13.961,-11.893
-115.46,13.974,-12.775
-115.31,13.98,-13.738
-115.59,13.992,-14.583
-116.41,12.757,-15.45
-116.89,13.949,-15.832
-118.74,15.778,-9.6472
-117.54,15.295,-10.335
-116.7,15.251,-10.928
-115.63,15.976,-12.18
-115.3,15.28,-13.065
-115.39,15.312,-14.144
-115.88,15.325,-15.005
-116.64,15.337,-15.661
-117.51,15.382,-16.261
-120.38,11.197,-10.739
-120.07,13.78,-9.9237
-119.88,15.217,-9.6259
-122.3,17.019,-14.868
-121.57,15.17,-15.597
-122.86,16.279,-13.759
-121.84,13.769,-15.297
-121.19,13.814,-15.923
-120.99,11.187,-15.698
-120.17,11.173,-16.285
-122.93,16.078,-12.901
-121.43,11.145,-15.056
-122.71,16.724,-10.928
-122.82,16.101,-11.866
-122.12,13.069,-12.878
-121.66,11.171,-14.127
-122.32,16.56,-10.441
-122.17,13.764,-11.716
-121.34,16.98,-9.5316
-121.51,15.459,-10.016
-121.68,13.444,-10.869
-121.45,11.215,-11.755
-120.66,17.053,-9.313
-120.8,15.776,-9.6231
-121.04,13.745,-10.288
-121.06,12.469,-10.729
-119.15,11.114,-16.584
-120.41,13.804,-16.434
-121.09,15.352,-16.335
-121.9,17.407,-15.969
-117.92,11.17,-16.378
-119.25,13.924,-16.746
-120.04,15.441,-16.899
-121.16,17.764,-16.759
-116.86,11.254,-15.763
-117.94,13.96,-16.384
-118.79,15.436,-16.826
-120.11,17.834,-17.154
-119.2,12.706,-10.181
-119.16,19.485,-9.5011
-119.32,18.108,-9.2043
-120.23,12.605,-10.283
-120.56,17.837,-9.2841
-117.4,19.85,-10.276
-117.72,18.309,-9.8026
-118.21,12.721,-10.403
-117.36,12.734,-10.848
-116.88,18.338,-10.451
-116.02,19.895,-11.694
-121.87,16.95,-9.8578
-118.32,-0.050499,-15.256
-120.66,0.16124,-12.197
-119.98,0.50465,-11.078
-115.99,0.73256,-11.892
-117.72,0.41791,-10.82
-117.07,-0.96956,-15.407
-116.08,-0.94954,-14.997
-116.89,-0.3275,-15.638
-115.76,0.061886,-11.845
-120.39,-0.1927,-11.104
-118.39,-0.002768,-10.432
-116.88,0.10402,-11.034
-114.94,-0.075827,-12.552
-114.8,-0.22974,-13.14
-115.47,-0.88341,-14.49
-115.14,0.62569,-12.821
-116.06,0.13177,-15.418
-120.27,-0.47773,-13.476
-123.32,20.747,-11.011
-123.17,20.323,-10.675
-123.18,18.294,-11.204
-123.43,20.691,-12.575
-123.15,18.552,-12.895
-122.54,18.054,-10.301
-122.45,20.701,-9.8543
-121.87,15.392,-15.244
-122.59,17.054,-14.314
-122.33,15.918,-14.751
-122.32,13.821,-14.488
-122.88,16.245,-12.33
-121.82,15.24,-10.35
-121.66,11.194,-12.601
-121.65,11.215,-13.476
-120.71,9.35,-15.279
-122.18,12.944,-13.836
-122.32,13.795,-12.403
-121.92,12.539,-14.803
-121.46,12.51,-15.535
-120.72,12.565,-16.138
-119.83,12.486,-16.558
-118.55,12.551,-16.526
-117.32,12.616,-16.045
-115.45,12.649,-14.085
-115.41,12.636,-13.3
-115.69,12.637,-12.504
-116.23,12.693,-11.746
-118.07,4.7463,-15.921
-119.14,7.4993,-16.056
-120.01,7.5462,-15.421
-119.29,5.636,-15.452
-118.87,4.3119,-15.44
-118.5,2.884,-15.439
-117.14,1.4561,-11.25
-115.22,16.379,-13.393
-115.5,16.415,-14.448
-117.16,16.507,-16.121
-118.14,16.602,-16.707
-119.49,16.639,-17.056
-120.65,16.62,-16.865
-121.55,16.416,-16.164
-119.73,0.074336,-10.82
-117.24,24.809,-14.487
-119.09,27.121,-14.328
-118.43,26.978,-14.439
-119.63,27.046,-13.978
-120.07,26.991,-13.67
-120.43,26.789,-13.156
-120.91,26.184,-12.901
-121.55,25.471,-12.617
-122.46,24.796,-12.561
-115.52,-2.9728,-14.078
-116.53,-2.5356,-9.8086
-116.57,-1.8454,-9.9438
-116.45,-0.93863,-10.568
-115.03,-0.74663,-11.588
-118.75,-8.2866,-8.7387
-114.48,-2.0312,-13.395
-115.2,-1.648,-14.12
-118.17,-3.327,-14.085
-119.83,-3.5351,-12.854
-120.72,-2.6889,-11.647
-120.98,-2.3756,-10.867
-120.84,-1.3182,-10.298
-120.9,-6.4909,-9.7716
-120.83,-5.1777,-10.402
-120.65,-5.3864,-9.9339
-119.11,-6.0704,-8.3948
-117.84,-5.6986,-7.9197
-119.92,-0.60801,-9.6963
-120.01,-0.79119,-9.2817
-118.56,-0.43617,-9.8619
-119.35,-0.8536,-8.8728
-117.59,-0.65128,-9.997
-117.72,-1.0282,-9.2677
-120.23,-1.7721,-8.544
-120.31,-1.1775,-8.9823
-119.69,-1.1355,-8.6222
-118.57,-1.4132,-8.3231
-118.51,-6.3087,-8.4255
-119.58,-6.3589,-11.629
-119.57,-5.234,-12.161
-119.3,-8.095,-11.233
-120.55,-6.9874,-10.763
-120.09,-7.8821,-10.796
-121.1,-8.1538,-9.6848
-121.09,-7.2588,-9.5941
-120.79,-7.6783,-8.5147
-113.42,-6.0213,-11.602
-114.04,-4.3772,-10.958
-118.25,-7.3055,-8.6579
-116.58,-5.9372,-9.9232
-116.36,-6.5908,-10.176
-117.45,-1.9627,-8.914
-117.14,-2.6229,-9.1405
-117.55,-4.7535,-9.0419
-118.05,-6.0769,-8.8152
-117.18,-5.6113,-9.5644
-115.95,-5.126,-10.224
-113.91,-3.0025,-11.528
-113.45,-4.7067,-11.9
-113.65,-6.1774,-11.608
-113.98,-5.922,-10.913
-113.55,-6.3038,-11.949
-113.77,-6.6105,-11.811
-114.2,-5.8686,-11.003
-118.46,-7.7653,-8.3594
-119.61,-7.2191,-7.9371
-114.73,-7.2651,-12.661
-115.55,-6.6195,-12.693
-115.88,-7.4773,-12.357
-117.49,-6.7203,-12.491
-116.72,-6.5141,-12.751
-116.64,-8.1928,-12.294
-120.82,-1.544,-11.28
-114.61,-1.1744,-13.346
-118.7,-5.0848,-13.047
-118.15,-7.3122,-8.8837
-114.44,-0.88497,-12.325
-114.39,-1.5875,-11.79
-113.93,-2.2096,-12.514
-114.93,-4.8098,-10.458
-114.48,-3.2973,-10.828
-113.53,-5.1774,-11.197
-115.73,-6.3482,-10.408
-114.91,-6.7802,-10.312
-116.14,-7.4349,-10.22
-115.2,-6.3445,-10.247
-115.23,-7.1861,-10.426
-119.41,-6.7592,-8.0295
-119.83,-7.002,-8.0861
-118.21,-5.1841,-8.2511
-118.91,-6.324,-8.0079
-118.66,-7.3461,-8.4687
-117.7,-7.2933,-9.2891
-116.8,-7.6247,-9.3813
-120.63,-1.5988,-12.211
-120.75,-3.6653,-11.083
-119.69,-1.864,-13.712
-118.63,-6.9008,-12.253
-120.41,-7.3054,-8.151
-118.39,-5.7962,-8.155
-118.56,-2.2079,-14.437
-117.93,-5.4724,-13.036
-117.2,-4.6424,-13.636
-116.71,-2.8416,-14.402
-115.63,-5.2236,-13.209
-114.73,-3.2699,-13.643
-114.45,-6.2571,-12.743
-114.11,-3.1782,-13.076
-120.67,-8.2974,-10.511
-119.81,-8.6554,-10.29
-119.52,-8.6792,-10.412
-118.91,-8.8494,-9.3174
-118.32,-8.1303,-11.966
-114.28,-7.2835,-12.535
-118.51,-5.7966,-8.1316
-119.16,-8.9269,-9.1071
-118.52,-7.7967,-8.987
-118.2,-7.5892,-8.8026
-116.78,-7.8256,-9.736
-117.08,-7.8732,-10.307
-114.63,-8.109,-10.58
-114.8,-7.2881,-10.233
-115.2,-7.15,-10.578
-115.11,-4.6017,-13.361
-117.62,-2.5359,-14.561
-117.01,-1.9727,-14.724
-120.93,-6.4905,-10.235
-120.84,-5.0986,-10.953
-120.67,-3.8963,-11.471
-119.01,-2.0895,-14.238
-118.83,-8.1106,-11.725
-120.5,-4.7394,-11.645
-120.88,-7.145,-10.239
-120.97,-8.1662,-10.201
-120.75,-2.1166,-9.0676
-120.69,-1.4394,-9.3635
-120.83,-3.2642,-10.452
-121.01,-1.9491,-10.076
-115.87,-1.9206,-14.475
-120.22,-2.5306,-12.72
-120.25,-5.6704,-11.506
-120.95,-2.5084,-9.6439
-120.56,-1.0234,-9.6875
-120.39,-0.54947,-10.703
-113.73,-6.6652,-12.031
-116.16,-5.385,-10.148
-118.89,-8.8195,-11.224
-116.65,-7.8087,-9.5719
-116.85,-7.2948,-9.6225
-115.74,-7.1632,-10.368
-118.37,-7.182,-9.0917
-117.94,-7.7963,-8.5098
-117.57,-7.2226,-9.4329
-119.89,-5.8339,-8.8244
-114.72,-8.4147,-10.97
-116.68,-8.8109,-10.136
-114.95,-8.2415,-11.497
-119,-8.952,-8.6102
-118.68,-8.3949,-9.017
-117.07,-9.2525,-10.805
-116.9,-9.0957,-10.38
-114.01,-6.8464,-12.451
-115.57,-7.8814,-12.077
-121.03,-7.7451,-8.951
-118.31,-8.9617,-11.486
-117.79,-7.9397,-12.04
-117.66,-8.8222,-11.473
-116.59,-7.2245,-12.524
-117.37,-8.4736,-11.89
-116.91,-8.9172,-11.45
-119.75,-7.7767,-11.01
-114.12,-5.8857,-11.237
-113.71,-3.991,-12.469
-113.79,-6.1543,-12.284
-113.44,-4.8831,-11.551
-114,-2.4254,-12.84
-113.94,-2.2373,-12.133
-120.5,-6.6183,-9.0548
-119.92,-6.3757,-8.7371
-116.39,-7.5824,-10.066
-117.66,-3.3982,-8.3439
-118.08,-1.7685,-8.3971
-117.81,-2.6327,-8.1326
-118.94,-1.0197,-8.6187
-114.59,-6.3849,-10.346
-114.79,-6.0462,-10.557
-114.59,-6.093,-10.415
-113.92,-5.3533,-10.753
-114.03,-5.7705,-10.687
-113.43,-5.744,-11.245
-116.93,-6.8595,-9.6937
-116.54,-3.8673,-9.9934
-114.2,-2.7365,-11.217
-114.67,-2.5098,-10.934
-115.69,-2.7629,-10.373
-114.95,-1.8822,-11.107
-117.03,-1.0053,-10.04
-117.22,-6.142,-9.5133
-117.77,-6.8688,-9.2179
-116.9,-3.7869,-9.4996
-117.92,-4.5225,-8.2747
-119.71,-1.7605,-8.1922
-117.76,-2.1268,-8.203
-118.57,-6.8344,-8.2474
-116.73,-1.4153,-14.907
-116.42,-0.3413,-11.098
-117.43,-0.16527,-10.58
-117.7,-1.2331,-15.127
-119.48,-0.26204,-10.279
-120.68,-0.96388,-11.788
-118.23,-1.1377,-14.946
-120.49,-4.5106,-10.094
-120.3,-5.5914,-9.4643
-117.44,-4.4714,-8.2452
-117.07,-4.5627,-8.0449
-117.4,-5.1251,-8.0205
-119.64,-2.9606,-7.4488
-119.62,-5.4848,-8.5596
-117.18,-3.3467,-7.4781
-116.9,-4.0835,-8.0792
-117.24,-5.2723,-7.8969
-119.95,-5.1655,-8.8835
-119.07,-2.8141,-7.2066
-120.45,-4.4501,-9.3926
-117.57,-2.3685,-8.105
-117.7,-3.481,-8.0937
-120.15,-3.3639,-7.906
-119.18,-4.5635,-6.7225
-120.69,-3.9384,-9.726
-120.36,-3.9361,-8.4231
-119.86,-4.7659,-7.6929
-120.78,-3.2728,-9.3641
-119.33,-5.0204,-7.123
-118.49,-4.4654,-6.3896
-119.11,-3.591,-6.9954
-118.24,-3.6211,-6.81
-117.18,-3.9339,-7.301
-118.29,-2.8642,-7.0971
-117.63,-3.2758,-7.0661
-117.15,-2.8385,-8.0789
-116.85,-3.4817,-8.1151
-118.08,-1.8158,-8.2048
-119.06,-1.7334,-8.0268
-117.15,-4.6763,-8.1432
-116.47,-5.2739,-7.8875
-116.54,-5.6516,-7.8454
-117.28,-5.8266,-7.6396
-117.33,-5.2928,-8.1735
-118.55,-5.8967,-7.2966
-118.79,-5.8405,-8.0556
-116.31,-5.9099,-7.5541
-117.66,-3.7714,-6.8984
-118.36,-4.9073,-6.3497
-115.8,-5.7146,-6.0148
-115.79,-5.2918,-6.0181
-116.98,-4.227,-6.6659
-116.09,-4.2435,-6.8837
-116.47,-4.2772,-7.525
-116.19,-4.78,-7.7006
-116.53,-5.9294,-6.4583
-117.49,-5.732,-6.6386
-115.47,-6.2454,-7.312
-115.8,-6.2065,-6.4916
-115.28,-5.9305,-7.7292
-115.46,-5.6301,-7.7474
-115.12,-4.6249,-6.1418
-115.59,-4.4582,-6.414
-115.32,-5.0741,-5.984
-115.18,-5.719,-6.0693
-115.68,-4.7546,-7.2126
-115.13,-6.1396,-6.4488
-119.34,-5.5981,-7.5899
-118.67,-5.4866,-6.7755
-117.93,-5.6489,-8.0215
-117.1,-4.0993,-7.5478
-116.85,-5.8989,-6.8798
-114.67,-5.3985,-6.2213
-115.72,-6.0036,-6.139
-117.77,-5.4598,-6.4556
-116.8,-5.2914,-6.2664
-116.61,-4.7117,-6.3055
-114.52,-5.6589,-6.5896
-114.66,-6.008,-7.0192
-115.24,-6.2151,-7.476
-114.35,-3.8236,-7.9434
-115.54,-4.3182,-7.3406
-113.35,-4.4875,-8.3653
-113.42,-4.7724,-8.2417
-114.52,-5.7046,-7.7016
-114.04,-4.9417,-8.382
-114.89,-5.4122,-8.1035
-115.38,-5.2405,-7.9219
-114.69,-3.775,-7.2531
-113.45,-4.2711,-7.3522
-113.98,-5.1003,-7.3407
-113.8,-3.738,-7.1779
-114.27,-5.466,-7.2578
-114.84,-4.9838,-6.1441
-113.26,-3.7459,-7.5287
-114.11,-4.3486,-6.8879
-113.91,-3.5562,-7.5309
-113.48,-3.6463,-7.8515
-113.32,-3.9656,-8.1934
-113.01,-4.3373,-7.9192
-114.3,-5.1208,-6.7502
-115.44,-4.2045,-6.7849
-115.1,-4.5384,-7.9304
-114.07,-4.4698,-8.441
-114.76,-4.0097,-6.6996
-119.54,-9.201,-8.9992
-118.94,-8.9911,-7.9653
-120.82,-8.16,-8.4228
-120.42,-9.1865,-9.7917
-118.55,-8.5917,-8.3921
-118.91,-8.6274,-5.7646
-118.05,-8.7658,-5.7128
-117.61,-8.771,-6.0557
-117.95,-8.6217,-6.9981
-119.97,-7.5134,-7.7911
-120.51,-8.6873,-8.3131
-120.56,-9.0423,-8.874
-119.62,-8.9916,-7.7972
-119,-7.9047,-5.5078
-117.69,-8.1608,-5.3333
-117.4,-8.4533,-6.2007
-117.57,-8.2873,-6.5771
-118.29,-8.1143,-6.7716
-119.07,-7.2307,-8.119
-119.33,-8.5858,-6.53
-118.94,-8.9043,-6.8252
-118.4,-8.1682,-8.3939
-117.66,-7.5466,-6.6015
-118.46,-7.1699,-6.2518
-118.21,-7.4539,-5.2074
-120.55,-8.7826,-10.245
-118.35,-7.3947,-7.6568
-120.96,-8.6387,-9.2762
-119.39,-8.9589,-9.7146
-120.02,-9.2751,-8.871
-120.42,-9.2676,-9.4433
-118.55,-7.8833,-5.14
-117.43,-7.6994,-5.5142
-118.11,-7.913,-5.1755
-118.12,-8.9426,-6.3346
-120.86,-8.8669,-9.7734
-118.55,-8.944,-6.1505
-118.54,-8.5236,-5.4909
-117.28,-8.3115,-5.8496
-120.21,-7.9476,-7.7846
-118.92,-8.2333,-5.4448
-118.77,-7.2519,-6.0964
-120.09,-8.4359,-7.6856
-118.2,-7.6239,-6.6924
-118.37,-7.1946,-6.8309
-117.58,-7.8298,-6.6086
-119,-7.7681,-6.371
-118.73,-7.348,-5.4867
-117.27,-7.38,-6.0505
-118.38,-6.8263,-5.749
-118.71,-6.3678,-6.6222
-117.07,-6.4467,-6.8684
-117.91,-7.0005,-7.32
-118.73,-6.4544,-6.8978
-117.62,-6.3911,-5.9963
-117.56,-7.0777,-7.1531
-118.76,-6.9826,-6.952
-119.03,-7.5211,-5.8033
-117.77,-7.0486,-5.6479
-118.26,-7.2006,-7.261
-117.94,-7.7137,-7.0654
-117.43,-6.9188,-7.3358
-117.2,-6.4882,-6.37
-117.21,-6.0599,-6.9116
-118.14,-5.6498,-6.7444
-117.92,-5.8492,-6.3297
-117.99,-6.2108,-6.0369
-118.44,-5.9964,-6.4711
-117.51,-7.8416,-6.8655
-119.06,-6.7022,-7.0396
-118.68,-7.0247,-6.8605
-118.14,-7.1894,-6.9649
-117.47,-6.0249,-7.3527
-118.01,-5.7066,-7.1369
-119.26,-7.3311,-8.8606
-118.8,-7.6103,-8.6941
-119.61,-7.3199,-8.1765
-117.33,-6.4168,-7.4434
-118.54,-7.5169,-7.595
-118.06,-7.3981,-7.8312
-119.5,-6.766,-8.0119
-118.72,-6.0411,-7.3307
-119.43,-6.9194,-8.7701
-118.81,-7.2632,-8.9151
-118.34,-6.7701,-8.274
-118.47,-6.6794,-6.8751
-118.93,-6.2426,-7.0254
-117.18,-6.6821,-7.1918
-118.85,-6.4064,-8.0097
-118.17,-6.3602,-7.9874
-119.42,-7.4796,-8.4945
-119.01,-7.687,-8.1916
-116.68,-7.5924,-9.0487
-118,-7.8664,-8.3739
-117.91,-9.4194,-10.843
-118.59,-9.3273,-10.827
-117.08,-9.1823,-9.3463
-116.93,-8.8403,-10.103
-117.45,-9.3978,-10.249
-118.55,-9.1277,-9.5183
-116.65,-9.0733,-8.4685
-118.28,-8.3088,-8.7493
-115.58,-8.7059,-6.7708
-117,-8.8659,-6.9778
-115.89,-8.4915,-6.3977
-118.14,-8.7215,-8.8023
-118.17,-9.4799,-9.8621
-118.31,-9.5094,-10.518
-116.04,-7.4865,-7.7581
-116.7,-7.4274,-7.5182
-117.09,-7.4536,-7.131
-117.79,-9.5693,-9.9747
-117.08,-9.2467,-8.503
-117.64,-9.0906,-8.6294
-116.53,-9.1257,-7.1973
-116.19,-9.1424,-7.3342
-115.96,-9.0131,-6.8997
-115.81,-8.9513,-7.2705
-117.43,-8.2245,-7.1152
-115.57,-8.303,-7.6095
-116.59,-8.583,-9.324
-119.09,-9.0014,-10.415
-116.46,-8.0337,-9.3813
-117.3,-9.1951,-10.676
-118.88,-9.1509,-9.8608
-117.43,-7.5885,-8.8817
-115.76,-7.7006,-7.7608
-116.45,-8.2316,-6.1326
-116.99,-8.5587,-6.47
-115.32,-8.1116,-6.7582
-115.52,-8.6601,-7.2056
-116.67,-8.8609,-6.6497
-117.14,-7.8696,-7.4869
-116.66,-7.9323,-7.8777
-116.76,-7.2789,-7.7175
-116.52,-5.7837,-6.7356
-116.13,-5.2757,-6.989
-115.99,-5.889,-6.6416
-115.88,-5.1811,-7.2103
-115.61,-6.0156,-6.8312
-115.59,-5.418,-7.4088
-115.51,-5.8651,-7.1399
-116.04,-6.1745,-8.2913
-116.76,-6.1967,-7.9613
-117.24,-7.8474,-6.8582
-116.72,-6.3726,-7.7713
-116.27,-7.7948,-6.115
-116.01,-8.0274,-7.9717
-117.22,-6.7473,-7.5642
-115.5,-7.9863,-6.4001
-116.3,-7.1787,-6.3752
-115.78,-7.1762,-6.4659
-115.47,-7.2613,-6.8327
-115.45,-7.0848,-7.4524
-116.82,-7.1214,-6.5395
-117.18,-8.0788,-6.5004
-116.86,-7.9897,-6.2404
-115.72,-6.1056,-8.0712
-115.52,-5.6344,-7.8119
-115.77,-6.9769,-7.992
-117.12,-7.1378,-6.8094
-117.17,-5.8888,-7.4925
-116.45,-5.0122,-7.5383
-116.9,-5.2346,-7.5918
-117.05,-6.2564,-7.9053
-116.61,-6.2996,-8.2426
-115.83,-5.2038,-7.8205
-116.85,-5.4052,-7.04
-116.29,-5.0142,-7.8751
-116.35,-6.3641,-9.1152
-117.79,-5.4767,-10.03
-117.53,-5.373,-8.3629
-117.38,-6.0582,-10.243
-117.51,-5.6585,-10.266
-116.78,-6.2527,-9.8556
-116.1,-6.4102,-8.0445
-117.89,-5.8598,-10.049
-117.12,-5.272,-9.037
-117.03,-5.794,-10.201
-117.95,-5.5005,-9.3058
-117.21,-5.81,-7.4198
-117.53,-5.3634,-10.081
-117.26,-5.5404,-10.226
-116.6,-5.7198,-9.5624
-116.24,-5.8435,-9.2238
-118.06,-5.7286,-9.671
-117.83,-5.8338,-8.7127
-117.58,-6.4883,-9.6066
-117.94,-6.2104,-9.4858
-116.59,-5.4333,-9.2586
-117.07,-6.5451,-9.6473
-117.38,-6.3044,-8.3589
-117.06,-6.5755,-9.0232
-116.51,-8.3252,-9.5912
-116.54,-7.8549,-9.7308
-115.69,-7.3022,-10.48
-114.96,-7.7783,-10.528
-114.94,-8.1497,-10.459
-116.37,-8.7332,-9.8125
-115.71,-8.9284,-9.9541
-115.93,-9.2405,-10.729
-115.12,-8.5531,-10.246
-115.54,-9.022,-11
-115.89,-7.2863,-8.3442
-115.05,-6.8474,-9.1668
-115.74,-6.9575,-8.6993
-115.32,-7.0677,-8.9814
-116.35,-8.9465,-11.641
-115.81,-8.903,-11.536
-116.16,-9.2074,-11.158
-114.97,-8.4519,-8.614
-114.65,-8.1643,-8.9555
-114.46,-7.8942,-7.8014
-114.27,-7.8965,-8.3957
-115.63,-7.846,-7.8548
-115.24,-8.3992,-8.3417
-114.28,-7.2248,-8.8637
-114.34,-7.4113,-7.7385
-114.75,-7.1939,-9.2014
-114.85,-8.2451,-10.83
-115.33,-7.4109,-10.595
-115.35,-8.8067,-11.198
-116.69,-9.1382,-10.558
-114.71,-8.2139,-7.8865
-115.84,-7.377,-8.0979
-115.22,-8.0623,-7.7142
-115.18,-7.2143,-9.1742
-115.04,-5.2508,-8.2081
-115.42,-5.2901,-7.8145
-115.75,-5.4502,-7.7587
-116.37,-5.7773,-8.6481
-116.29,-5.4559,-8.2398
-116.22,-5.9057,-8.9669
-115.19,-5.5193,-9.3351
-115.77,-4.8932,-8.0365
-115.17,-4.9364,-8.4754
-114.95,-5.2948,-9.0346
-115.54,-5.8576,-9.4318
-115.56,-7.4322,-7.5933
-114.64,-6.9169,-7.4085
-114.2,-7.2149,-8.1292
-115.19,-6.7379,-7.4258
-114.98,-7.6505,-7.3828
-114.91,-6.7501,-7.3793
-114.15,-7.3615,-8.6115
-114.47,-7.0813,-9.0558
-114.7,-6.4009,-7.7551
-115.53,-4.725,-8.7148
-115.67,-7.3026,-8.8897
-115.91,-5.9138,-9.2422
-116.25,-5.9369,-8.8627
-116.04,-4.769,-8.3451
-116.15,-5.0554,-8.1112
-116.06,-4.8264,-9.5374
-116.51,-5.2019,-11.103
-115.88,-6.0572,-9.0933
-116.84,-5.9583,-9.7163
-116.63,-5.9556,-10.96
-116.42,-6.0952,-9.9788
-117.2,-5.9936,-10.765
-117.61,-5.2975,-10.405
-117.52,-5.1207,-11.118
-116.25,-4.7786,-9.0661
-116.75,-4.9013,-10.106
-116.86,-5.535,-11.393
-117.33,-5.0756,-10.176
-115.66,-5.0992,-9.8371
-116.68,-5.5237,-8.93
-117.11,-5.0734,-11.315
-117.39,-5.5394,-11.206
-116.39,-4.981,-10.403
-116.35,-5.6142,-11.039
-115.8,-5.5289,-10.308
-115.51,-5.8854,-9.3158
-117.58,-5.6865,-10.647
-117.62,-5.0912,-10.789
-113.87,-7.2426,-12.19
-115.44,-6.5518,-10.484
-114.99,-7.7688,-12.127
-114.31,-7.6095,-12.225
-114.66,-8.0847,-11.449
-115.08,-6.6779,-9.7455
-114.71,-7.0445,-9.7579
-115.23,-6.1748,-9.9257
-113.91,-6.3486,-11.224
-114.49,-7.5987,-10.37
-113.53,-6.2807,-9.2339
-113.6,-5.8632,-9.2656
-113.78,-5.7706,-9.644
-114.1,-5.7172,-9.9608
-114.78,-6.5561,-8.9299
-114.41,-6.6593,-8.7265
-113.93,-6.3021,-8.5661
-113.66,-6.7665,-9.2122
-113.76,-7.0095,-11.588
-113.81,-6.9201,-10.737
-113.87,-7.4694,-11.569
-114.21,-7.7843,-11.699
-114.33,-7.8119,-11.045
-114.21,-7.097,-9.794
-114.54,-5.692,-10.387
-113.6,-6.1626,-8.8107
-113.8,-6.9038,-10.016
-114.34,-6.0828,-8.5149
-115.14,-5.8431,-8.7296
-114.06,-6.8267,-8.9367
-115.98,-5.0953,-9.0939
-115.53,-5.0805,-8.7148
-115.76,-4.5593,-8.9127
-115.1,-4.6734,-8.8338
-115.48,-5.2966,-9.8768
-115.65,-5.7714,-9.5411
-114.59,-5.3898,-8.5687
-114.76,-5.3737,-10.063
-113.91,-5.6796,-8.7218
-115.39,-5.9841,-8.9989
-115.02,-4.4995,-9.2646
-116.26,-4.4049,-10.388
-115.9,-5.4457,-9.2689
-114.92,-6.0516,-9.8744
-115.1,-6.3508,-9.4952
-115.76,-5.484,-9.6511
-116.65,-4.6082,-9.9705
-115.49,-5.2363,-10.313
-116.31,-4.5777,-11.344
-116.92,-4.7857,-11.443
-117.13,-5.094,-11.124
-117.14,-4.9511,-10.572
-116.77,-5.3506,-10.76
-116.48,-5.2701,-11.18
-115.12,-4.4937,-9.8433
-116.16,-4.9581,-11.283
-116.63,-4.4172,-11.29
-117.11,-4.4945,-11.049
-117.25,-4.745,-10.838
-114.99,-4.8569,-10.013
-115.4,-4.353,-9.2273
