1.7639,-54.936,7.9591
0.95413,-56.087,6.7413
1.3255,-54.252,6.154
3.5347,-49.456,10.882
1.7986,-53.188,6.915
2.6499,-52.026,7.9246
3.3336,-50.782,9.4139
3.1828,-48.454,11.813
0.039359,-54.334,3.1653
-0.9034,-55.556,2.564
0.65056,-53.378,3.7208
1.601,-51.318,4.9012
2.4587,-49.773,6.4115
1.0041,-52.453,4.2962
2.4625,-47.213,8.985
2.6835,-48.313,7.8869
1.9523,-46.348,9.8043
-11.336,-35.294,-12.161
-11.236,-35.466,-11.048
-11.567,-35.524,-9.5248
-11.504,-35.576,-10.062
-11.006,-35.868,-8.3426
-9.9244,-36.669,-8.0948
-5.6197,-41.678,-12.651
-8.2917,-40.31,-16.156
-7.5146,-41.13,-15.332
-7.074,-41.735,-14.961
-6.1022,-42.006,-14.214
-8.909,-37.467,-8.1702
-6.5025,-39.162,-8.7223
-8.04,-38.297,-8.4248
-5.7916,-39.867,-9.4102
-4.6779,-39.343,-8.0963
-4.5226,-38.361,-7.1957
-5.2469,-40.879,-11.121
-9.7518,-34.705,-11.659
-9.8748,-35.754,-7.5118
-9.3231,-36.387,-7.3468
-8.705,-35.938,-6.7401
-9.2047,-35.399,-6.8017
-6.7208,-36.172,-5.8365
-7.718,-37.218,-7.0668
-5.7554,-37.152,-6.4028
-6.9282,-38.067,-7.4645
-10.408,-35.045,-8.6137
-9.521,-34.364,-8.0925
-8.3171,-33.285,-8.6053
-10.219,-34.845,-9.504
-8.1638,-33.272,-9.3927
-9.8161,-34.716,-10.733
-10.402,-35.232,-8.1259
-8.5273,-37.264,-7.5436
-7.4542,-38.072,-7.9183
-9.4193,-34.832,-7.2302
-10.248,-35.402,-7.7992
-5.4462,-39.226,-8.3724
-7.0705,-34.916,-5.521
-7.6382,-34.098,-6.0329
-8.0296,-33.154,-7.6963
-8.5999,-34.062,-7.0138
-5.4112,-40.075,-9.7255
-5.0327,-40.403,-10.241
-4.524,-40.378,-10.025
-4.2054,-40.915,-11.008
-5.3096,-41.725,-13.322
-4.9538,-41.693,-13.246
-4.1046,-41.316,-11.899
-3.3394,-41.083,-11.827
-3.8622,-41.196,-12.727
-7.4121,-39.694,-15.955
-6.0575,-39.726,-15.005
-6.6674,-40.628,-15.014
-4.9991,-40.113,-14.269
-6.1841,-41.079,-14.614
-4.8442,-40.966,-13.807
-5.651,-41.875,-13.92
-4.0645,-41.074,-13.146
-2.3879,-40.923,-11.43
-2.4814,-40.519,-10.239
-3.1091,-39.774,-8.7241
-7.889,-38.055,-8.1957
-6.118,-39.112,-8.5661
-3.4069,-40.789,-10.595
-3.9616,-40.164,-9.1542
-5.2659,-38.929,-7.7226
-7.2614,-36.763,-6.5757
-8.2165,-35.674,-6.2323
-8.4953,-34.822,-6.4678
-11.396,-35.588,-8.8495
-5.5469,-40.497,-10.125
-5.8018,-41.978,-13.51
-11.61,-37.436,-6.2437
-10.928,-38.769,-2.9497
-9.7482,-38.628,-3.18
-10.33,-38.036,-5.0931
-8.6682,-39.042,-3.2394
-9.4823,-38.422,-5.2131
-7.0844,-40.262,-5.2525
-5.2984,-41.767,-6.7221
-4.8153,-42.89,-8.6057
-4.3018,-43.875,-8.6085
-4.6167,-45.947,-9.0585
-4.1622,-46.598,-8.0719
-3.818,-45.419,-8.0887
-3.2247,-44.778,-6.7586
-2.892,-44.217,-4.9331
-4.2323,-42.413,-4.083
-5.5392,-41.37,-4.0585
-7.2384,-40.059,-4.1862
-6.3639,-40.575,-2.5188
-8.1305,-39.396,-1.9839
-9.3416,-39.043,-1.8665
-10.779,-39.183,-2.0341
-10.321,-40.68,0.75826
-7.6562,-39.763,-0.67436
-3.242,-42.823,0.61989
-2.0361,-45.909,-4.4907
-2.9817,-47.679,-5.5715
-1.4517,-47.743,-3.0755
-1.1616,-49.141,-1.9112
-1.2568,-46.769,-2.7647
-0.55258,-47.778,-1.0382
-1.2182,-45.74,-1.9646
-0.3928,-46.745,-0.22105
-2.2093,-43.802,-0.5812
-0.69823,-44.559,1.6343
-1.8373,-43.254,2.8733
-4.5395,-41.823,1.3792
-3.2762,-42.402,3.5163
-6.6203,-40.944,2.2961
-6.0401,-41.807,4.1759
-2.0457,-54.262,-0.17909
-0.98286,-52.933,0.37341
-0.53471,-52.169,0.69318
-0.18812,-51.32,1.0819
0.58527,-49.72,1.74
0.29216,-50.52,1.3951
1.1826,-45.736,5.1071
0.16026,-44.249,6.4695
-1.3196,-43.537,7.098
-2.7742,-43.12,7.4248
0.96236,-48.484,2.7614
-3.8836,-55.643,-0.79262
-5.7768,-56.423,-0.91409
-15.113,-46.605,-6.7941
-15.422,-45.88,-5.7728
-15.542,-45.166,-7.5344
-15.31,-45.01,-9.1825
-15.012,-46.167,-8.0564
-14.484,-46.751,-8.4987
-14.344,-48.454,-5.9646
-14.105,-44.997,-12.53
-13.987,-45.892,-11.199
-14.943,-44.863,-11.411
-15.064,-44.162,-12.439
-15.569,-43.847,-11.085
-15.674,-43.115,-12.079
-15.764,-42.324,-11.235
-15.616,-41.271,-10.965
-15.292,-39.64,-11.599
-14.71,-45.643,-10.291
-13.725,-47.742,-8.3168
-15.664,-43.223,-9.5401
-3.2191,-46.065,-6.9016
-5.9786,-44.982,-11.164
-5.2357,-44.777,-10.425
-3.4067,-48.394,-5.7103
-5.3075,-48.149,-8.6157
-6.9885,-47.306,-10.486
-6.4682,-47.647,-9.9679
-5.8483,-49.151,-8.4074
-6.7528,-49.191,-8.9049
-5.4484,-50.528,-6.9578
-7.1391,-51.113,-7.1374
-5.3042,-46.31,-9.6448
-5.9365,-47.275,-9.8018
-6.5009,-46.409,-10.715
-6.2145,-45.677,-10.876
-4.4016,-49.856,-6.4396
-13.521,-48.555,-7.546
-14.025,-48.243,-7.1093
-12.91,-47.977,-8.9216
-12.33,-50.581,-6.2287
-13.269,-49.895,-5.996
-12.74,-49.052,-7.7474
-15.613,-41.886,-9.6021
-15.182,-39.636,-10.556
-14.771,-38.847,-10.042
-14.544,-37.988,-10.917
-15.259,-41.009,-8.5923
-15.669,-44.351,-7.5056
-15.499,-40.045,-13.417
-15.178,-39.076,-12.786
-15.429,-44.322,-5.3706
-15.055,-45.788,-2.8949
-15.124,-43.375,-4.7994
-13.758,-39.444,-6.0735
-14.658,-39.97,-7.9075
-15.159,-41.562,-7.1554
-13.828,-38.475,-7.5925
-14.106,-40.609,-5.1273
-13.614,-40.75,-3.5689
-12.98,-39.286,-4.5221
-12.887,-40.033,-3.1865
-12.615,-41.253,-1.2192
-13.772,-49.526,-5.5321
-11.547,-49.19,-8.4604
-11.393,-48.643,-9.1163
-14.14,-41.631,-3.5781
-14.664,-42.394,-4.1218
-14.606,-43.606,-2.7762
-12.154,-39.691,-2.6576
-15.003,-47.824,-3.2374
-14.581,-49.052,-3.9318
-11.076,-50.668,-7.0355
-9.645,-49.266,-8.9506
-9.2795,-50.616,-7.5839
-8.5425,-40.24,0.87741
-7.1353,-40.268,0.72435
-1.9613,-45.118,-3.2913
-7.8337,-49.758,-8.5994
-7.3053,-44.815,-12.31
-7.736,-45.099,-12.213
-6.7189,-44.785,-11.962
-7.4017,-42.924,-14.173
-12.732,-44.935,-13.366
-12.669,-46.2,-11.689
-14.084,-44.336,-13.467
-11.133,-45.988,-12.07
-11.323,-45.188,-13.109
-9.5915,-45.781,-12.086
-12.088,-47.291,-10.461
-10.646,-46.98,-11.03
-9.8869,-48.204,-9.9146
-11.578,-44.46,-14.143
-7.3851,-46.33,-11.23
-14.201,-38.324,-9.156
-13.643,-37.575,-8.4556
-13.22,-37.752,-7.1266
-13.264,-36.987,-8.4464
-12.751,-36.833,-8.003
-11.848,-36.886,-7.4088
-10.944,-37.364,-6.743
-10.087,-37.826,-6.6277
-9.438,-38.267,-6.6356
-4.8801,-44.109,-10.13
-4.8824,-43.389,-9.7466
-15.094,-43.508,-13.313
-15.678,-42.489,-12.809
-13.107,-38.383,-6.0353
-15.618,-42.712,-7.8569
-9.7389,-37.313,-7.9056
-10.43,-36.791,-7.9546
-10.785,-37.167,-7.2573
-9.6094,-37.956,-7.1009
-12.37,-38.138,-5.3585
-12.245,-38.883,-3.9905
-5.7807,-41.26,-9.0911
-5.7519,-40.793,-9.7738
-5.8292,-42.299,-12.996
-5.6937,-41.807,-10.417
-5.5138,-41.905,-9.396
-5.5355,-41.131,-10.902
-4.9644,-42.28,-7.6614
-5.6329,-41.516,-8.0599
-5.6386,-42.651,-11.64
-5.812,-42.628,-12.618
-5.4831,-43.294,-11.565
-10.352,-44.517,-13.771
-8.4737,-45.315,-12.163
-9.2532,-46.536,-11.37
-8.2156,-47.556,-10.541
-8.1241,-48.017,-10.083
-8.6095,-43.613,-13.904
-9.9745,-43.64,-14.554
-10.7,-43.559,-14.895
-11.39,-43.377,-15.206
-11.977,-43.232,-15.374
-6.337,-43.535,-12.896
-6.6807,-42.343,-14.524
-6.1749,-42.657,-13.602
-5.7766,-43.711,-12.007
-6.1424,-40.233,-9.0111
-6.2832,-40.524,-8.3415
-6.2982,-40.752,-7.7868
-6.0843,-41.056,-6.6595
-7.282,-40.055,-6.7791
-7.264,-39.871,-7.4921
-8.783,-38.101,-8.0391
-12.687,-35.952,-13.271
-13.55,-36.625,-12.983
-14.29,-37.455,-12.706
-12.45,-35.828,-12.499
-13.225,-36.275,-11.531
-12.319,-35.818,-11.686
-11.172,-36.464,-8.0705
-10.768,-36.22,-8.2761
-12.791,-36.008,-9.4494
-13.082,-36.126,-10.047
-12.377,-35.864,-10.854
-13.672,-36.74,-9.5402
-13.326,-36.342,-9.423
-12.819,-36.24,-8.8199
-11.724,-35.818,-8.7165
-11.937,-36.082,-8.4254
-12.465,-35.882,-9.0484
-11.584,-42.129,-16.167
-10.701,-42.258,-15.963
-9.8965,-42.582,-15.417
-8.8818,-41.757,-15.679
-10.381,-41.397,-16.453
-9.5589,-40.909,-16.432
-8.2163,-41.961,-15.385
-7.3766,-42.11,-15.082
-6.6724,-39.348,-8.6981
-5.9712,-40.061,-9.3461
-7.0166,-39.363,-8.4592
-2.3325,-49.353,-3.6334
-3.0917,-52.081,-3.3076
-2.108,-50.912,-2.6194
-9.9739,-54.408,-2.8609
-8.3605,-54.574,-3.3508
-4.5231,-53.299,-3.6858
-6.4061,-54.163,-3.7115
-13.487,-46.909,-10.103
-14.244,-46.549,-9.5584
-12.737,-45.653,-12.506
-2.3805,-40.728,-12.108
-9.8968,-45.295,-12.66
-4.2886,-48.243,-7.1359
-4.9069,-48.881,-7.617
-7.9711,-48.661,-9.5788
-5.035,-51.85,-5.4795
-6.8095,-52.559,-5.5345
-8.7359,-52.909,-5.1585
-10.468,-52.881,-4.7116
-11.698,-52.517,-4.1941
-8.1242,-40.995,2.4226
-9.9198,-41.553,2.3528
-12.57,-52.02,-3.7826
-14.886,-47.86,-5.3391
-15.015,-44.607,-3.4947
-14.124,-42.728,-2.2952
-11.937,-40.834,-0.74556
-10.588,-39.907,-0.63646
-8.9409,-39.547,-0.55867
0.81092,-44.782,5.9743
-1.2665,-43.745,2.3797
-2.6041,-43.325,0.31121
-4.567,-42.023,-2.7767
-0.45412,-43.997,6.6981
-2.4048,-42.981,3.1015
-3.659,-42.521,1.0429
-4.6554,-41.907,-0.85035
1.2694,-46.918,4.0629
-1.4322,-44.758,-1.1177
-2.8617,-43.673,-3.4271
-3.7016,-43.042,-4.8677
-4.5681,-42.01,3.8535
-5.3732,-41.291,1.9417
-6.0553,-40.757,0.38925
-6.6955,-40.295,-0.9594
-7.9301,-39.496,-3.4427
-8.9618,-38.749,-5.6335
-5.6737,-38.49,-7.4581
-13.656,-36.51,-10.077
-13.991,-36.852,-11.339
-14.102,-37.136,-11.851
-12.413,-35.763,-9.854
-15.169,-42.39,-6.064
-15.559,-43.375,-6.7627
-14.618,-41.564,-5.1585
-11.21,-38.169,-4.3875
-13.105,-42.838,-0.46974
-13.643,-43.505,-0.71585
-13.596,-42.104,-1.945
-14.061,-44.102,-1.0395
20.023,-14.169,-1.6135
20.114,-14.503,-2.9241
13.961,-11.397,-4.9807
13.63,-11.817,-5.97
13.509,-12.349,-6.8788
13.655,-12.606,-8.074
14.236,-13.381,-8.2724
15.405,-13.839,-8.4591
16.566,-14.169,-8.0039
18.206,-14.487,-6.974
17.66,-15.583,-7.0019
17.44,-14.891,-7.2124
21.095,-13.626,-6.0712
20.36,-14.289,-6.2409
21.17,-14.463,-5.4604
19.926,-15.065,-6.2236
19.027,-16.699,-4.967
19.6,-16.126,-4.191
18.846,-16.869,-4.0716
19.556,-15.788,-3.4687
19.274,-15.68,-2.5947
19.522,-14.905,-1.6847
18.437,-16.606,-1.6626
19.421,-14.347,-1.302
18.44,-15.75,-1.0769
19.153,-13.544,-0.99247
17.91,-14.926,-0.78273
18.809,-13.099,-1.1797
17.401,-14.654,-1.0091
17.395,-13.62,-1.5757
16.449,-13.169,-2.1253
15.691,-13.981,-2.2463
15.202,-13.204,-2.854
14.516,-12.454,-3.3768
14.197,-11.937,-3.7566
13.832,-11.775,-4.2942
13.579,-11.925,-5.0545
13.276,-12.719,-5.8449
13.239,-13.518,-6.7849
13.531,-13.347,-7.5788
13.935,-14.035,-7.9884
14.961,-14.181,-8.148
16.119,-14.623,-7.8789
16.897,-15.268,-7.4083
18.267,-15.787,-6.695
19.491,-15.905,-5.9103
18.472,-16.485,-6.0862
18.316,-17.18,-2.7755
18.341,-17.45,-4.206
18.13,-17.449,-5.1596
17.804,-16.991,-6.0928
16.137,-15.801,-7.6437
15.43,-15.331,-7.8857
14.553,-14.834,-7.9688
13.674,-14.37,-7.6975
13.397,-14.093,-7.4161
12.825,-13.796,-6.0071
13.236,-13.163,-4.7604
13.728,-14.249,-3.5965
14.325,-14.177,-3.1122
16.551,-15.532,-1.0568
17.064,-15.9,-0.76948
13.818,-14.761,-3.2463
17.17,-17.434,-1.1317
17.172,-17.626,-6.2124
17.653,-18.229,-4.4128
17.167,-18.894,-3.0651
13.184,-14.669,-7.4446
13.841,-15.999,-2.4623
16.598,-16.721,-7.1577
15.753,-11.146,-2.9782
14.838,-11.25,-3.4066
15.967,-11.982,-2.6383
16.582,-11.309,-2.5087
21.446,-13.494,-5.7936
21.562,-13.729,-4.8727
21.337,-14.365,-4.8346
20.412,-15.126,-4.143
17.948,-12.787,-1.7527
14.211,-11.235,-4.0564
18.846,-14.376,-6.7741
20.077,-15.865,-4.8546
20.639,-14.251,-3.5769
13.72,-15.716,-7.9189
-11.994,-36.351,-16.066
-10.914,-37.922,-17.134
-12.104,-35.618,-14.772
-11.911,-35.416,-14.051
-11.441,-35.244,-13.1
-10.277,-38.593,-17.324
-9.7739,-39.903,-17.078
-9.7929,-39.243,-17.283
6.0237,-31.806,-3.7184
7.3479,-30.224,-3.4369
5.3391,-31.491,-3.2743
4.0252,-29.277,-2.2744
6.1381,-34.453,-7.0241
6.4399,-34.245,-8.7318
7.2794,-33.079,-6.5284
7.0775,-32.123,-4.7421
5.3541,-34.082,-5.3386
4.3571,-33.483,-4.1763
3.6201,-33.076,-3.6992
7.5123,-32.985,-8.229
7.1003,-33.024,-9.2628
8.0427,-31.474,-9.1459
8.7362,-31.324,-7.8875
2.9209,-37.409,-8.1486
3.2091,-37.301,-9.8695
8.6225,-29.565,-9.5466
2.0665,-30.879,-2.6418
3.3956,-27.941,-2.3309
1.2906,-29.638,-2.614
2.3858,-26.896,-2.9327
0.54702,-28.341,-3.1075
1.8415,-25.915,-3.9436
-0.001522,-27.313,-4.0938
1.7874,-25.22,-5.2197
-0.22693,-26.64,-5.6232
1.9022,-25.004,-6.0051
-0.071201,-26.5,-6.8672
0.256,-26.558,-7.8684
2.2186,-24.987,-7.1883
5.3828,-28.097,-2.2701
7.911,-28.592,-2.7405
9.033,-27.647,-2.8302
8.265,-25.227,-2.0463
9.7767,-29.851,-7.3848
9.6012,-29.933,-5.594
8.8544,-30.977,-5.9956
8.9358,-29.734,-4.2324
8.3514,-28.906,-3.1188
6.7269,-29.68,-2.9048
4.7983,-26.774,-2.3417
5.5567,-33.083,-11.129
6.0157,-33.924,-10.151
2.6582,-36.014,-12.092
8.1336,-31.966,-6.1774
-2.0553,-37.917,-6.4706
6.6913,-24.802,-2.2284
-1.7828,-33.369,-3.6373
0.032061,-35.509,-4.7147
3.3213,-24.068,-5.8093
5.2075,-22.56,-5.8259
3.3269,-24.216,-5.1122
5.3025,-22.852,-4.3736
4.8812,-23.641,-3.7719
-4.1132,-29.745,-8.0589
-3.643,-29.112,-6.3461
5.236,-24.467,-2.8903
4.1202,-25.559,-2.9198
3.5435,-24.701,-3.8976
8.7829,-19.314,-4.8753
9.271,-19.565,-3.4837
10.588,-17.582,-4.4883
12.441,-16.321,-3.4075
12.281,-15.923,-4.1125
8.2114,-23.659,-2.0992
10.575,-22.702,-1.7801
9.9186,-21.978,-1.9447
12.61,-20.487,-1.3675
11.969,-19.929,-1.5878
7.3533,-22.299,-2.9137
10.493,-19.175,-2.7204
6.9508,-21.7,-3.8207
5.7994,-26.432,-11.714
5.1509,-25.005,-11.135
6.8094,-23.339,-10.349
7.6269,-24.474,-10.835
8.4133,-21.626,-9.6042
9.211,-22.64,-10.071
10.155,-19.74,-8.8741
10.921,-20.617,-9.2748
11.703,-18.019,-8.3349
12.503,-18.743,-8.5995
3.6761,-25.186,-10.766
6.6732,-22.235,-9.4098
9.6627,-19.176,-8.2546
11.165,-17.458,-7.7983
3.8928,-24.166,-9.4221
5.7459,-22.399,-8.5939
7.4281,-20.726,-8.0279
9.2647,-18.823,-7.3949
10.817,-17.037,-6.8838
2.6403,-24.949,-8.5988
5.333,-22.518,-7.3114
7.1049,-20.818,-6.7205
8.9825,-18.912,-6.123
10.647,-17.059,-5.7165
6.9108,-21.102,-5.3833
10.38,-25.971,-2.6272
11.968,-24.017,-2.3068
14.804,-20.502,-1.5962
9.9183,-28.269,-3.9263
11.136,-26.589,-3.594
12.668,-24.514,-3.1556
14.468,-22.139,-2.5918
10.471,-28.628,-5.3154
11.623,-26.818,-4.9187
13.079,-24.663,-4.4203
14.767,-22.286,-3.7916
11.808,-26.64,-6.4446
13.22,-24.375,-5.844
14.779,-22.006,-5.3326
10.435,-27.17,-8.6038
12.961,-23.5,-7.4522
14.528,-21.279,-6.9277
9.8665,-26.334,-9.5026
12.487,-22.758,-8.2787
7.5699,-29.147,-10.696
5.4405,-28.967,-12.158
9.6427,-24.127,-10.037
11.664,-21.531,-9.1342
13.235,-19.446,-8.5688
15.387,-17.658,-0.94542
14.054,-17.915,-1.3245
13.108,-16.431,-7.9883
13.964,-17.02,-8.0814
12.435,-15.925,-7.5308
12.068,-15.454,-6.503
12.051,-15.326,-5.5569
17.231,-18.343,-1.8363
16.302,-20.113,-3.3301
16.213,-19.964,-4.9137
15.928,-19.279,-6.5104
15.036,-17.109,-7.8289
-1.2153,-35.658,-14.342
-1.91,-34.28,-14.881
0.51848,-32.092,-14.127
1.2351,-33.399,-13.812
2.9487,-29.054,-13.039
3.7552,-30.685,-12.926
-11.024,-35.029,-14.166
-10.666,-35.061,-14.914
-11.432,-35.324,-15.023
-9.4078,-37.777,-17.221
-9.8006,-37.044,-17.015
-8.91,-36.481,-16.724
-8.5525,-37.083,-16.884
-7.1213,-35.534,-15.94
-6.8186,-36.099,-16.022
-10.372,-36.263,-16.524
-9.2986,-35.763,-16.26
-7.6975,-35.016,-15.667
-8.752,-34.906,-15.394
-7.8893,-34.38,-14.881
-10.186,-35.306,-15.628
-10.998,-35.713,-15.889
-8.176,-34.045,-13.833
-9.0572,-34.567,-14.387
-9.8671,-34.64,-12.741
-9.2137,-34.43,-13.535
-8.5582,-34.039,-12.534
-8.5935,-34.057,-11.519
-7.3504,-33.229,-11.605
-4.8731,-35.106,-4.7729
-2.679,-32.052,-3.5086
-5.6681,-33.922,-4.742
-6.193,-32.925,-5.1848
-3.3271,-30.868,-3.9022
-6.42,-32.066,-6.0406
-3.7219,-29.856,-4.8317
-6.2466,-31.428,-7.4184
-5.2521,-34.986,-15.585
-6.0589,-34.047,-15.169
-4.8193,-33.193,-14.782
-4.0606,-34.082,-15.306
-3.485,-32.15,-14.487
-2.0371,-32.553,-14.842
-0.86786,-29.995,-13.788
-0.15423,-31.054,-14.268
2.1275,-27.694,-12.547
-6.5974,-33.476,-14.302
-5.3561,-32.593,-13.813
-3.2096,-30.991,-13.17
-1.2319,-29.463,-12.647
1.6079,-27.043,-11.694
-6.9545,-33.177,-13.122
-5.7273,-32.277,-12.572
-4.2892,-31.257,-12.04
-1.7422,-29.206,-11.046
1.1193,-26.719,-10.675
-6.1143,-32.245,-11.165
-3.8321,-30.427,-10.516
0.60997,-26.674,-9.2722
-6.3433,-32.024,-9.8438
-8.3829,-37.655,-16.944
-6.5737,-38.681,-15.768
-8.4448,-38.953,-16.852
-7.8976,-37.984,-16.704
-6.255,-37.512,-15.776
-6.5916,-36.711,-15.998
-5.4434,-38.876,-14.937
-5.3293,-36.875,-15.558
-4.8467,-38.341,-14.797
-4.2664,-36.017,-15.391
-2.8812,-36.795,-14.612
-2.0425,-38.306,-13.737
-0.6964,-37.398,-13.485
-9.113,-38.716,-17.212
-1.8034,-39.856,-12.582
0.90156,-36.127,-5.2616
-1.0298,-38.894,-7.5402
2.0622,-36.929,-6.4523
-0.20789,-39.675,-9.1451
0.094601,-39.656,-10.695
0.17022,-37.981,-12.633
2.0936,-35.107,-12.909
5.322,-31.772,-11.825
-1.2012,-40.433,-10.999
-1.4186,-40.275,-9.6957
1.451,-38.497,-8.5908
1.7692,-38.428,-10.262
0.54694,-37.904,-6.9549
-2.1114,-39.314,-8.2177
-3.0336,-38.399,-7.1141
-0.63363,-37.064,-5.8287
3.6502,-35.675,-5.8761
2.5619,-34.996,-4.6923
1.8151,-34.514,-4.2478
0.03569,-32.322,-3.1362
-4.9376,-36.711,-5.734
-5.8921,-35.741,-5.2536
-4.2621,-32.968,-4.0553
-3.4643,-34.251,-4.193
-0.8532,-31.089,-3.0247
-4.7922,-31.874,-4.4425
-1.5808,-29.818,-3.4678
4.5158,-36.125,-7.6134
4.7093,-36.013,-9.4292
-11.681,-37.025,-16.563
-12.05,-35.813,-15.357
-15.634,-40.854,-13.454
-15.129,-39.049,-13.483
-12.794,-44.113,-14.434
-14.01,-43.616,-14.343
-13.055,-43.34,-15.142
-12.404,-43.136,-15.484
-13.954,-42.939,-14.993
-14.998,-42.827,-14.066
-14.861,-42.192,-14.646
-15.518,-41.284,-14.094
-15.645,-41.764,-13.479
-13.125,-36.827,-15.372
-13.009,-37.387,-15.984
-13.047,-42.523,-15.744
-12.775,-41.219,-16.42
-12.198,-41.54,-16.409
-12.519,-39.986,-16.709
-12.113,-38.91,-16.867
-11.456,-39.387,-17.084
-13.29,-40.797,-16.261
-13.757,-42.057,-15.61
-14.548,-41.295,-15.252
-13.963,-40.11,-15.874
-13.28,-39.023,-16.231
-12.625,-38.112,-16.485
-13.751,-38.337,-15.728
-14.464,-39.329,-15.33
-15.213,-40.447,-14.583
-13.068,-36.433,-14.703
-12.916,-36.171,-14.005
-13.769,-37.032,-13.85
-13.847,-37.333,-14.488
-13.88,-37.782,-15.142
-14.558,-38.647,-14.742
-14.492,-38.039,-13.936
-15.188,-39.592,-14.249
-15.498,-40.328,-13.984
-10.442,-39.684,-17.214
-10.9,-40.835,-16.828
-11.706,-40.376,-16.861
18.968,-15.053,-6.6303
17.416,-16.297,-6.8665
19.446,-14.166,-6.6374
20.388,-13.76,-6.4786
21.621,-12.991,-4.8591
21.234,-13.615,-4.0771
20.412,-15.306,-5.5515
20.634,-13.876,-2.8738
20.718,-13.444,-1.5281
20.386,-12.977,-1.1137
20.552,-12.002,-0.91705
19.494,-12.466,-1.0971
18.582,-12.101,-1.7052
20.657,-15.299,-4.8221
15.59,-17.323,-7.5487
12.165,-22.092,-8.6903
10.413,-24.411,-9.4849
6.6185,-29.094,-11.416
4.9837,-30.992,-12.194
1.6978,-34.359,-13.338
15.594,-18.139,-7.3107
14.583,-16.339,-7.9522
12.896,-15.239,-7.4589
12.505,-14.658,-6.3137
12.671,-14.383,-5.1764
12.968,-15.108,-3.9445
13.16,-15.509,-3.3729
16.963,-19.066,-4.6711
17.396,-18.159,-5.393
16.156,-19.705,-5.8069
14.707,-21.671,-6.1967
13.141,-23.983,-6.7
11.649,-26.285,-7.3459
9.5496,-29.431,-8.3991
4.9701,-23.945,-10.155
3.9072,-23.613,-6.4186
6.8406,-31.738,-10.462
4.4,-35.304,-10.979
4.0033,-34.663,-11.78
3.4662,-33.724,-12.555
3.0206,-33.022,-12.984
2.4706,-32.106,-13.417
1.6757,-30.756,-13.664
1.2572,-30.031,-13.709
0.61519,-28.823,-13.221
0.21833,-28.273,-12.17
-0.18956,-27.977,-11.098
-0.72746,-27.925,-9.671
-1.223,-27.832,-8.2906
-1.6249,-27.77,-7.3478
-2.057,-27.998,-5.9476
-2.0468,-28.762,-4.433
0.98187,-36.028,-13.187
0.0422,-34.573,-14.097
-0.64434,-33.202,-14.522
-2.1611,-31.048,-14.156
-2.8995,-30.258,-11.68
-4.8572,-30.128,-6.8282
-5.0274,-30.83,-5.3624
-1.9223,-39.32,-13.113
-1.1905,-40.062,-11.898
0.059411,-39.256,-11.64
2.7686,-37.223,-11.013
4.5838,-35.687,-10.443
6.5657,-33.869,-9.3493
-3.8434,-37.562,-6.368
-2.9204,-37.161,-5.7816
-1.3869,-36.46,-5.3014
2.539,-24.619,-6.3358
-3.9195,-36.093,-5.1077
-0.98818,-34.358,-3.9852
0.74814,-33.251,-3.4895
2.7478,-31.82,-2.9649
4.5968,-30.243,-2.566
5.5504,-29.376,-2.5465
7.1979,-27.865,-2.3483
8.6161,-26.419,-2.2629
11.274,-23.379,-1.8696
13.257,-21.045,-1.4464
15.773,-18.149,-0.98269
17.797,-15.722,-0.80305
18.922,-14.294,-1.0507
-7.6487,-33.271,-6.6027
-3.1523,-35.193,-15.164
-6.3703,-31.73,-8.8509
-3.1241,-28.909,-7.719
15.174,-11.089,-3.5359
21.586,-13.556,-5.3747
6.897,-21.316,-4.6735
9.727,-18.848,-3.8315
5.2516,-22.632,-5.148
13.624,-13.078,-4.2116
13.22,-13.795,-4.534
12.112,-15.451,-5.0943
15.584,-15.696,-1.4786
13.423,-17.555,-1.7819
11.43,-19.396,-2.0443
8.8154,-22.036,-2.292
21.286,-12.99,-3.1162
21.331,-12.173,-1.2681
14.564,-11.172,-4.3643
13.827,-11.482,-6.1491
13.553,-12.016,-7.3472
15.729,-13.671,-8.8717
21.363,-12.255,-6.1572
13.459,-11.82,-7.618
12.991,-11.635,-7.7153
16.819,-13.732,-8.9178
18.013,-14.075,-7.4914
17.77,-13.704,-8.3101
17.005,-13.177,-10.077
17.816,-13.036,-9.5809
16.312,-13.853,-8.6404
13.502,-12.277,-8.591
14.979,-13.331,-8.8994
21.693,-12.17,-4.7673
20.049,-13.068,-7.1438
19.015,-13.624,-7.3788
20.232,-11.766,-7.7101
19.302,-12.359,-8.3887
15.766,-13.136,-10.476
14.166,-12.802,-9.0544
13.956,-12.71,-10.395
13.43,-12.454,-10.025
14.701,-12.949,-10.533
21.828,-11.211,-1.2675
22.298,-10.295,-1.4015
22.421,-10.67,-1.7122
22.61,-10.315,-2.9308
22,-11.487,-2.5667
22.139,-10.507,-4.704
21.79,-11.686,-3.6746
20.813,-12.409,-6.7903
21.467,-10.884,-6.348
20.727,-11.39,-7.2221
12.957,-12.113,-9.3966
13.222,-11.379,-6.7035
13.835,-10.891,-5.6265
14.236,-11.281,-5.1188
14.424,-10.465,-4.869
15.338,-10.004,-4.1455
16.905,-9.5232,-3.0564
16.067,-10.611,-3.0834
21.648,-9.9307,-1.0421
21.132,-10.96,-0.94905
20.335,-11.044,-0.98622
20.895,-9.3659,-1.1214
19.331,-10.391,-1.6535
19.558,-9.2997,-1.7183
17.34,-10.461,-2.4919
18.101,-9.3343,-2.4484
15.021,-11.246,-14.817
13.558,-11.3,-15.331
12.03,-11.19,-15.614
9.8662,-10.642,-14.919
11.037,-11.464,-13.786
9.3069,-10.963,-13.35
7.9889,-10.365,-13.883
9.2066,-10.933,-12.883
9.2564,-10.692,-14.432
16.499,-10.841,-14.599
15.198,-10.994,-15.743
16.086,-11.214,-14.137
9.0391,-10.445,-12.35
7.4473,-9.6512,-13.485
8.6752,-9.827,-12.294
16.519,-9.507,-16.603
16.477,-9.1313,-16.588
7.7445,-8.9357,-12.822
8.9482,-9.2334,-11.835
10.055,-6.8754,-13.478
9.9431,-7.2233,-12.759
8.7874,-6.8134,-13.536
16.193,-10.092,-16.784
15.871,-10.638,-16.512
14.66,-10.852,-17.049
12.438,-11.549,-14.419
16.185,-8.6111,-16.397
14.879,-8.3566,-17.083
14.203,-7.9724,-15.987
15.149,-8.5893,-17.459
14.668,-8.0022,-15.501
13.299,-7.7407,-15.402
13.812,-7.8656,-14.831
12.067,-7.5898,-15.082
10.697,-7.2141,-12.982
11.05,-7.1494,-14.38
11.547,-7.3332,-13.639
9.4657,-6.7186,-14.179
8.6923,-6.6707,-14.19
16.412,-8.2799,-15.257
12.654,-7.7395,-14.349
9.2008,-7.7013,-12.301
8.962,-8.5589,-11.963
16.125,-7.7413,-13.694
17.463,-8.0683,-13.912
18.167,-7.7101,-12.112
17.251,-7.3337,-11.348
11.681,-8.8293,-8.9631
11.715,-9.6163,-8.7004
12.94,-8.2173,-7.8785
12.028,-8.2333,-9.2674
12.299,-10.66,-7.8456
11.412,-10.449,-9.0588
11.672,-11.145,-8.8265
16.394,-6.8895,-8.3556
15.722,-6.9725,-7.7237
14.684,-7.3062,-9.37
17.119,-6.8897,-9.1091
16.284,-7.3099,-10.592
13.344,-7.545,-10.33
11.9,-7.4076,-11.712
12.782,-7.5521,-12.412
14.185,-7.5211,-11.238
15.739,-7.2806,-5.2553
14.308,-7.6201,-7.1018
15.041,-7.2176,-7.4295
16.134,-6.7091,-5.8879
13.344,-7.7254,-8.4996
12.641,-7.7477,-9.8159
14.09,-7.4404,-8.9196
10.077,-9.4709,-10.722
10.004,-10.267,-10.952
11.506,-11.471,-9.6026
9.9956,-10.897,-11.299
14.37,-8.1268,-6.0967
13.224,-9.904,-6.5115
13.245,-8.8069,-6.9654
15.401,-8.6884,-4.6123
14.174,-9.0154,-5.578
10.245,-8.7862,-10.7
10.636,-8.1235,-10.821
11.297,-7.5528,-11.271
16.137,-12.364,-11.631
16.972,-12.104,-11.34
13.433,-12.342,-11.514
12.893,-12.063,-12.91
11.648,-11.937,-12.641
12.709,-12.214,-11.33
21.97,-5.573,-4.2557
20.812,-5.2399,-3.6115
19.822,-5.3282,-4.4266
21.079,-5.7132,-5.297
13.945,-7.8096,-13.258
15.162,-7.6578,-12.136
17.922,-6.3937,-7.805
17.194,-6.3009,-7.1223
19.31,-5.5609,-5.2863
18.255,-5.4847,-4.7039
18.976,-5.243,-3.8796
21.269,-5.2623,-2.6666
20.124,-5.1417,-3.0318
20.474,-5.9888,-6.323
19.006,-6.684,-8.6308
18.018,-7.0643,-9.8819
15.892,-7.5282,-12.639
14.812,-7.7517,-13.783
17.793,-8.5245,-14.212
18.664,-8.2001,-12.343
18.906,-7.4642,-10.548
19.449,-7.9177,-10.817
20.372,-7.6011,-9.4027
19.928,-7.1759,-9.1914
22.172,-6.3247,-6.1974
22.01,-7.0069,-7.3405
22.793,-6.5906,-6.1155
23.028,-5.9878,-4.6654
22.538,-5.603,-3.4086
20.558,-10.405,-8.2157
19.446,-10.873,-9.4235
17.869,-11.698,-10.896
15.462,-12.502,-11.695
14.299,-12.482,-11.611
10.549,-11.617,-12.25
23.225,-6.9944,-2.4009
22.975,-6.1965,-2.7064
23.542,-6.6869,-3.4844
23.573,-7.2929,-2.9685
23.631,-7.0801,-4.2661
23.552,-8.0359,-3.8951
23.077,-9.0876,-3.3792
23.329,-8.1144,-2.4392
23.053,-7.9846,-1.9376
23.134,-8.3042,-5.3609
23.207,-7.5862,-5.7126
22.439,-8.1686,-7.014
22.041,-9.0196,-7.1655
21.767,-9.6565,-6.7609
20.773,-9.466,-8.9464
20.834,-8.6854,-9.2761
22.191,-7.4887,-7.5056
20.607,-8.0097,-9.4536
23.059,-6.9258,-6.0337
23.37,-6.3952,-4.6575
23.294,-6.1405,-4.0615
22.798,-5.7927,-3.1176
22.792,-6.8531,-1.9879
22.557,-7.8483,-1.5856
22.296,-9.5986,-5.5338
11.652,-11.82,-10.59
10.168,-11.447,-11.838
16.87,-10.42,-15.066
17.306,-10.923,-12.963
17.82,-10.291,-13.698
18.063,-9.6961,-14.014
17.1,-9.8635,-15.467
17.942,-8.9079,-14.211
18.797,-10.084,-11.913
19.059,-9.3626,-12.154
19.599,-8.3784,-10.991
19.907,-8.9408,-10.655
19.819,-9.7006,-10.17
18.577,-10.344,-11.842
18.166,-10.787,-11.699
17.019,-11.264,-12.465
16.685,-11.399,-12.731
15.584,-11.698,-13.107
14.018,-11.946,-13.101
19.618,-10.209,-9.9658
17.259,-8.2034,-3.1336
22.216,-5.9583,-2.2374
21.208,-5.6851,-1.9238
21.219,-5.3738,-2.2794
22.077,-5.5799,-2.6101
19.73,-5.5582,-2.276
19.818,-5.2521,-2.65
18.247,-5.7436,-3.1934
18.556,-5.3514,-3.5416
19.631,-6.3203,-1.8775
18.031,-6.4692,-2.8767
16.882,-6.9126,-4.0531
17.092,-6.2376,-4.4882
17.94,-5.5637,-4.3369
22.309,-6.7268,-1.7197
21.215,-6.4112,-1.533
22.127,-7.6166,-1.4662
21.057,-8.0073,-1.2746
19.671,-7.7127,-1.6447
15.532,-7.9699,-4.866
16.782,-7.6723,-3.8187
18.023,-7.2441,-2.7308
21.447,-12.473,-1.6908
17.649,-11.331,-2.1343
14.266,-13.052,-8.6066
21.162,-7.2552,-1.388
21.641,-11.945,-5.4857
21.831,-10.698,-5.5853
22.625,-8.7011,-6.2683
17.453,-6.6823,-3.3616
17.625,-5.9608,-3.8123
12.462,-10.915,-17.236
11.718,-10.82,-17.027
10.416,-10.506,-16.301
9.6194,-10.348,-15.677
15.457,-9.6722,-17.775
15.35,-9.2397,-17.823
13.465,-10.805,-17.735
11.543,-7.5793,-15.81
8.1487,-6.8289,-13.797
8.0138,-7.3845,-13.243
7.7896,-8.283,-12.934
7.613,-10.095,-15.33
12.694,-10.476,-18.443
11.989,-10.088,-19.335
11.413,-9.4446,-20.237
12.021,-9.4024,-19.379
12.272,-9.611,-20.786
12.178,-9.1302,-20.633
12.907,-9.2522,-20.3
13.481,-10.082,-19.884
14.113,-10.891,-18.306
14.477,-10.535,-18.4
13.609,-10.733,-19.371
12.588,-8.9669,-20.095
11.735,-9.152,-20.454
11.686,-10.099,-19.751
12.794,-9.8703,-20.487
11.668,-9.594,-20.769
12.382,-9.1476,-19.545
11.891,-9.844,-20.753
12.383,-10.449,-20.148
12.242,-9.8331,-20.564
11.663,-10.072,-20.241
11.444,-9.7961,-20.503
12.343,-10.783,-19.58
13.158,-10.942,-19.22
13.177,-10.515,-19.929
12.819,-10.913,-18.795
11.769,-9.1519,-19.969
13.389,-9.5763,-19.801
13.911,-9.5767,-19.097
10.652,-10.463,-18.385
10.058,-10.451,-18.68
10.408,-10.222,-18.782
9.9626,-8.9923,-19.572
9.9,-9.6736,-19.632
8.5615,-9.5282,-21.272
9.2521,-9.3791,-21.168
8.0007,-9.5267,-21.011
7.9243,-9.5064,-20.577
8.3357,-9.8417,-20.66
8.9217,-9.7925,-21.041
8.638,-9.0014,-20.153
9.1661,-9.0425,-20.398
8.6285,-8.7005,-20.727
8.1729,-8.7971,-20.567
7.9507,-8.9572,-20.616
8.189,-9.3409,-20.066
8.2612,-10.038,-20.241
9.9664,-10.285,-19.197
9.6273,-10.455,-18.385
8.2322,-8.7608,-21.055
8.0242,-9.2003,-21.089
8.6732,-8.9872,-21.35
8.8831,-8.7827,-21.068
9.084,-10.311,-20.464
9.4126,-9.7553,-20.74
8.8199,-10.337,-20.311
9.5629,-9.553,-20.268
9.443,-10.322,-20.146
8.5315,-9.8925,-19.096
8.5034,-9.4339,-19.421
9.2981,-9.1586,-20.091
9.2279,-8.9034,-19.451
8.8174,-9.0854,-19.855
8.8195,-9.1126,-19.135
8.6434,-10.35,-19.366
9.0242,-10.255,-18.432
9.1104,-9.8588,-18.015
9.1389,-10.583,-19.384
9.4152,-10.54,-19.635
7.8334,-8.4706,-18.245
8.0798,-8.5324,-18.852
7.8168,-8.9722,-17.414
8.6647,-9.1823,-19.036
8.8217,-9.5207,-18.621
8.6946,-8.6765,-19.053
8.7177,-10.087,-17.91
6.7236,-8.8709,-19.436
6.9397,-8.5,-19.57
6.7,-9.3727,-20.026
7.5453,-10.013,-19.797
6.8097,-9.6582,-19.547
6.6757,-9.2641,-19.327
6.4176,-9.0473,-20.416
7.8599,-9.6611,-20.257
7.9651,-8.9763,-19.952
7.869,-8.7635,-20.291
7.5683,-8.5168,-19.788
6.25,-9.3356,-18.89
5.9183,-9.2661,-18.937
6.1271,-9.3012,-19.455
5.1917,-8.1925,-19.859
5.9543,-8.4972,-19.896
5.2519,-8.6454,-20.121
4.2425,-9.0667,-19.051
4.5304,-8.8691,-18.206
4.7326,-8.4391,-17.141
4.2129,-8.5398,-18.586
4.7475,-8.9188,-17.617
5.1566,-9.1572,-16.733
6.4271,-9.5541,-18.129
5.9058,-9.6729,-17.605
6.9365,-9.0748,-18.25
7.806,-9.7315,-16.148
7.0231,-8.873,-13.615
7.038,-8.3146,-13.773
6.268,-8.8086,-14.791
6.8472,-9.8952,-15.088
7.5095,-8.6117,-17.351
7.3994,-8.3625,-17.708
7.2691,-9.4805,-16.851
5.642,-8.4411,-15.836
6.1965,-7.8465,-15.4
7.1088,-6.9333,-15.121
6.2616,-7.4225,-15.76
6.9443,-9.6655,-16.678
6.3312,-9.3371,-14.92
7.2222,-6.8795,-15.793
7.1297,-7.1169,-16.524
6.5684,-7.3781,-16.431
7.5851,-6.9966,-16.267
8.1025,-7.5502,-17.657
9.7025,-8.1461,-18.512
9.5845,-8.4532,-19.206
13.548,-8.7776,-18.863
11.838,-9.1237,-19.295
11.981,-8.7306,-18.885
12.624,-8.8431,-19.115
10.759,-8.9378,-19.64
8.8631,-8.0942,-18.628
8.2116,-8.0523,-18.337
7.661,-7.5857,-17.504
7.1779,-7.0901,-14.634
5.7319,-9.0112,-15.784
4.7499,-8.8405,-18.259
9.8537,-7.6201,-16.908
8.686,-7.6214,-17.708
10.932,-8.5769,-19.079
13.271,-8.6055,-18.644
10.395,-9.4271,-21.328
10.854,-9.3335,-21.025
10.906,-9.8223,-21.018
11.377,-10.146,-20.129
11.321,-9.6139,-20.104
11.699,-10.878,-18.821
11.751,-10.478,-19.355
12.747,-10.658,-18.022
10.538,-9.0323,-21.005
10.081,-8.9266,-20.828
9.58,-9.5342,-20.7
10.2,-9.4966,-19.504
7.7063,-8.772,-20.789
7.2037,-8.3776,-20.743
6.6697,-9.1303,-20.777
6.6912,-8.399,-20.655
7.2624,-8.6721,-20.969
7.1586,-9.14,-20.998
7.4041,-8.9557,-18.156
7.3195,-9.4049,-17.975
8.0414,-9.4637,-16.715
7.113,-8.3904,-18.034
11.561,-8.3263,-18.111
13.593,-9.1995,-19.184
7.4181,-8.3604,-20.27
6.8952,-8.3018,-20.13
6.5536,-8.5176,-20.148
5.6283,-7.5039,-18.262
5.9345,-7.5266,-17.318
6.4581,-7.9603,-18.071
6.1891,-7.8365,-18.815
6.747,-8.5235,-18.761
5.747,-7.9901,-19.553
5.4138,-7.7165,-19.211
4.6486,-8.569,-19.898
4.6836,-7.8872,-19.356
4.3275,-8.3376,-19.526
4.3025,-8.1167,-19.169
4.6303,-7.7024,-18.243
5.095,-7.5189,-18.671
5.0082,-7.5081,-17.507
5.6571,-7.5035,-16.533
6.9049,-7.6964,-17.108
7.3895,-8.1357,-17.734
7.5192,-8.6745,-19.511
7.2033,-8.6709,-19.293
8.2403,-9.5127,-19.45
7.9248,-8.7688,-19.405
8.1462,-9.0646,-19.522
11.507,-9.3546,-19.536
9.9405,-9.3249,-21.216
11.053,-9.2068,-19.796
11.185,-10.595,-17.289
4.5148,-9.185,-19.671
5.0425,-9.2151,-19.973
5.0788,-9.5779,-19.604
6.0852,-9.5333,-16.027
6.6365,-9.7485,-16.411
5.3795,-9.4733,-17.117
5.0475,-9.2109,-18.339
5.5358,-9.3769,-18.611
7.6952,-10.249,-18.583
8.0657,-10.233,-18.703
8.2233,-10.079,-19.049
7.2292,-9.9915,-18.584
7.6792,-9.9382,-17.552
8.5025,-9.8727,-16.102
6.2763,-8.8736,-19.557
5.7552,-8.9021,-20.031
5.6051,-9.4602,-19.761
13.859,-10.986,-17.982
12.151,-10.845,-18.117
10.219,-10.439,-17.352
9.3654,-10.056,-17.525
10.37,-9.8607,-21.248
9.9424,-9.8042,-21.148
10.915,-10.33,-20.541
10.595,-10.413,-20.59
10.645,-9.9886,-20.979
10.167,-10.336,-20.405
9.9743,-9.986,-20.648
10.105,-10.108,-19.544
10.24,-10.436,-19.575
10.449,-10.669,-19.671
11.322,-10.711,-19.717
10.935,-10.768,-19.612
11.58,-10.777,-17.737
11.024,-10.763,-18.56
7.0612,-7.5516,-14.271
4.9883,-7.6155,-17.165
4.7023,-8.0525,-17.223
4.1529,-8.8156,-19.307
6.8333,-9.3458,-20.696
7.3981,-9.5758,-20.415
7.4888,-9.4209,-20.792
7.6862,-9.2996,-20.811
8.9335,-10.114,-16.49
10.403,-9.1275,-19.686
9.6502,-9.1733,-20.678
14.474,-9.9412,-18.642
13.183,-9.3529,-19.473
4.4788,-9.4468,-19.305
