-7.6874,41.766,100.81
-7.1539,42.429,99.735
-9.8826,41.665,100.32
-1.8534,43.281,96.942
0.61746,43.795,89.947
-3.5967,43.641,93.367
-5.0351,43.283,97.469
2.5727,43.695,86.189
8.0957,38.951,76.759
8.5326,37.87,74.99
6.6326,41.644,80.995
7.0678,39.192,76.222
9.5673,41.495,78.704
-29.766,19.188,114.22
-26.406,24.49,115.53
6.8532,39.911,76.749
-31.406,14.613,116.91
12.538,36.919,72.903
4.1369,44.9,89.483
-5.1386,44.318,100.38
2.2283,45.512,91.548
6.8946,45.022,86.021
-8.2484,51.991,107.35
-6.6689,51.739,105.19
-0.076949,54.581,96.084
-5.6521,48.968,105
-7.8175,48.497,107.34
-1.1414,50.662,99.032
-4.8939,44.429,102.25
0.18223,44.59,89.465
-9.9328,50.055,107.94
-8.7506,48.138,109.08
-6.2994,47.805,100.9
-8.5488,46.489,105.35
-2.5989,47.044,98.15
10.216,37.991,73.308
11.561,38.881,75.586
-34.049,14.38,115.33
-10.445,44.75,108.9
4.3093,44.336,84.838
-8.5955,42.787,103.49
4.152,54.568,94.046
3.635,53.422,94.307
-12.408,51.695,110.42
-12.955,47.315,111.97
-4.2796,48.937,99.605
3.1062,49.329,93.903
9.3457,39.566,75.593
10.284,40.489,76.106
14.894,37.412,71.851
-2.2127,44.997,92.741
-11.302,41.478,105.9
-13.327,43.606,110.78
-11.152,43.341,104.92
-9.7665,41.772,109.37
-1.9257,48.577,97.52
-1.7099,46.66,94.877
-11.053,42.009,107.95
7.18,41.107,78.211
13.124,37.908,71.907
4.5543,45.212,86.898
2.3296,47.045,92.947
-10.75,43.846,100.71
-0.6897,43.967,87.772
-12.569,40.958,106.99
5.8626,46.182,90.344
7.6934,42.804,79.738
-11.092,40.343,110.45
-0.40559,46.993,93.352
-11.924,41.661,106.08
-4.0057,45.929,92.089
-14.587,40.677,103.97
-15.671,51.255,114.66
-16.337,47.818,111.55
-14.465,39.694,108.21
4.6521,46.689,90.099
-9.4614,44.542,97.826
-11.519,43.22,99.677
0.69962,43.676,85.88
5.3719,43.747,82.868
-16.1,39.754,111.62
-1.0376,46.511,91.617
-13.851,42.726,101.43
-5.4003,45.138,91.238
-15.266,40.457,104.82
5.3788,53.673,90.211
6.4892,54.165,88.078
0.012588,44.906,87.579
-13.105,39.919,111.34
6.8625,50.017,89.423
8.4106,45.045,84.568
-16.327,38.21,110.11
-14.88,41.061,108.39
-14.214,42.235,103.42
-32.781,18.891,114.43
8.7162,38.121,72.322
10.021,37.52,70.366
-30.306,14.949,120.94
6.186,46.747,87.745
5.2613,43.719,82.403
4.9869,46.214,86.531
-18.446,38.301,109.19
7.0997,45.565,85.291
4.0882,46.79,87.677
15.812,39.178,73.856
13.194,38.753,72.418
13.204,38.014,70.453
13.842,40.723,75.725
-16.431,38.198,112.44
-21.257,50.594,117.86
-19.424,46.841,115.06
-19.983,41.072,111.83
12.871,42.125,77.524
-18.363,38.541,112.61
4.433,43.499,81.96
9.6781,37.671,70.054
-20.821,38.424,111.4
-17.171,37.624,113.83
13.536,41.766,76.221
4.9377,45.109,83.442
-18.159,37.477,113.97
8.7328,55.857,85.271
9.1855,52.19,86.582
10.036,37.553,69.394
6.1151,38.791,71.603
-34.23,12.057,119.42
8.298,43.599,78.22
9.8202,51.788,87.187
10.16,48.057,85.765
7.6541,48.163,87.696
-38.782,8.1946,116.86
10.849,44.388,78.802
-19.191,37.87,113.33
9.5386,38.515,70.438
-23.712,31.682,115.1
-22.867,48.446,114.27
-23.316,46.175,113.64
-25.16,44.418,112.77
-24.297,42.702,112.67
9.3058,45.086,79.59
-23.606,37.87,113.14
14.878,40.222,74.282
14.83,38.213,68.654
13.935,41.147,75.128
17.423,38.467,68.837
7.8751,45.89,82.171
15.116,41.512,75.308
-23.073,34.998,114.74
10.094,47.185,81.83
-24.847,30.245,115.02
9.6963,39.088,71.745
-49.009,-26.513,92.35
-49.248,-26.14,88.965
6.8016,38.526,70.492
6.0838,40.442,74.654
9.1293,48.664,83.091
9.418,51.559,83.544
9.2538,55.224,83.136
10.366,55.095,82.042
12.411,43.476,76.975
9.7696,38.75,68.026
15.452,38.621,68.358
-25.9,43.217,112.38
-26.662,38.077,112.59
9.8288,44.084,77.335
-26.92,46.668,114.75
-25.421,47.966,116.92
-24.205,50.044,118.76
-22.655,36.511,114.29
-25.407,42.82,113.9
7.0727,39.06,67.802
-28.628,33.132,112.35
11.157,45.103,79.202
-25.766,41.778,112.16
-49.658,-25.13,85.298
-50.154,-20.955,101.04
3.482,41.279,77.794
12.62,39.606,70.895
3.4088,40.87,72.603
9.0199,39.368,66.04
-25.665,40.805,111.51
9.0046,46.248,79.525
10.441,49.003,80.311
14.486,39.894,67.306
17.338,40.217,71.457
11.614,39.724,67.611
-51.489,-20.076,83.801
-50.812,-22.323,94.965
-50.82,-20.455,99.652
-29.921,35.01,112.81
8.6208,55.831,80.697
9.8723,52.399,81.021
9.7898,39.832,67.408
-26.005,31.999,114.75
20.411,37.553,63.429
13.339,42.843,75.205
7.0552,40.483,68.854
10.077,55.115,80.935
3.4812,41.128,73.179
-27.792,42.175,115.23
-29.032,46.782,119.14
-29.048,41.019,114.11
20.044,38.622,65.219
-30.225,38.206,111.73
10.548,55.043,81.523
-50.8,-27.204,84.769
-51.726,-20.317,92.793
-52.449,-23.265,80.955
14.31,42.499,75.698
7.4239,40.433,66.507
11.701,39.888,64.409
-23.372,40.458,109.57
11.149,40.361,66.446
10.779,46.432,76.26
9.3207,53.997,79.072
9.2908,51.051,76.117
16.411,38.968,61.326
-31.731,34.731,113.37
9.9515,49.665,75.248
-28.907,29.287,113.05
16.166,39.48,61.929
3.8034,42.091,69.846
-50.199,-26.6,96.691
-52.201,-19.934,90.159
-52.471,-24.8,81.398
9.3454,53.389,78.446
10.125,41.264,63.151
17.499,39.895,63.568
8.9349,42.256,65.692
19.08,39.866,66.514
20.433,39.328,66.322
-29.355,39.019,114.61
-24.211,43.622,109.75
-33.348,32.539,112.78
11.053,52.693,71.707
-31.397,31.521,113.32
5.1899,42.363,67.343
-29.037,28.924,113.17
6.7512,42.306,68.588
6.3767,42.399,68.503
11.684,45.078,77.104
15.403,39.803,59.178
9.8008,54.594,69.856
-50.633,-31.761,80.304
-49.321,-25.92,101.18
5.1238,43.14,70.623
-52.559,-26.04,77.907
-49.723,-35.174,75.776
20.607,39.402,66.836
16.051,40.124,58.72
11.241,48.656,72.922
19.415,40.004,66.486
6.1801,44.603,72.918
20.691,39.64,64.517
19.063,40.355,63.713
18.336,40.097,71.875
-52.718,-23.615,87.661
-51.722,-29.708,85.478
8.1,43.033,64.038
-23.339,41.414,107.12
-29.471,39.759,115.22
12.232,55.097,69.216
11.25,54.072,68.35
10.368,51.03,66.571
-31.338,35.429,114.66
-49.623,-35.787,73.538
-53.059,-17.244,88.757
3.046,42.354,76.844
-31.298,31.212,113.94
-37.802,28.552,113.74
9.8482,43.955,63.648
11.484,46.286,64.98
-40.347,24.532,112.28
11.275,41.835,57.471
5.4385,43.012,65.786
-50.789,-30.783,91.542
-50.007,-36.905,78.571
13.965,41.546,59.621
14.295,41.581,59.216
17.656,40.996,60.065
17.152,41.2,61.357
-53.946,-28.688,74.355
-54.253,-22.044,84.324
8.6283,42.995,61.486
10.472,42.798,58.516
19.828,40.426,62.438
4.0857,42.522,78.534
14.487,42.161,60.992
18.148,41.099,63.269
10.095,44.424,60.023
18.978,40.934,62.111
-51.377,-34.324,80.196
-53.044,-17.228,89.758
12.633,42.809,58.386
9.9497,45.888,62.078
-34.134,34.824,115.48
-23.796,42.166,109.9
-38.884,31.284,115.53
-40.044,26.794,113.89
-39.575,24.003,113.46
-37.267,17.796,112.32
-37.297,22.889,113.58
5.9072,44.018,67.542
-40.214,22.633,114.48
-40.875,20.135,113.39
-56.83,-18.252,82.122
14.658,42.627,58.929
-28.162,26.532,113.96
-43.964,23.239,114.57
-51.38,-40.477,73.445
5.8096,44.021,68.018
-52.422,-17.883,93.722
-50.997,-26.841,95.944
-50.89,-39.793,78.435
2.8071,43.601,75.978
11.544,44.555,58.935
14.849,42.674,59.478
12.904,44.127,59.212
14.353,44.167,58.768
15.753,43.741,58.602
-43.786,16.611,113.24
-31.229,38.715,116.18
-24.272,43.267,111.31
-39.224,14.835,114.02
9.054,45.562,59.345
-30.906,37.876,116.36
-22.338,43.069,108.89
-20.836,40.613,107.18
11.264,45.01,57.879
-41.804,27.222,116.91
-43.541,22.41,115.06
-51.629,-34.471,87.328
-45.217,21.254,114.28
-39.828,19.88,115.33
-43.779,18.77,114.73
20.217,40.845,66.423
-51.832,-36.322,83.85
-28.007,28.052,114.22
6.4481,44.552,67.305
-52.356,-38.846,77.419
17.788,40.795,70.884
3.0342,43.224,77.609
15.257,43.468,64.841
14.619,43.723,65.039
-44.231,18.512,114.7
-44.829,16.818,113.97
-42.453,14.655,113.82
-44.104,18.044,114.83
-47.134,20.17,115.3
-47.809,17.853,114.53
-42.348,14.612,114.26
-45.437,25.282,117.38
-49.886,18.795,115.89
-42.115,25.428,117.88
-35.998,15.635,115.03
-41.342,27.197,119.45
-39.02,11.75,114.38
-41.852,11.168,115.73
-41.62,10.172,115.43
-27.71,24.932,116.51
-25.695,27.806,115.68
-51.312,-28.802,94.989
-45.035,11.026,116.18
-46.874,11.722,116.03
-49.767,-44.687,74.604
-49.457,16.235,116.42
-46.297,21.428,118.72
-50.644,14.428,116.67
-47.488,10.368,116.05
-41.218,30.783,119.5
-52.066,-42.512,72.758
-46.631,12.521,116.79
-47.262,8.7701,115.89
-54.416,-13.776,92.308
-55.269,-14.335,91.222
-56.196,-13.222,93.064
-33.675,34.167,118.58
-36.932,31.503,119.87
-26.962,27.696,116.57
-54.26,-17.492,97.83
-43.881,8.0765,116.46
-52.536,-23.188,95.549
4.0791,44.963,70.721
-47.855,23.247,119.07
-52.279,12.493,115.83
15.297,43.12,67.346
-50.555,-22.195,99.994
10.189,45.467,58.291
11.349,46.048,59.944
-58.187,-13.037,87.965
15.67,44.147,64.336
-35.824,33.215,119.54
-50.93,-34.254,93.854
12.099,45.648,63.498
-32.954,37.104,118.11
-24.015,42.964,111.55
-48.534,13.126,117.86
-50.173,18.668,118.92
-52.221,11.938,116.9
-51.429,-40.898,85.108
5.5504,45.942,68.41
-62.913,7.1834,106.82
-42.84,26.14,120.56
-34.957,34.586,119.75
-56.775,-13.98,96.656
-59.061,-10.153,99.109
-65.329,-2.0367,98.175
-51.304,-44.765,76.266
-32.543,37.231,118.43
-53.615,8.6805,115.77
4.4721,45.223,71.551
-42.991,28.515,121.17
-25.149,40.471,113.57
-54.974,-14.891,99.963
-52.947,-15.585,102.29
-48.75,4.7626,116
-46.87,24.712,120.33
-56.789,-13.565,99.57
-28.02,42.127,116.09
-45.758,6.7381,116.83
-51.301,-46.944,76.8
-47.816,7.9165,117.49
-34.437,35.912,120.47
-52.791,-19.144,102.51
-48.167,23.738,120.14
3.3754,42.557,79.841
-52.206,-29.83,97.515
-43.781,27.757,121.8
-60.891,-9.2669,87.163
-44.659,26.937,122.29
-51.081,10.536,117.13
-52.273,-37.984,90.94
5.1695,44.152,75.849
-51.136,-45.257,81.394
-54.5,18.001,118.02
-52.32,22.745,120.32
-64.794,11.254,108.71
-51.053,22.534,120.9
-60.416,-12.975,93.045
-59.187,-11.244,98.465
-65.285,7.9618,106.67
-54.263,-19.29,102.25
-59.196,-9.4321,101.79
-51.413,-22.924,104.53
-50.619,-39.262,93.785
-65.271,-1.875,100.58
-51.758,-36.872,96.398
-66.598,2.7989,103.23
9.9076,47.367,61.143
8.4309,47.447,62.772
7.1793,46.574,66.618
11.69,46.922,62.122
6.7036,46.678,67.455
3.6223,45.522,72.501
-51.659,-48.417,69.886
-52.279,-49.495,71.811
-52.677,-47.36,80.128
-51.1,-20.323,105.72
-52.531,-27.552,102.9
-54.048,-14.506,103.88
-61.119,-10.644,95.95
-57.234,-12.957,103.97
-53.338,-18.814,106.79
-60.265,-9.6617,103.41
-63.702,-6.261,100.22
-62.495,-5.9682,103.88
-67.083,1.8843,102.35
-44.67,8.8848,118.31
-35.965,13.902,117.45
-66.552,3.4153,104.54
-66.539,8.0446,106.78
-64.407,9.8123,110.18
-52.811,23.785,120.77
-67.14,13.717,108.8
-66.404,16.3,110.93
-52.666,-50.782,71.422
-68.493,10.168,104.67
-51.375,-48.62,83.648
-50.554,-35.312,101.49
-52.71,-20.627,106.86
-65.321,11.764,110.26
-51.804,-21.826,107.99
-54.761,-17.589,106.86
-64.998,-5.5619,99.606
-57.331,-11.82,108.2
-52.478,-45.998,88.441
2.9713,45.332,73.615
-67.44,10.107,107.02
-63.594,12.951,113.2
-52.28,-53.237,71.374
8.081,47.633,63.562
1.3574,42.907,80.876
-54.093,-50.1,80.845
3.4145,44.137,78.698
6.6586,47.441,68.451
-52.484,-43.35,95.448
3.0501,45.387,77.773
-54.488,-52.511,75.576
15.215,44.977,67.489
19.505,42.848,68.71
4.449,47.62,72.263
7.4773,48.877,64.168
-54.751,-53.405,80.558
-54.418,-49.746,87.758
4.8663,48.92,68.711
5.2471,49.097,67.755
-53.082,-39.972,98.753
8.7026,49.484,62.221
15.847,45.487,66.706
5.1065,47.6,74.202
-54.392,-58.734,68.458
-56.134,-55.193,76.196
-53.344,-52.498,85.838
-55.259,-48.765,90.43
5.7669,46.85,76.794
11.477,48.352,63.594
9.0435,49.215,64.373
-51.061,-32.644,105.44
-54.44,-55.096,83.506
-57.734,-57.028,77.761
-52.203,-25.263,107.6
-65.99,-7.6173,99.032
-57.862,-59.855,71.61
-57.448,-55.478,82.9
-25.532,47.589,119.18
-27.807,43.925,117.42
-29.061,44.061,119.49
-23.218,44.524,111.61
-22.468,46.326,109.67
-27.889,41.692,117.26
-24.479,43.748,114.83
-24.218,44.154,114.99
-21.202,43.892,108.54
-23.262,40.196,112.77
-30.004,44.764,121.95
-24.363,45.408,116.71
-21.554,44,111.25
-25.788,44.767,118.32
-52.198,24.212,121.06
-24.608,33.295,115.35
-21.871,40.787,111.67
-22.567,41.311,112.63
-44.749,29.118,123.38
-51.119,18.235,120.15
-55.086,18.575,119.5
22.283,41.778,68.359
5.2234,44.588,82.448
15.777,43.725,74.912
0.85176,44.713,85.854
-54.976,-46.525,96.56
0.84088,45.324,84.301
1.9725,45.768,82.646
18.774,43.818,68.455
-52.944,-38.959,105.49
-53.512,-22.628,110.97
1.4078,44.988,86.07
19.011,43.234,71.871
20.41,43.505,67.668
19.412,43.473,71.162
14.142,44.382,77.141
16.106,43.759,77.475
16.541,44.252,75.733
12.516,45.23,77.787
14.597,44.927,76.1
21.421,43.284,72.35
13.407,45.435,76.459
16.271,45.223,73.761
0.098772,46.917,82.407
-53.69,-15.644,111.52
-1.6703,46.045,85.798
-55.548,-11.397,110.14
2.8449,47.539,79.177
3.2628,48.207,76.786
7.6292,48.521,71.506
4.365,48.776,74.209
12.191,48.683,62.399
19.521,44.797,70.208
-56.665,-54.234,89.216
-54.205,-35.634,107.13
-56.788,-51.002,93.091
-52.763,-29.013,110.91
-56.025,-41.526,104.69
-38.824,6.6149,118.76
-62.296,-9.816,105.12
-56.383,-44.998,102.68
-56.227,-15.799,112.24
-58.102,-64.712,72.921
-59.884,-59.432,84.322
21.399,43.972,71.022
10.945,46.258,77.133
16.872,47.008,66.693
15.397,45.359,75.735
1.0051,46.808,82.866
1.3907,46.351,84.714
1.5027,47.432,81.537
-3.1806,45.603,88.901
-36.47,10.097,119.74
-2.2239,47.826,83.114
-67.569,-3.6883,99.28
4.8321,48.592,77.537
10.012,47.39,76.301
-57.666,-50.585,98.417
-59.506,-55.011,94.067
-61.244,-56.743,90.073
-59.171,-62.905,81.002
-61.781,-60.489,86.11
-60.676,-54.108,99.802
-58.32,-47.636,104.13
-61.677,-62.732,91.907
-60.075,-65.816,75.518
-61.704,-65.639,79.208
-62.957,-58.903,96.881
-61.958,-52.73,103.07
-59.26,-45.687,106.7
-57.404,-40.252,108.55
-64.918,-65.352,85.547
-65.838,-61.59,95.235
-63.714,-68.59,75.701
-56.659,-43.345,111.34
-62.504,-48.402,107.24
-66.299,3.0611,105.01
-66.058,1.3592,104.85
-67.818,-1.6951,99.591
-67.862,0.98179,101.6
-64.807,4.9006,109.26
-65.465,-6.6783,103.35
-64.331,8.8641,111.37
-57.225,-12.441,111.83
-56.854,-13.006,112.85
-57.44,-10.668,112.24
-67.552,-3.1684,101.06
-67.881,-3.2015,102.84
-67.807,-2.1489,102.41
-67.481,-0.26794,102.71
-66.547,4.0645,106.99
-66.787,0.90795,104.9
-67.327,4.2923,106.49
-67.652,2.6419,106.31
-66.823,5.819,107.53
-62.689,-5.9665,109.63
-60.758,-7.1398,111.01
-56.521,-18.187,113.74
-69.278,-2.106,104.78
-56.546,-25.162,113.63
-57.112,-10.042,113.92
-61.816,-6.8417,110.91
-66.546,-3.4676,108.44
-53.336,-5.9073,115.05
-69.476,-0.34172,105.12
-68.121,-1.7235,107.07
-69.533,5.3114,104.79
-67.435,4.0545,106.69
-67.074,3.3354,107.95
-56.753,-32.245,111.42
-55.305,-14.477,116.18
-56.434,-6.7368,114.65
-64.815,-2.5127,110.44
-68.195,3.2082,107.68
-61.642,-7.3012,113.05
-56.069,-3.9279,114.48
-65.981,-4.5875,110.5
-55.804,-10.808,115.96
-54.841,-20.818,116.42
-56.815,-13.115,115.99
-69.397,3.6387,107.38
-59.259,-3.0748,113.74
-70.223,0.94476,107.5
-57.455,-14.713,116.04
-64.846,-5.0173,112.46
-65.574,2.7273,110.07
-55.9,-14.962,116.53
-69.444,2.8911,108.7
-58.231,-7.6303,115.41
-55.06,-31.555,114.82
-55.325,-10.715,116.42
-55.213,-9.2337,116.35
-70.3,3.0333,108.3
-66.2,2.0681,110.86
-55.092,-6.1549,115.79
-60.712,-6.2667,114.93
-57.258,-8.5764,115.94
-55.824,-13.076,116.83
-70.482,2.2605,110.05
-50.895,-2.0375,116.44
-49.998,-4.8076,117.61
-56.148,-34.807,114.22
-59.686,-1.6747,114.95
-56.146,-19.078,118.19
-53.896,-0.5021,116.49
-50.948,0.96075,116.72
-12.591,40.058,112.85
-24.205,29.103,117.18
-25.695,23.476,120.81
-24.064,27.115,119.34
-29.122,20.391,117.61
-25.996,27.24,116.56
-27.008,21.739,122.18
-24.45,31.272,115.69
-29.271,19.508,121.55
-15.107,40.112,113.82
-16.159,42.403,104.09
-26.579,24.169,123.23
-27.335,26.751,119.55
-21.841,32.176,118.71
-20.522,32.966,119.88
-21.428,35.033,116.54
-23.035,33.572,116.37
-30.162,18.775,124.91
-34.177,15.547,123.1
-13.003,45.014,103.94
-26.047,27.166,123.09
-28.322,22.594,125.75
-35.184,14.154,122.75
-36.737,10.152,122.73
-16.702,42.935,106.41
-34.792,11.248,126.72
-37.065,10.817,124.81
-28.967,22.935,125.11
-25.913,28.034,123.34
-39.995,6.6591,123.45
-20.945,34.488,118.28
-34.189,16.339,128.57
-33.452,21.731,124.95
-23.268,30.988,121.54
-23.707,32.431,120.96
-27.01,29.643,122.64
-42.479,4.2458,120.51
-38.941,7.1341,127.9
-42.962,6.3969,118.39
-8.3395,46.09,96.525
-42.46,5.5145,122.22
-38.139,14.533,127.36
-27.245,28.042,125.04
-24.382,30.927,123.97
-44.297,2.1247,119.47
-39.16,10.479,127.77
-20.798,36.488,115.77
-18.151,42.33,104.54
-21.7,37.027,113.58
-43.903,1.2207,121.08
-20.23,36.512,116.62
-37.223,12.445,130.04
-43.375,0.79261,122.69
-39.866,6.0684,128.46
-44.949,0.093742,119.23
-22.147,35.39,120.17
-39.124,9.3031,130.12
-45.333,4.5185,118.59
-20.122,38.411,113.65
-32.988,23.548,127.5
-29.86,27.319,126.96
-36.447,18.598,127.79
-35.723,16.379,129.97
-45.554,3.747,119.44
-18.742,41.74,108.86
-43.717,1.9024,124.13
-16.636,39.257,117.61
-45.086,-1.1505,122.9
-43.811,2.8705,124.81
-43.33,3.3349,127.8
-46.814,2.6108,117.59
-41.666,9.9586,128.22
-29.235,27.643,127.15
-22.274,36.782,117.63
-46.733,5.0077,117.6
-24.344,34.651,121.51
-13.028,42.961,113
-40.48,13.403,128.86
-30.095,27.152,127.69
-29.254,29.252,126.36
-40.672,10.444,130.49
-46.876,6.1315,118.24
-27.593,31.774,123.36
-25.621,31.233,125.86
-44.246,3.0577,126.3
-19.299,38.82,116.79
-43.583,1.5382,128.11
-45.08,-1.1108,126.72
-48.087,-0.16993,119.55
-41.138,12.687,130.43
-22.151,36.296,120.1
-48.06,0.32389,120.31
-48.836,-2.1311,119.68
-20.574,36.067,121.22
-15.168,44.678,103.29
-42.685,4.8327,129.42
-41.623,8.0675,131.82
-39.839,13.578,132.37
-45.522,-1.9677,127.42
-48.172,4.0106,119.25
-28.838,30.241,128.27
-43.099,3.5126,131.67
-45.356,4.3516,130.46
-39.19,15.373,132.32
-35.784,22.127,130.6
-33.245,26.635,128.96
-37.691,20.776,129.93
-48.242,-0.83064,124.41
-46.319,1.9326,130.95
-44.385,7.4038,133.38
-42.397,10.617,134.79
-34.787,24.509,129.99
-25.408,34.368,124.61
-23.376,36.131,121.15
-38.732,17.116,132.98
-41.778,10.321,135.96
-49.463,1.08,116.98
-48.715,-1.6099,121.99
-20.212,38.723,116.36
-48.869,-4.7249,122.26
-32.878,29.803,128.6
-36.986,25.103,130.27
-41.819,17.103,132.82
-40.475,18.154,133.84
-47.875,-4.2371,126.04
-49.168,3.1673,119.06
-48.488,-4.4695,123.37
-46.79,-2.0294,131.3
-47.429,1.3735,131.37
-46.658,3.3355,133.62
-21.611,39.904,112.95
-24.715,34.779,124.24
-47.702,-6.8348,125.29
-23.123,38.248,114.94
-31.316,30.901,128.51
-49.502,-5.2871,121.48
-48.06,-5.4749,125.32
-24.739,35.867,122.81
-50.847,-4.1816,118.62
-49.984,-6.8444,123.87
-20.138,37.677,118.82
-25.022,36.502,122.35
-49.17,7.4984,118.26
-48.265,-4.4719,129.16
-35.634,24.926,132.22
-38.316,21.679,132.76
-33.679,29.928,129.66
-38.698,22.58,132.4
-25.866,34.297,126.35
-37.359,26.721,131.42
-51.411,-7.1177,123.38
-48.761,-3.399,130.32
-51.47,-10.473,121.63
-19.729,43.009,107.64
-49.812,-2.6191,129.37
-16.245,39.968,117.45
-20.196,37.501,121.81
-51.865,3.3114,117.71
-53.314,-0.88304,117.67
-34.294,35.106,123.26
-53.613,-0.50962,117
-49.598,-6.293,129.34
-23.767,38.815,121.34
-20.174,43.343,108.91
-54.172,3.7615,116.9
-41.186,31.441,124.36
-43.382,27.757,127.56
-38.229,33.301,124.53
-31.769,37.718,121.19
-39.22,19.935,133.54
-49.896,-5.8018,129.22
-47.882,-3.5902,132.36
-47.537,-1.8503,134.27
-55.104,-13.095,121.36
-37.031,34.29,125.94
-53.552,5.7008,117.78
-25.387,38.193,123.24
-52.495,-11.04,126.79
-17.073,41.256,116.38
-55.466,-20.72,119.37
-31.142,37.651,122.61
-56.615,-13.571,119.45
-50.883,-7.5278,129.13
-50.028,-6.7394,130.59
-47.982,1.0421,134.17
-56.449,-11.72,120.27
-58.85,-3.8336,116.65
-33.922,36.494,124.78
-54.861,-17.205,123.7
-44.606,29.338,124.21
-47.179,25.606,122.94
-42.166,30.835,125.83
-42.058,31.891,125.02
-36.438,36.57,123.84
-56.748,-20.541,119.54
-19.312,44.021,108.32
-55.626,-27.002,118.36
-56.771,-12.853,123.76
-56.892,-16.939,120.87
-52.66,-9.9661,131.04
-54.387,-9.0925,130.24
-46.924,2.799,134.96
-58.704,-17.65,120.05
-55.526,-14.137,127.58
-29.24,40.209,121.55
-18.507,40.503,118.63
-31.224,39.375,122.83
-57.717,-28.289,116.63
-58.239,3.3307,115.23
-57.309,-19.909,123.13
-58.304,-20.654,123.09
-40.369,31.643,126.96
-58.003,-16.166,125.27
-44.131,29.317,126.37
-48.054,28.332,123.06
-57.89,-39.162,113.64
-57.026,-16.788,127.26
-62.717,-1.6803,115.81
-51.491,-6.6131,134.82
-51.135,-6.1709,136.64
-60.23,-25.771,121.23
-59.433,-34.938,116.29
-57.645,9.1838,115.91
-17.998,44.432,108.89
-29.531,40.908,120.88
-59.346,-30.54,120.28
-60.381,-21.577,123.57
-59.58,-37.517,116.4
-60.804,-27.99,121.79
-33.03,39.389,122.88
-63.995,-0.16398,113.34
-29.159,36.948,125.14
-49.356,-3.2955,137.32
-60.247,6.496,117.77
-55.154,-7.7322,136.64
-57.34,-11.529,133.6
-39.029,31.024,128.31
-56.341,-16.201,131
-50.435,23.648,121.52
-43.846,27.982,127.71
-65.173,-4.2207,114.65
-60.785,-31.583,121.6
-55.25,12.463,119.43
-57.742,11.089,118.69
-63.41,4.1578,114.33
-58.285,-18.96,129.35
-59.83,-43.755,113.53
-64.629,1.604,115.53
-19.546,45.629,108.97
-61.211,-18.957,126.45
-62.023,7.9157,117.56
-60.513,-42.222,114.8
-65.911,-0.026151,112.23
-30.712,41.48,122.39
-62.943,5.8325,113.06
-64.321,3.9851,112.23
-65.069,3.6991,116.72
-58.638,-19.806,129.46
-62.444,-25.067,124.71
-66.798,-1.1605,112.75
-67.61,0.20307,113.38
-49.844,25.263,124.62
-37.841,35.992,125.84
-62.056,-21.565,127.77
-62.754,-30.937,122.64
-58.073,-13.521,133.2
-65.925,5.7601,113.57
-66.693,4.3825,115.54
-63.885,8.998,116.12
-62.064,-37.349,119.51
-17.648,44.567,107.09
-62.181,-34.944,120.9
-19.078,45.185,110.42
-62.463,-23.237,127.52
-57.721,-16.333,133.51
-35.296,39.288,124.52
-62.805,-39.775,119.7
-67.524,3.1194,113.54
-64.857,8.3405,113.6
-64.054,9.5252,115.15
-65.711,8.3831,116.82
-53.111,18.619,120.47
-53.175,24.13,121.96
-49.916,24.416,125.39
-69.707,1.3709,112.78
-65.181,9.2938,116.29
-62.14,-19.966,129.73
-69.301,3.077,111.38
-64.077,-29.407,124.98
-56.617,-12.162,135.03
-56.658,15.697,119.48
-66.998,7.395,116.43
-69.373,4.4276,112.9
-62.884,-21.64,129.81
-70.135,4.0175,111.38
-66.72,8.9875,116.4
-61.758,13.158,119.58
-56.772,16.798,119.44
-59.16,-15.737,133.55
-54.646,23.9,121.48
-55.807,21.742,121.31
-66.493,11.003,114.81
-16.435,44.294,103.15
-17.618,45.772,104.59
-66.253,10.632,117.29
-62.796,-26.931,129.98
-30.811,38.737,125.07
-47.339,27.512,126.67
-64.841,-44.869,116.43
-58.642,15.844,120.5
-66.369,11.669,117.48
-63.156,14.369,120.2
-65.557,-50.756,108.54
-66.356,13.628,112.49
-59.341,-15.133,135.23
-65.347,-34.371,124.6
-66.169,-32.779,125.36
-66.671,13.316,114.73
-58.841,18.45,118.84
-66.712,12.895,116.18
-65.807,13.711,120.01
-55.192,-12.791,138.04
-57.225,20.546,119.75
-56.444,22.052,122.28
-63.786,-25.328,131.38
-64.488,-54.797,104.38
-66.824,13.881,114.49
-66.717,-47.284,114.41
-66.319,15.755,115.5
-61.496,19.239,119.82
-67.539,15.484,112.03
-45.272,6.4764,136.76
-68.744,15.583,112.88
-65.461,-25.399,130.36
-68.739,16.483,109.82
-69.572,12.742,116.33
-69.336,11.745,118.19
-62.429,19.45,121.75
-49.166,4.1486,137.38
-69.769,13.21,117.01
-52.533,23.607,125.47
-57.064,23.305,123.23
-56.935,23.66,124.96
-67.367,-58.248,99.459
-66.97,-41.662,120.52
-68.897,12.762,119.44
-70.205,16.758,111.46
-70.111,14.821,115.86
-67.137,-38.655,122.5
-65.071,-29.844,129.58
-70.224,13.66,116.81
-61.635,22.631,122.06
-68.506,16.258,117.33
-52.663,23.935,127.07
-71.138,17.46,110.73
-70.463,13.906,117.32
-68.909,15.158,118.6
-70.186,15.036,118.43
-72.297,14.878,114.61
-69.892,16.381,118.62
-71.476,13.06,118.32
-73.132,14.906,115.2
-71.326,15.164,119.58
-47.769,26.116,127.79
-52.95,24.193,126.87
-51.378,26.996,126.97
-67.54,18.632,121.43
-66.888,19.35,121.79
-65.698,-40.758,122.85
-67.093,-29.133,129.27
-68.987,-54.504,109.31
-61.253,-22.16,135.06
-71.184,17.813,118.75
-44.126,8.1617,136.8
-54.024,-6.0958,138.96
-50.186,0.36273,139
-49.832,-2.3165,139.85
-68.548,-35.007,126.67
-70.542,19.571,118.15
-64.49,-24.624,133.63
-70.392,-45.756,120.08
-70.261,20.718,117.4
-70.809,18.506,119.38
-66.387,-66.124,92.268
-50.955,25.331,128.05
-70.989,21.878,115.67
-61.898,24.737,123.84
-46.03,26.755,128.5
-40.809,12.475,136.69
-42.032,16.131,136.55
-46.772,7.0807,137.83
-46.804,9.2261,137.9
-42.148,23.626,132.43
-47.657,5.3616,139.6
-48.803,3.1161,139.48
-38.135,26.636,132.79
-54.282,-4.545,139.66
-44.006,27.841,128.81
-43.859,29.199,127.85
-45.22,28.037,128.43
-42.736,30.563,128.42
-45.858,27.991,129.54
-44.757,27.531,130.5
-38.682,29.909,129.82
-41.642,27.785,131.44
-39.402,32.179,128.26
-48.238,28.137,130.15
-51.271,26.12,130.31
-55.725,-10.84,139.96
-45.569,26.39,132.24
-49.042,9.4466,140.3
-70.141,18.76,120.23
-59.199,23.335,128.03
-51.233,24.824,131.88
-65.695,22.382,123.12
-55.846,26.237,129.64
-70.031,20.566,119.25
-68.322,20.167,123.9
-47.809,23.78,133.5
-70.142,19.286,122.94
-70.826,20.875,120.36
-69.225,23.773,120.41
-68.854,20.481,124.7
-43.228,13.078,138.77
-46.355,10.609,139.71
-41.553,21.046,135.12
-45.958,13.565,139.08
-44.902,15.683,138.99
-42.405,18.593,137.81
-42.957,22.154,134.37
-50.773,3.2867,142.61
-49.705,8.3636,142.44
-43.675,20.084,137
-51.335,-4.4027,142.32
-51.703,5.9071,142.94
-50.129,14.463,140.62
-53.12,0.6419,143.09
-52.345,1.6152,143.78
-45.662,20.252,136.96
-53.036,-0.25733,144.31
-51.974,11.025,142.74
-51.188,-1.9494,144.1
-49.175,12.821,142.6
-46.831,18.384,139.35
-48.201,21.504,136.51
-55.431,-3.4097,143.66
-53.527,17.362,142.85
-54.373,0.89948,144.59
-54.663,3.086,145.73
-53.675,3.152,146.99
-55.021,-9.5488,140.96
-56.29,-7.4502,143.19
-57.299,-9.6133,141.23
-55.211,8.0935,145.99
-56.947,9.3995,147.03
-56.993,-1.3555,148.4
-54.548,6.9247,147.26
-55.736,-7.1987,144.28
-56.272,-10.526,141.34
-43.299,26.455,133.36
-57.883,-9.2358,142.87
-58.408,-12.855,138.5
-58.509,-8.1915,144.76
-55.952,-4.1321,147.48
-46.349,24.34,133.66
-60.208,-14.661,139.59
-46.073,21.766,136.71
-49.811,20.163,139.06
-59.848,-8.266,145.97
-51.06,19.423,141.11
-59.41,4.4106,148.24
-55.854,-1.2208,149.06
-56.423,7.4358,147.54
-53.966,6.3041,147.74
-54.594,12.174,146.42
-58.163,-5.5799,148.33
-60.627,-4.0203,149.29
-54.596,15.866,145.96
-61.667,3.0283,150.16
-58.989,-14.406,142.77
-59.332,-11.526,146.17
-60.627,-7.1849,148.73
-63.531,-3.7402,150.12
-56.924,2.3347,150.01
-60.019,7.0737,149.84
-60.419,-14.943,142.97
-58.297,11.23,149.84
-62.352,-21.127,136.82
-62.819,-6.9818,150.8
-61.692,5.1567,151.26
-62.571,-17.464,143.98
-64.557,-5.814,151.49
-59.689,-0.79809,151.86
-63.497,-2.2044,153.12
-63.281,-9.1836,150.98
-63.533,-11.154,150.08
-47.466,24.906,133.31
-46.025,25.608,132.53
-44.815,26.6,132.41
-47.838,23.187,135.86
-67.701,-1.9901,154.26
-68.899,-1.6577,154.49
-62.835,-19.568,141.81
-63.101,8.5168,152.52
-51.708,22.541,137.87
-65.008,0.60899,154.92
-64.517,-16.27,146.96
-62.716,9.2637,152.02
-70.29,-8.6438,155.22
-71.643,3.9346,156.31
-64.553,5.0363,155.28
-62.481,12.251,150.18
-58.467,15.806,147.32
-67.838,-16.254,151.19
-68.379,6.2798,156.01
-71.261,4.4995,157.54
-62.658,-20.501,142.1
-63.026,-22.235,138.97
-61.655,13.532,150.01
-69.752,-16.234,151.69
-53.575,18.498,145.54
-66.777,-18.231,149.11
-65.73,-23.927,137.97
-63.851,10.171,154.76
-64.633,-25.834,136.73
-67.612,-25.799,132.99
-69.002,7.8729,156.54
-65.844,-23.234,145.26
-70.506,-13.3,155.9
-66.425,14.296,152.47
-60.357,17.373,149.07
-67.517,-22.753,144.44
-73.08,-3.4336,157.31
-67.395,-24.956,142.08
-68.601,-26.14,140.83
-66.854,-28.027,138.27
-45.597,26.149,132.76
-49.99,25,135.35
-47.447,27.416,131.53
-43.043,28.407,131.71
-59.722,24.236,131.56
-63.976,16.709,150.61
-70.677,3.3466,158.52
-58.813,24.82,135.23
-58.443,23.627,140.97
-59.314,17.543,149.43
-58.705,24.474,137.71
-69.737,-29.484,133.91
-45.769,22.97,136.16
-49.972,21.494,139.59
-70.6,13.404,155.24
-63.317,16.566,151.81
-69.207,-29.091,137.39
-64.479,24.692,135.87
-74.524,-20.617,154.55
-71.382,-24.61,152.26
-47.421,22.913,138.12
-71.948,-28.245,144.45
-71.908,-27.192,148.01
-70.38,-29.883,132.98
-69.648,-30.636,136.5
-72.672,-28.807,143.97
-54.734,22.517,142.44
-63.676,25.139,140.56
-73.306,-29.416,142.11
-77.045,-13.166,158.4
-76.015,-11.26,159.72
-67.882,14.667,154.82
-72.78,-30.996,137.7
-70.708,8.2596,157.86
-53.904,27.396,130.86
-68.426,22.889,126.57
-69.483,-31.487,129.11
-49.912,27.547,131.54
-43.821,29.306,130.87
-43.562,28.638,131.89
-72.138,-33.367,136.34
-78.827,-22.215,156.45
-80.607,-14.549,159.25
-44.417,24.806,135.51
-53.802,24.468,136.17
-68.903,22.542,124.5
-73.123,-33.99,134.94
-69.647,23.203,127.8
-73.132,-34.238,134.81
-74.61,0.66788,159.34
-77.27,-32.276,143.02
-79.337,-29.727,147.51
-77.987,-28.672,153.71
-82.061,-11.286,161.22
-75.239,1.1976,159.56
-68.501,17.94,152.89
-71.783,10.436,157.29
-70.651,21.484,122.28
-62.15,26.52,130.8
-52.965,27.847,132.66
-63.72,26.303,134.75
-64.967,25.767,126.07
-51.757,23.69,139.55
-69.955,24.343,126.01
-48.175,26.678,133.54
-73.272,-37.13,132.76
-45.416,29.662,132.03
-75.999,-35.959,140.41
-44.356,25.23,136.1
-41.173,32.353,128.59
-77.56,-35.948,141.58
-42.603,27.418,134.41
-68.938,24.477,120.41
-68.228,23.84,144.34
-37.66,29.349,131.67
-84.232,-31.202,148.11
-78.797,-6.6442,162.61
-86.401,-20.062,158.26
-69.239,17.827,153.07
-69.118,14.743,155.8
-50.559,27.298,134.91
-63.99,26.142,128.82
-57.594,22.515,144.46
-52.886,22.683,142.86
-68.644,12.521,157.24
-74.135,-36.955,128.05
-52.655,25.602,137.86
-65.639,26.156,135.78
-51.882,26.921,135.39
-53.326,25.271,139.31
-58.017,26.14,137.16
-75.09,1.8405,161.78
-70.07,26.427,118.52
-67.957,28.379,120.2
-61.957,26.976,135.92
-71.248,25.367,130.7
-79.667,-2.6597,161.99
-75.745,3.2347,161.25
-78.949,-2.3035,162.93
-71.037,23.331,145.72
-55.617,25.073,140.25
-35.562,29.341,132.22
-55.77,21.284,146.22
-70.356,25.968,133.14
-71.584,10.467,159.71
-62.464,26.452,136.22
-77.452,24.523,139.15
-74.123,25.311,139.17
-78.821,7.341,160.16
-71.163,26.129,125.79
-65.613,27.054,133.75
-70.52,25.984,133.39
-55.356,25.821,140.32
-71.657,25.718,133.28
-63.013,22.036,147.91
-64.407,25.043,141.3
-80.585,1.8747,162.59
-82.949,-8.8375,164.03
-58.538,23.076,145.13
-70.761,28.633,121.44
-69.864,28.854,117.19
-67.196,25.825,139.13
-35.35,30.203,131.42
-74.051,25.666,138.16
-67.979,19.815,152.23
-70.433,26.862,130.97
-60.054,25.922,141.11
-77.797,-37.424,137.84
-59.852,22.156,147.11
-61.376,23.486,145.43
-58.674,24.952,143.56
-66.794,24.544,143.7
-75.326,12.568,158.56
-64.924,25.842,141.27
-69.419,32.304,119.01
-70.801,31.46,123.16
-71.813,25.759,140.52
-71.77,32.513,119.7
-83.195,1.1691,162.53
-77.791,13.995,157.7
-62.524,21.218,149.77
-70.705,27.107,139.33
-74.102,29.192,131.82
-77.259,23.044,147.95
-72.61,31.399,125.84
-72.653,27.326,137.82
-62.026,21.679,149.86
-67.877,24.898,145.46
-66.31,20,152.27
-69.808,26.317,142.96
-70.606,27.684,141.09
-64.969,25.818,146.34
-69.621,33.774,119.07
-71.472,33.717,124.03
-73.537,31.878,130.83
-72.538,16.953,156.22
-71.689,22.682,149.82
-82.759,3.7657,162.24
-74.757,18.685,154.49
-37.052,36.571,127.09
-35.927,36.346,127.81
-71.55,35.909,120.83
-67.901,23.506,149.06
-76.33,28.441,136.11
-68.406,23.395,149.17
-73.933,26.876,143.53
-74.228,33.629,130.08
-71.27,24.842,147.76
-76.799,26.556,142.28
-70.012,19.278,154.03
-79.481,25.139,143.45
-74.532,34.642,122.58
-73.228,22.688,150.65
-70.964,15.51,157.71
-74.78,35.164,120.93
-77.763,9.5314,161.2
-81.6,24.128,143.59
-73.972,22.984,150.21
-77.414,30.938,134.71
-75.728,34.713,124.85
-32.298,35.411,127.52
-78.275,21.52,151.43
-75.583,33.716,132.54
-76.601,16.471,157.05
-75,20.361,153.5
-80.938,23.573,146.98
-34.377,36.464,129.45
-74.825,36.145,127.81
-77.527,33.83,131.74
-29.84,33.755,128.63
-33.413,37.581,127.24
-32.95,38.951,126.04
-28.733,35.815,126.15
-30.593,37.607,127.19
-32.785,40.5,126.11
-30.514,39.388,127.48
-81.286,10.333,160.45
-84.31,-5.7853,163.63
-84.759,4.4797,162.32
-78.915,17.187,156.6
-76.268,20.054,154.5
-87.398,-9.699,162.15
-89.422,-2.7343,162.28
-83.127,11.422,161.82
-87.978,6.796,162.05
-79.467,19.371,155.23
-85.309,-13.573,163.88
-87.126,-5.1559,164.6
-76.101,21.375,154.52
-84.742,13.026,160.58
-89.044,8.0955,161.68
-80.457,20.88,156.45
-69.488,24.638,149.67
-86.648,-15.209,162.89
-88.651,-16.132,160.62
-89.47,-0.62602,163.42
-74.716,24.577,148.18
-91.863,7.6928,159.88
-84.015,19.585,154.92
-84.82,15.986,160.95
-91.26,-7.4375,161.78
-92.644,1.6125,160.75
-83.153,21.855,148.53
-83.768,21.946,151.35
-92.213,10.354,158.62
-86.73,15.23,159.87
-88.636,-12.976,163.35
-87.946,17.315,155.48
-81.094,23.064,151.82
-87.546,20.092,152.54
-83.771,22.161,148.43
-90.276,18.575,157.08
-73.181,26.292,147.41
-81.316,24.18,148.14
-93.519,-0.13785,162.17
-84.121,23.211,145.74
-83.676,-28.222,156.11
-89.194,-13.799,163.71
-92.884,-4.5002,163.41
-91.386,18.276,154.64
-97.083,5.0905,160.32
-94.289,13.261,159.83
-85.296,22.467,151.24
-92.297,18.154,154.67
-95.453,12.773,158.18
-93.715,17.122,153.15
-98.265,5.5103,159.77
-96.084,14.942,156.01
-96.878,13.306,158.37
-88.466,20.805,149.4
-93.596,18.703,155.47
-96.638,16.07,156.08
-99.666,7.7698,158.17
-83.976,23.918,149.09
-99.917,11.214,158.59
-94.006,19.479,153.45
-88.132,21.882,150.5
-97.779,16.659,162.92
-86.528,23.408,150.02
-92.998,-11.379,162.52
-97.359,-0.65473,161.1
-98.057,14.694,154.17
-88.937,-24.576,158.08
-101.05,12.044,161.21
-77.305,26.147,144.48
-78.967,25.651,144.29
-81.592,24.907,145.65
-85.481,24.098,146.59
-93.956,19.781,151.83
-89.992,-19.221,161.41
-99.07,3.4889,160.78
-97.956,-0.2971,161.14
-89.979,21.477,149.46
-95.442,-10.495,161.24
-97.257,-4.1402,162.53
-101.29,8.7995,158.99
-97.772,-5.6861,160.92
-99.807,-5.7234,159.85
-102.24,8.0287,160.51
-90.048,23.152,149.71
-102.29,5.5045,158.03
-90.529,25.442,150.74
-87.756,-29.757,153.71
-101.68,4.212,161.43
-101.44,11.914,156.65
-94.344,-13.853,161.05
-92.318,-22.271,158.43
-100.39,-4.4372,160.05
-75.683,-37.914,135.74
-102.66,8.7922,161.15
-79.232,26.099,142.65
-101.2,-6.6669,159.81
-79.614,26.731,141.51
-83.944,24.936,143.91
-102.88,9.8655,162.1
-87.178,23.822,146.61
-102.58,4.8218,158.69
-81.927,-36.945,145.43
-84.625,25.668,147.25
-93.018,-16.035,163.55
-100.79,-9.5434,159.29
-87.684,25.57,147.07
-99.706,-8.7942,161.9
-101.64,12.273,154.99
-96.925,22.792,151.44
-103.09,10.16,160.05
-103.88,6.2882,157.85
-102.31,12.427,161.74
-101.06,16.136,165.44
-103.1,11.62,163.45
-103.49,8.6252,158.95
-102.63,7.3197,163.05
-103.43,10.761,161.13
-95.296,-18.718,162.03
-99.464,-17.552,158.58
-86.847,-34.915,148.82
-75.714,-38.438,134.39
-103.61,-4.1518,159.61
-103.76,-0.70718,160.6
-87.009,27.616,147.17
-80.696,26.828,143.24
-84.82,26.601,143.26
-78.201,28.488,140.57
-82.603,30.714,140.48
-86.381,28.973,142.61
-81.636,31.369,139.39
-83.893,30.651,141.34
-97.92,22.048,150.14
-104.19,8.132,156.68
-98.327,-15.198,162.1
-102.21,15.862,155.39
-98.977,18.051,161.8
-98.112,-20.47,158.98
-81.023,-38.198,137.7
-101.83,17.38,163.12
-104.48,4.994,158.62
-103.51,8.2642,161.52
-103.08,-4.3904,161.56
-90.284,28.68,145.86
-92.853,27.876,149.68
-81.031,31.535,138.34
-87.706,31.094,142.72
-98.123,-25.109,154.19
-90.944,30.504,144.77
-102.98,18.036,153.02
-100,19.601,161.54
-81.431,-37.939,135.34
-103.52,1.269,161.15
-97.755,18.771,164.74
-103,-2.0874,162.15
-80.899,-38.757,139.2
-85.885,32.807,139.29
-103.35,5.1187,161.19
-79.166,33.894,134.44
-105.91,6.5554,156.99
-104.36,4.3461,160.86
-105.08,9.8395,159.16
-103.68,5.4083,161.56
-92.938,29.174,147.49
-95.06,28.168,147.45
-95.026,-27.303,155.93
-101.07,23.711,149.91
-101.13,18.421,163.34
-104.35,20.647,150.14
-92.514,-32.483,150.22
-106.85,12.574,151.01
-105.39,-0.88642,159.91
-105.22,9.0339,159.13
-106.02,8.9207,156.79
-89.247,33.228,140.49
-100.13,18.993,164.26
-100.62,17.563,165.23
-105.98,6.6496,158.41
-96.58,29.092,145.34
-96.635,28.867,146.58
-100.63,26.262,147.5
-105.49,10.549,159.27
-100.19,19.557,165.2
-91.957,31.987,142.69
-104.88,4.6456,160.57
-104.72,6.1543,161.15
-94.176,31.792,142.94
-80.35,35.048,131.58
-104.71,-2.5045,161.02
-81.621,-39.822,138.95
-97.956,29.515,144.88
-106.54,-17.624,151.23
-108.61,11.608,151.32
-86.22,35.489,139.11
-78.912,36.127,133.2
-83.27,36.153,134.83
-76.808,36.24,127.81
-98.769,20.812,166.18
-99.23,21.053,166.81
-100.04,16.584,167.45
-101.26,17.912,166.62
-101.31,19.723,165.42
-101.02,18.904,165.35
-101.22,19.068,164.54
-101.05,21.067,164.14
-102.84,19.944,164.92
-103.14,19.827,164.5
-91.149,31.596,164.63
-91.69,34.697,165.82
-104.2,11.385,166.3
-103.15,9.7691,165.24
-104.47,11.656,163.38
-104.48,10.169,164.18
-88.912,34.525,167.96
-106.76,11.599,164.61
-105.23,10.163,165.84
-107,11.994,163.77
-88.466,34.322,164.67
-90.976,36.127,166.67
-105.99,12.291,161.89
-106.2,11.992,162.42
-87.432,34.754,164.24
-87.692,35.163,165.73
-108.11,12.281,164.19
-106,10.754,161.85
-88.199,35.882,166.88
-106.21,10.105,165.02
-104.31,7.332,163.82
-105.09,8.5092,164.59
-105.07,6.6294,164.87
-106.79,10.253,156.8
-107.05,8.9162,164.04
-107.79,10.139,162.12
-106.78,8.4601,159.58
-88.452,35.948,167.79
-107.58,9.2615,159.65
-107.22,6.1789,162.99
-107.19,8.6172,159.03
-88.261,36.152,164.59
-88.083,36.405,164.88
-88.799,37.069,165.64
-106.65,5.333,163.66
-105.26,4.4127,164.09
-107.46,7.0482,160.34
-90.735,37.941,164.44
-106.62,8.0214,158.36
-86.774,36.931,163.67
-104.46,3.4116,162.45
-107.99,12.238,155.22
-107.12,7.614,158.69
-107.27,6.7016,158.93
-105.7,3.8096,162.98
-85.934,37.451,163.89
-88.05,37.305,166.68
-88.739,37.929,165.98
-110.88,8.0671,158.17
-105.25,2.6466,162.77
-107.34,7.8962,156.34
-86.858,36.754,167.79
-103.54,27.767,147.57
-108.03,4.6266,160.54
-109.9,9.2025,155.9
-108.36,7.3186,156.99
-103.43,1.1911,162.87
-106.89,2.7764,161.62
-109.76,6.0791,158.52
-108.73,9.9022,154.36
-110.37,4.6025,160.12
-89.409,39.912,168.02
-109.95,4.7495,157.92
-106.75,22.182,147.24
-105.64,25.152,146.54
-106.58,-0.035619,161.79
-108.49,21.966,148.08
-88.314,40.804,165.96
-87.28,39.736,163.68
-110.74,4.5339,157.08
-86.752,39.772,166.02
-98.071,31.264,141.2
-112.19,5.1268,157.71
-112.01,10.245,152.1
-111.57,6.1655,154.59
-105.48,-1.2675,160.97
-111.34,15.09,148.83
-108.12,-0.14329,160.98
-93.219,33.68,141.76
-94.127,32.832,141.03
-112.39,2.4154,160.09
-90.676,35.063,141.58
-112.39,5.4782,154.66
-112.18,2.5671,159.36
-111.58,2.7521,156.46
-110.58,1.3852,158.55
-89.006,34.668,140.3
-111.16,7.5972,149.39
-90.89,35.19,139.1
-110.93,2.609,156.05
-107.92,-1.4049,160.37
-110.26,0.35785,160.05
-114.24,5.298,152.84
-115.09,4.7941,152.45
-110.9,0.19194,157.53
-115.98,7.4312,149.52
-111.04,-1.2131,159.49
-108.61,-3.0394,158.33
-108.89,-3.1845,160.09
-115.46,2.018,153.47
-107.17,-4.1215,161.49
-89.286,36.166,137.16
-109.12,-3.412,157.73
-85.042,45.833,167.06
-113.58,-0.48294,154.59
-87.874,36.829,137.52
-113.56,-1.0297,157.24
-113.89,-0.21927,153.37
-85.095,45.414,169.7
-85.208,46.007,168.94
-114.46,-0.39547,155.88
-84.578,44.948,170.59
-108.55,-5.4685,157.88
-118.05,4.3507,150.19
-112.83,-3.0106,156.44
-83.543,45.438,168.58
-84.099,46.304,168.81
-83.333,46.362,167.91
-113.21,-3.3118,153.91
-110.2,-5.6204,156.48
-108.77,-6.2905,157.2
-115.38,-1.828,151.04
-82.165,45.638,167.45
-117.91,0.001307,150.03
-103.78,-8.6251,161.28
-83.704,46.8,170.72
-81.749,45.278,168.14
-84.059,47.372,167.31
-82.846,47.966,169.97
-83.214,48.702,166.91
-81.879,48.618,170.81
-81.513,37.215,134.29
-84.04,36.554,133.23
-79.984,39.157,130.14
-111.11,-6.5447,155.66
-79.184,36.711,129.82
-113.52,-4.7169,151.8
-105.9,-10.04,158.08
-116.34,-5.3587,148.08
-111.44,-10.338,151.19
-77.796,38.025,125.69
-115.73,-10.196,149.87
-110.21,-12.484,152.49
-116.7,-11.988,148.96
-107.39,-15.718,154.18
-104.79,-17.15,158.23
-103.03,-18.969,156.94
-114.87,-12.823,148.26
-114.5,-14.698,149.04
-108.07,-18.091,152.8
-110.84,-18.173,151.87
-115.12,-16.213,146.4
-102.29,-22.938,156.43
-112.84,-19.584,146.98
-111.35,-21.275,150.11
-107.42,-22.428,149.65
-100.08,-24.466,156.19
-102.39,-25.748,153.99
-116.55,-22.289,144.77
-118.54,-22.133,142.96
-113.83,-25.555,145.86
-107.65,-26.975,145.05
-104.08,-28.897,150.05
-98.821,-32.851,150.42
-115.93,-27.72,138.96
-107.85,-31.644,143.5
-112.85,-30.902,142.08
-104.95,-36.049,142.85
-30.569,41.38,127.7
-110.64,-33.05,135.19
-93.707,-36.95,144.89
-96.561,-37.142,144.51
-107.99,-36.673,138.94
-103.43,-38.213,138.4
-109.81,-35.842,132.42
-89.587,-38.884,141.98
-107.71,-38.579,134.43
-100.24,-38.556,133.09
-96.114,-41.225,139.91
-86.853,-40.07,141.97
-109.49,-36.958,128.51
-89.094,-40.593,137.18
-92.742,-40.55,135.05
-85.463,-40.183,135.07
-84.296,-42.399,139.77
-85.142,-39.991,133.68
-90.092,-41.567,133.77
-84.3,-41.579,135.7
-94.862,-41.559,131.6
-85.975,-42.32,134.52
-105.25,-40.536,128.9
-29.788,42.86,126.33
-88.426,-42.701,132.77
-80.894,-41.139,132.41
-28.604,44.234,127.04
-27.483,42.241,127.45
-28.458,42.115,125.69
-29.761,42.574,122.91
-26.905,37.631,125.62
-28.538,46.508,123.68
-25.956,45.202,126.37
-25.834,42.976,125.7
-109.76,-41.256,127.02
-101.91,-42.765,129.33
-105.94,-41.809,127.23
-95.826,-42.824,129.1
-78.478,-40.619,130.84
-87.293,-42.62,129.15
-100.03,-43.103,126.97
-84.558,-43.57,131.13
-25.509,39.18,125.57
-80.754,-42.997,130.54
-81.136,-42.305,128.77
-89.579,-44.042,128.96
-96.131,-45.115,129.5
-76.068,-42.77,130.12
-103.78,-42.943,125.64
-93.07,-43.855,127.11
-25.057,42.299,125.87
-91.484,-44.534,128.04
-100.18,-44.033,126.31
-85.001,-44.293,128.52
-97.072,-44.58,123.92
-26.34,47.082,125.02
-24.544,36.784,124.33
-87.523,-45.906,126.48
-76.605,-43.451,126.92
-26.704,47.754,124.41
-25.165,43.869,125.19
-85.096,-44.735,124.69
-76.737,-44.099,127.3
-82.795,-46.131,126.78
-25.548,47.128,125.73
-24.067,39.215,125.44
-70.837,-41.211,125.39
-99.51,-46.918,122.35
-70.946,-41.496,124.79
-91.813,-47.049,122.51
-26.996,47.847,123.33
-82.347,-46.146,123.63
-96.759,-47.397,121.37
-93.937,-47.335,120.27
-83.376,-46.719,122.23
-27.264,46.207,122.06
-27.609,44.366,120.14
-26.845,44.281,121.11
-27.068,47.344,121.81
-23.994,42.11,124.42
-26.213,48.096,121.86
-26.044,49.067,121.63
-70.534,-43.67,122.48
-76.562,-47.069,124.63
-72.405,-45.216,122.57
-22.775,38.816,123.34
-99.652,-48.149,119.01
-22.543,45.448,125.81
-89.438,-49.35,120.99
-86.237,-49.392,119.9
-23.85,48.801,124.81
-75.181,-48.251,122.33
-99.482,-50.252,116.81
-23.648,48.973,124.35
-85.892,-49.731,118.28
-25.519,45.622,119
-80.307,-50.315,120.98
-23.775,50.559,124.28
-23.949,49.566,123.49
-22.867,49.12,125.11
-21.91,47.515,125.9
-22.67,45.556,124.11
-23.346,49.667,123.75
-22.315,43.551,123.53
-21.988,42.568,123.67
-25.459,48.14,119.68
-25.243,49.611,120.42
-23.447,51.515,123.62
-24.519,47.053,120.16
-93.05,-50.883,117.36
-90.071,-50.721,117.98
-22.539,49.152,123.84
-21.17,48.799,125.03
-21.296,47.031,123.94
-21.039,41.858,122.97
-21.34,49.855,123.48
-20.734,37.711,122.84
-22.623,50.659,120.69
-21.565,50.878,121.56
-20.108,44.948,122.91
-20.686,44.648,121.27
-20.418,49.818,121.98
-19.537,46.914,122.94
-20.439,40.915,120.23
-18.773,45.883,122.88
-99.145,-52.862,113.62
-19.046,41.552,121.01
-89.475,-52.919,116.3
-19.148,44.118,121.13
-19.67,51.297,122.33
-18.806,39.392,120.13
-20.807,50.249,118.58
-21.965,47.922,116.04
-18.727,49.546,120.51
-18.69,51.45,120.56
-18.384,41.354,119.64
-18.168,44.593,119.81
-18.296,41.118,119.31
-71.684,-48.778,118.46
-81.622,-53.438,116.69
-92.08,-53.591,113.4
-77.223,-53.035,116.99
-95.156,-55.139,112.91
-85.68,-54.674,114.36
-16.505,41.281,119.82
-18.073,49.705,118.95
-16.898,48.516,120.08
-17.456,50.949,118.31
-16.978,47.961,118.23
-17.069,49.715,117.78
-16.342,42.89,118.09
-16.906,51.012,117.35
-15.629,44.166,118.49
-15.903,47.479,118.08
-17.494,49.931,114.62
-15.655,43.474,117.53
-15.749,50.83,117.11
-15.347,44.323,117.47
-16.719,49.12,114.98
-14.941,48.021,117.36
-15.035,40.476,116.93
-15.762,50.144,115.71
-13.849,44.378,117.52
-14.194,43.529,116.71
-15.378,46.285,114.96
-17.892,46.652,110.91
-18.052,48.295,110.49
-14.718,47.964,113.65
-12.437,44.685,115.87
-14.338,48.73,113.24
-71.342,-51.857,114.26
-75.264,-54.406,114.77
-79.388,-55.106,113.96
-87.222,-56.877,111.6
-84.381,-57.524,112.23
-18.994,47.045,107.06
-89.833,-59.089,111.65
-91.174,-59.993,111.41
-18.629,48.237,107.27
-15.627,48.391,110.83
-13.104,48.536,114.48
-13.386,46.686,112.38
-15.333,48.069,108.41
-11.761,44.808,113.08
-12.961,48.931,111.14
-13.196,44.941,110.06
-12.633,49.953,111.06
-15.564,46.447,106.01
-12.798,49.084,109.85
-12.656,49.058,109.94
-14.679,48.188,105.97
-14.203,47.089,104.76
-10.468,45.898,109.6
-14.234,45.295,103.83
-10.948,48.129,107.71
-14.08,49.058,103.27
-10.113,48.754,107.32
-14.513,45.889,101.38
-78.96,-58.771,110.08
-9.8515,49.288,104.96
-75.099,-58.686,110.55
-8.5519,48.833,102.25
-83.101,-60.595,110.27
-88.242,-60.869,108.19
-87.34,-61.281,108.91
-6.9287,50.523,103.98
-10.279,50.288,99.627
-7.0397,51.242,102.99
-82.281,-60.489,108.44
-6.9621,49.745,102.14
-9.0642,46.275,97.661
-92.484,-62.82,108.2
-7.5393,48.257,97.42
-81.273,-62.569,106.59
-91.009,-64.643,104.45
-71.283,-60.759,106.83
-82.727,-62.664,103.36
-83.988,-64.75,105.38
-75.511,-62.412,105.73
-78.556,-63.196,103.47
-86.599,-65,102.57
-74.898,-63.09,100.78
-5.5726,49.689,98.457
-90.112,-67.833,101.75
-93.179,-68.563,101.86
-5.8591,51.505,97.616
-4.6779,51.888,99.136
-6.7248,48.827,95.216
-7.2979,47.338,94.255
-7.2761,45.578,93.575
-7.6091,49.043,92.671
-78.16,-65.95,101.63
-1.2777,50.615,98.957
-73.103,-63.592,100.68
-70.016,-62.042,99.383
-78.859,-66.095,100.32
-83.844,-68.499,99.758
-81.697,-69.651,100.98
-74.967,-65.979,97.711
-69.236,-64.753,95.936
-5.3459,46.664,91.04
-3.2927,52.495,93.976
-1.1774,49.073,95.675
-4.5818,51.797,91.179
-0.8716,53.907,95.669
-0.11908,53.424,96.446
-0.85241,54.737,95.802
1.4815,52.255,96
2.5842,53.607,95.309
0.66321,51.092,95.669
2.9298,51.276,94.785
4.43,53.901,92.462
1.179,55.159,90.414
-2.5924,50.902,90.769
2.9191,55.15,89.766
0.9846,51.483,91.113
4.6957,54.734,88.8
4.6075,54.472,88.137
5.8378,55.481,86.222
-1.0102,51.536,88.896
-1.6579,49.444,90.281
3.5179,53.615,87.919
-3.6739,50.16,88.624
6.3778,54.277,85.902
4.7813,51.525,90.895
-0.12864,52.695,87.527
4.1783,52.766,88.231
1.7595,54.15,85.442
-2.9478,48.385,90.217
-3.1777,47.846,89.467
2.8141,49.482,91.222
8.1756,54.737,84.388
11.811,54.886,84.441
-3.0347,49.544,87.704
7.325,52.771,87.91
6.0716,51.594,89.302
6.1284,52.992,87.23
6.293,53.963,83.468
7.605,53.306,84.24
1.9459,48.66,90.323
9.8867,54.435,82.822
-2.6004,45.881,89.204
10.288,53.602,83.472
8.1394,54.205,81.265
-2.0758,46.666,88.094
5.8306,53.027,83.34
-2.3044,49.524,85.424
2.3327,51.919,84.952
1.9162,54.488,81.117
0.79325,51.777,84.096
2.5929,53.739,81.082
-0.24,51.74,83.802
10.31,51.61,87.545
0.84281,53.422,81.064
10.931,53.426,81.685
6.6468,49.725,89.034
-1.5045,46.444,87.369
10.544,53.275,81.862
8.0093,53.187,81.663
9.1514,52.774,82.215
-2.4175,47.676,85.183
9.9888,51.733,84.488
-1.0487,49.808,83.511
4.7976,54.473,78.656
8.0752,51.623,84.337
10.811,51.053,86.58
9.5428,53.097,78.949
12.313,51.992,81.932
-1.4359,47.598,85.399
5.1947,53.871,77.661
4.8983,52.666,80.183
10.793,52.189,79.094
12.019,51.641,80.796
9.5441,51.685,80.627
9.0491,51.966,79.217
9.1716,51.631,79.458
12.126,51.157,78.931
9.3237,50.673,80.964
5.5438,52.385,78.107
12.28,53.566,71.25
11.787,53.559,71.244
10.983,52.074,74.888
12.141,52.531,73.274
13.175,52.152,73.801
12.205,52.366,72.39
9.3811,52.639,71.616
11.125,52.846,70.163
1.1015,50.07,83.867
2.6612,46.226,87.79
2.105,46.432,86.558
1.8097,52.455,81.685
-0.38384,49.855,81.986
1.2815,49.774,82.422
-0.25849,49.725,80.056
3.1664,46.354,85.907
7.0379,48.191,87.046
3.3102,48.355,81.504
2.9461,49.028,80.622
7.2279,49.167,85.186
3.179,48.192,80.459
3.9295,50.354,80.031
8.005,49.711,84.612
5.6486,51.914,79.528
6.9008,51.618,78.748
7.4179,46.952,83.109
9.7736,49.084,84.307
4.7089,49.326,77.726
8.3036,47.804,81.79
7.5655,50.464,79.183
6.8103,50.654,77.668
10.96,50.221,82.983
9.116,50.406,79.894
7.4129,50.054,77.99
5.559,50.139,74.934
7.2613,48.195,77.358
8.4181,51.177,78.118
7.2999,49.849,76.723
8.9795,49.532,79.024
8.5269,50.823,76.591
10.742,48.268,80.965
7.1247,50.463,74.383
8.2255,50.38,75.414
11.225,48.506,79.493
9.7952,49.478,77.276
8.7397,51.994,72.542
7.719,52.942,70.46
12.528,51.946,73.019
10.12,47.347,78.455
14.093,50.749,75.214
12.603,49.913,75.944
10.658,47.831,78.118
6.9937,50.875,71.312
17.009,50.884,75.575
10.139,52.74,69.657
8.1531,53.214,68.427
9.581,51.459,71.597
13.702,51.797,71.58
8.8042,52.906,68.16
11.981,47.812,77.627
12.42,51.843,70.778
7.6934,49.946,71.861
14.346,51.166,72.408
12.516,50.754,72.589
7.7487,49.443,72.043
13.13,48.342,76.583
7.9114,51.601,69.168
7.9474,50.952,69.702
8.6151,52.193,68.718
10.494,51.786,69.921
8.6743,51.335,68.566
14.378,48.417,75.905
13.486,48.623,74.555
9.8265,52.347,68.053
12.446,47.222,74.716
16.588,46.654,70.1
15.137,47.737,66.809
-66.42,-68.919,80.147
15.981,45.786,76.866
15.108,46.414,75.993
14.944,47.603,70.028
14.667,46.901,76.401
14.168,47.173,76.26
12.739,49.009,68.429
18.08,46.477,73.064
18.447,46.069,74.865
11.457,49.7,70.522
10.715,50.188,62.019
11.926,49.93,66.346
16.356,48.119,69.872
21.346,45.744,72.945
18.283,47.548,71.264
11.681,50.624,66.333
13.856,49.704,69.292
16.384,48.087,74.117
18.556,47.91,71.433
-68.646,-68.819,82.197
15.449,48.61,75.412
-67.69,-72.138,79.018
-68.596,-68.127,86.705
-68.411,-69.428,85.426
-69.399,-70.951,80.459
-70.145,-65.478,92.405
-69.842,-68.806,91.176
-70.046,-72.922,84.338
15.348,49.075,74.842
-70.558,-70.11,89.475
-71.6,-68.22,92.415
-71.687,-75.186,82.928
-72.961,-74.351,85.616
-73.28,-67.244,97.175
-72.693,-73.794,89.248
-74.006,-74.138,86.311
-74.892,-72.557,88.211
-74.983,-70.855,91.747
-77.507,-69.074,97.347
-77.751,-72.811,91.694
-77.428,-70.531,96.537
-78.595,-73.845,90.384
-81.457,-69.735,96.406
-80.179,-74.575,92.078
-79.359,-77.416,87.036
-85.637,-71.397,97.178
12.309,51.241,70.209
15.627,49.93,74.396
10.623,51.531,63.704
16.995,49.202,73.371
15.204,50.224,72.612
19.086,47.953,71.896
13.168,51.33,70.941
18.495,48.939,73.233
18.89,48.713,71.995
17.224,49.926,75.419
17.529,50.269,73.674
17.596,50.274,74.09
