0.005861 12.193070 136.943856
0.005959 11.484769 138.683261
0.006191 9.200226 142.713530
0.343340 10.042781 141.475736
0.108922 10.552899 140.483354
-4.975092 1.059088 139.013280
-6.021971 2.458129 139.941879
-6.169298 3.028127 140.331946
-7.733134 6.120816 141.408763
-7.816098 6.955024 141.664705
-8.151739 8.218162 141.535919
-6.927939 8.891205 141.993949
-6.505251 10.115588 141.322662
-5.097201 10.844518 140.822117
-9.411894 5.044333 139.595695
-9.078691 4.351643 139.165345
-9.850795 4.352880 138.920432
-10.827102 4.353314 138.975355
-11.301795 5.169317 139.527437
-10.845293 6.247705 140.022362
-10.079493 6.283773 140.222405
-11.023239 7.294617 140.361350
-11.243785 8.466453 140.355183
-6.436562 1.966822 138.888240
-7.001186 2.958804 139.463859
-7.843230 4.670454 140.329052
-8.421817 6.179476 140.970630
-8.461583 7.062752 141.270553
-13.495635 10.245452 138.648151
-12.379908 10.534521 138.845118
-12.964817 7.025063 139.991319
-12.663682 6.060436 139.948472
-12.032453 7.233411 140.187289
-11.710024 6.212238 139.935388
-13.182419 8.146902 139.874036
-12.251356 8.345854 140.164068
-13.353527 9.241065 139.393643
-12.348536 9.479085 139.693662
-12.272881 4.407312 139.309984
-10.873895 10.836772 139.043819
-11.211037 9.669369 139.954576
-4.910887 14.735814 130.388692
-8.574016 2.822922 138.388911
-9.186885 7.175193 140.913176
-9.245859 6.236864 140.576497
-9.258608 8.434294 140.997243
-8.464724 12.163814 138.633438
-9.139117 10.983223 139.695196
-7.079533 12.255402 139.013577
-8.095011 10.810590 140.248384
-6.213552 11.498835 140.012068
-9.434912 9.704256 140.571323
-3.938167 13.780159 135.988512
-5.308411 12.224863 139.214561
-4.539868 11.617377 139.850891
-3.322354 10.921147 140.492361
-4.529499 12.774991 138.330928
-2.539073 11.860240 138.910156
-0.749643 11.502625 138.772821
-4.070381 13.299329 137.257011
-2.619202 12.674363 137.589164
-0.524986 11.993779 137.535012
-4.333039 14.643447 131.860356
-3.459231 14.343803 132.964995
-4.542645 0.226514 138.125581
-6.978973 1.643659 138.349692
-5.907529 1.348959 138.541057
-3.377718 -0.375887 137.879292
-7.509674 2.528021 138.728266
-8.483833 4.649360 139.767839
-8.344152 3.396428 138.840384
-0.831132 10.304963 140.927757
-2.576292 9.992254 141.420692
-2.506065 10.932837 140.254084
-4.181025 9.895906 141.701963
-5.626294 9.582906 141.900141
-6.957152 7.843986 142.204679
-6.868683 6.843332 142.114131
-6.958063 5.807748 141.689825
-6.645937 4.233969 140.863387
-7.337595 5.405739 141.224921
-6.204454 3.772916 140.946744
-5.536207 3.168680 141.495001
-6.282514 7.582362 142.673810
-4.768507 9.012891 142.453282
-5.907822 3.976786 141.419142
-6.380901 5.837976 142.160291
-5.585195 8.260084 142.810438
-2.533996 8.543774 143.445939
-2.858406 8.875759 142.835503
-0.794245 9.794097 141.796032
-3.717470 8.188386 143.630985
-4.064854 8.470617 143.092746
-4.761766 7.771639 143.551394
-3.335614 9.292496 142.308629
-5.787782 6.565816 143.006900
-1.914646 9.528716 141.973134
-1.398190 10.726537 140.332517
-0.453324 12.443624 136.244159
-1.083486 12.657181 136.183119
-3.615490 14.084792 134.599968
-4.421648 14.284971 134.391270
-4.321506 14.495592 133.117744
-1.370161 12.221389 137.540747
-2.185636 13.071877 136.231080
-4.875792 13.685825 136.635352
-4.584510 13.977922 135.707849
-1.609869 11.660435 138.824348
-5.294775 13.282528 137.579737
-5.960011 12.840008 138.353148
-1.455773 13.297608 134.673431
-5.639883 1.626604 139.235234
-5.421439 2.276086 140.614764
-2.326831 -0.809484 137.601056
-8.538786 5.540195 140.505945
-10.530477 5.534652 139.686367
-12.429791 5.302786 139.718517
0.761570 11.502652 138.772747
0.536774 11.993797 137.534960
1.349316 9.914044 141.496747
2.588563 9.992327 141.420470
2.518157 10.932927 140.253838
2.546485 8.543865 143.445691
2.870824 8.875862 142.835222
3.729991 8.188519 143.630621
4.077311 8.470773 143.092348
4.774290 7.771810 143.550928
3.347966 9.292613 142.308302
1.926956 9.528785 141.972946
1.410297 10.726587 140.332380
1.621795 11.660493 138.824190
-0.314029 8.137021 147.905871
0.006236 8.838136 143.371569
-1.624572 0.183796 139.765366
-1.831242 0.020857 139.088852
-2.342517 0.100417 139.610880
-4.564592 1.121274 139.691727
-3.639469 0.151631 138.522431
-1.846729 -0.315925 138.353277
-5.059237 1.858935 140.627639
-3.945379 0.628708 139.437382
-0.418723 -0.022800 139.701405
-2.459008 0.274579 140.628614
-3.958805 0.839889 140.494229
-1.784583 0.185637 140.455850
-0.932623 -0.064925 140.355969
-0.139395 -0.994412 142.266527
-1.982619 8.243296 144.730838
-5.165749 3.778948 144.267118
-5.217864 4.498589 143.437664
-5.114810 4.453119 145.733475
-5.027919 4.916704 145.917376
-4.271903 1.237613 144.757039
-4.801178 6.207858 145.047447
-4.636018 6.131166 145.805264
-4.671334 6.870464 144.455588
-4.202225 6.761875 145.854082
-3.709519 7.239699 146.012666
-2.802592 7.702688 146.321436
-1.713476 7.996766 146.375343
-0.795614 8.097216 146.609376
0.006343 8.310295 145.358270
-0.927582 8.344842 144.887777
-1.422055 8.714299 143.403430
-1.160614 -0.946768 142.927066
-2.334810 0.208673 142.882848
-2.894169 0.488765 143.331978
-3.380550 0.686172 143.515701
-3.949752 0.971800 143.371680
-4.213771 1.154656 142.803020
-0.891930 -0.329414 141.083897
-0.970971 -0.760924 142.311734
-1.692102 -0.058526 141.949840
-2.794577 0.445842 141.912255
-5.053592 2.680351 143.223180
-5.264378 3.387170 142.583857
-5.145554 5.006308 144.279825
-5.289420 5.612574 143.700662
-5.166552 6.372488 143.910036
-5.268998 7.133942 143.452697
-4.176384 7.453962 144.471488
-3.355096 8.004586 144.328276
-1.616674 7.960265 147.453682
-2.593205 7.686309 147.545601
-3.504301 7.222657 147.307859
-4.047422 6.757641 147.196411
-4.511628 6.145004 146.841567
-5.038466 2.676019 146.575494
-4.515589 1.461924 146.337116
-3.699725 0.821751 145.180703
-3.037413 0.322589 144.969847
-1.834553 -0.869485 144.395550
-1.915036 -0.360563 143.333325
-0.745767 -1.577298 143.876219
-4.777338 5.658214 147.088034
-4.881377 5.516352 145.494600
-4.042108 0.890921 146.197479
-3.082991 7.855149 145.130598
-3.478611 0.345108 145.883204
-2.866320 -0.286564 145.540996
-0.732184 -1.987381 144.746001
-2.091092 9.014006 142.702589
-5.345702 4.562539 142.815748
-5.719109 5.957864 142.940558
-4.116564 1.044725 141.286426
-5.033369 2.283614 141.905546
0.006400 8.140949 146.460941
-0.125919 -1.394526 143.084606
0.195296 -1.768466 144.155172
-5.752438 5.187530 142.459274
-5.536297 4.134797 142.117705
-5.210158 2.701821 142.027570
-5.112089 2.977190 143.914165
-5.161268 3.788526 147.034461
-4.669350 1.600272 140.947602
-4.733380 1.835128 142.540615
-4.937883 2.235074 144.770483
-1.226243 -1.538647 144.491305
-1.849911 0.136550 141.204011
-2.685221 0.070364 139.417591
-3.301659 0.524464 141.137144
-2.750020 -0.194401 138.494448
-4.542557 1.517603 143.420245
-4.601956 1.615448 144.932551
-3.469556 0.493789 140.324075
-4.746128 1.853344 145.903214
2.090465 8.217376 144.738979
5.127669 4.453302 145.732974
5.040780 4.916884 145.916883
4.284782 1.237766 144.756620
4.813908 6.208030 145.046976
4.648825 6.131332 145.804809
4.683982 6.870631 144.455130
4.215014 6.762026 145.853670
3.722306 7.239832 146.012302
2.815394 7.702789 146.321161
1.726272 7.996828 146.375175
0.808429 8.097244 146.609298
0.794270 8.506173 144.346577
1.434535 8.714351 143.403290
0.950051 -0.786736 142.307707
1.173392 -0.946726 142.926951
2.347542 0.208757 142.882619
2.906935 0.488868 143.331694
0.904506 -0.329382 141.083809
1.704752 -0.058465 141.949673
4.189013 7.454112 144.471079
3.367691 8.004707 144.327947
1.629576 7.960323 147.453523
2.606127 7.686402 147.545347
3.517215 7.222783 147.307515
4.060342 6.757785 147.196015
4.524536 6.145166 146.841125
5.051472 2.676200 146.575000
4.528614 1.462085 146.336674
3.712660 0.821883 145.180340
3.050346 0.322698 144.969549
1.847472 -0.869419 144.395370
1.927833 -0.360494 143.333137
0.758458 -1.807483 144.472335
0.643478 8.104297 147.847398
4.790287 5.658385 147.087566
0.968579 8.243112 145.436941
4.894175 5.516527 145.494122
4.055141 0.891065 146.197083
3.095670 7.855259 145.130296
3.491632 0.345233 145.882863
2.879330 -0.286461 145.540715
2.103492 9.014082 142.702384
5.174279 3.788711 147.033955
1.239195 -1.538603 144.491184
0.410611 -0.945866 142.284656
0.386408 -1.391038 143.185999
4.759097 1.853514 145.902749
-0.060193 -2.117831 144.718534
-5.294475 3.880870 148.805216
-5.138677 4.796816 148.106848
-5.065801 2.613677 147.825280
-1.230254 -2.508004 145.276760
-0.190334 -3.584448 145.373920
-0.347000 -2.597215 145.097361
-2.046999 -1.930551 145.653563
-3.299353 -0.901149 146.552100
-4.788977 1.685207 147.991031
-4.992283 5.380615 148.152455
-4.898603 6.468622 149.869461
-3.941587 6.981492 148.664019
-4.391241 6.497884 148.425432
-3.373267 7.506687 149.161203
-1.129894 8.298391 149.363553
-2.419157 7.923776 149.280119
-3.402674 7.789605 149.849334
-2.431611 8.200809 149.945979
-5.234547 6.030672 150.280459
-5.397624 5.094934 150.011620
-4.543927 6.929996 149.795789
-4.083091 7.337606 149.784601
-4.982138 1.844531 149.009644
-5.514711 3.999168 150.149537
-5.418663 2.791341 150.354844
5.307656 3.881060 148.804697
5.151757 4.797000 148.106345
5.078931 2.613858 147.824784
1.243318 -2.507960 145.276639
0.585083 -2.409076 145.048048
2.060079 -1.930477 145.653362
3.312484 -0.901031 146.551777
4.802156 1.685378 147.990562
5.005346 5.380794 148.151966
4.911795 6.468797 149.868981
3.954643 6.981634 148.663632
4.404291 6.498041 148.425002
3.386353 7.506808 149.160872
1.425677 8.227505 149.347903
2.432240 7.923863 149.279882
3.415817 7.789727 149.849001
2.444749 8.200896 149.945741
5.247795 6.030859 150.279946
5.410879 5.095127 150.011091
4.557096 6.930159 149.795344
4.096244 7.337753 149.784201
4.995412 1.844710 149.009156
5.528019 3.999366 150.148997
5.432034 2.791535 150.354314
1.317651 -1.796569 144.898859
2.509961 -1.073935 145.688777
3.961856 -0.066237 147.142404
4.192386 0.778884 146.861337
4.677952 1.585551 147.176269
4.719343 5.962712 148.060716
3.400808 7.339082 148.464643
2.494764 7.758974 148.603662
1.486841 8.056697 148.692673
0.247533 8.234593 148.737544
-1.235309 8.114673 148.707006
-2.481742 7.758886 148.603905
-3.387784 7.338961 148.464975
-4.706309 5.962543 148.061177
-4.664848 1.585384 147.176726
-4.179285 0.778735 146.861746
-3.948697 -0.066378 147.142791
-2.496908 -1.074025 145.689022
-1.304649 -1.796616 144.898987
-0.663231 -7.928290 148.259426
-2.165226 -6.474035 146.309564
-1.758702 -6.420238 145.787333
-1.220754 -7.064208 145.741507
-0.426396 -8.227866 147.488065
-1.004599 -7.603323 145.999623
-0.110121 -7.682071 145.873785
-1.158905 -7.946343 147.447790
-0.186035 -7.921391 146.159973
-0.236371 8.924552 150.416926
0.007259 8.366497 164.115532
0.007536 -4.396706 165.107170
0.007534 -0.974720 166.313270
-0.262141 9.787065 151.677558
-2.942279 -6.930568 150.855501
-1.559914 -8.345053 152.453176
-6.980229 2.143431 152.549382
-7.826166 4.390665 154.739917
-7.943926 4.417726 155.999320
-7.922489 4.106523 156.503160
-7.623224 3.325119 156.915724
-7.494787 3.523207 156.624581
-1.526764 -7.507966 154.081839
-1.242972 -7.877133 151.972108
-0.476204 -8.526340 150.943448
-2.057289 -6.901483 154.530306
-3.032867 -6.438010 161.810910
-2.741936 -6.942403 160.773267
-4.163934 -6.288452 159.334593
-4.235644 -5.783942 160.892411
-2.199478 -5.147448 164.127324
-3.212788 -5.336774 163.307705
-3.172281 -4.762795 163.928548
-4.098422 -4.797526 162.870766
-4.755045 -3.286915 163.249827
-5.924954 -3.454397 156.225086
-5.571091 -4.238133 156.399658
-5.362054 -4.800520 155.151473
-3.274922 -5.817291 148.293023
-3.605375 -6.152225 150.007686
-5.263858 -4.838656 153.519769
-6.103685 -1.918208 153.253639
-6.287808 -2.014319 154.787605
-6.059654 -3.176971 155.201013
-5.931776 -3.143294 153.717268
-4.681660 -4.640752 150.309820
-3.262041 -3.665855 146.497834
-2.480873 -4.489206 146.000126
-2.856814 -6.883402 151.490478
-3.794551 -6.177579 151.484105
-4.284273 -5.643226 151.299181
-0.328213 -6.996462 145.567800
-3.164096 -6.727737 150.268257
-4.568567 -4.139211 148.909706
-2.573582 -6.264478 147.098139
-3.473398 -5.301713 147.631529
-2.882732 -5.449956 146.580076
-2.704045 -5.119857 146.234425
-1.674842 -7.439501 147.109891
-3.794707 -4.531241 147.450486
-5.208940 -2.696125 149.169458
-1.576776 -3.707411 145.604859
-1.053362 -3.458843 145.440292
-2.344827 -2.756053 146.030111
-3.310791 -1.679750 146.747326
-1.039629 -5.404040 145.431837
-1.634380 -5.507976 145.591325
-4.549106 0.888151 148.076588
-4.620340 0.378764 148.477131
-1.077003 -8.392780 150.339767
-1.615019 -7.917591 150.132723
-0.470295 -8.489677 148.961839
-2.607514 -7.021517 150.089893
-1.355014 -7.942486 149.164789
-0.745668 -8.071986 148.699674
-2.038294 -6.961131 148.002850
-1.338333 -7.591870 148.202468
-2.006214 -7.593704 150.668263
-1.732374 -7.866002 157.219906
-4.403890 -5.965342 154.376865
-6.751126 2.426797 156.918613
-6.527781 1.341046 154.763544
-6.715511 4.248833 159.041845
-6.654700 5.979272 157.485035
-6.624876 1.956301 159.154444
-6.484829 1.933440 161.038303
-5.902561 2.049727 163.050489
-5.862410 0.858487 163.094601
-6.333847 -0.005538 160.918272
-6.461530 6.409855 159.532024
-6.564551 1.151402 157.930494
-1.017145 11.253119 156.043940
-0.900140 10.840919 154.354367
-0.776762 10.285711 152.890923
-6.822952 3.188615 156.400946
-2.561637 6.522437 165.017378
-2.519975 8.285562 163.727525
-2.479178 9.156965 162.666945
-3.333278 -0.670954 165.657651
-3.353374 0.994620 165.758561
-3.540986 5.131009 165.108230
-3.561433 6.356270 164.597304
-3.521378 8.086617 163.376484
-3.535025 8.858877 162.389945
-4.265555 0.522248 165.150760
-4.472147 4.220112 164.698135
-4.487497 6.187649 164.053171
-4.429650 7.755516 162.897410
-4.463232 8.521267 161.975901
-5.305913 0.659079 164.156342
-5.430688 4.102235 163.743071
-5.441550 5.592722 163.265154
-5.355658 7.375732 161.995199
-5.325260 8.261112 160.904881
-5.962673 4.634442 162.510923
-5.966980 6.046681 161.912065
-5.952768 7.072351 160.996911
-5.887101 7.714114 160.256490
-6.440209 7.075702 158.363063
-5.857370 8.322424 158.933964
-5.291730 9.078401 159.072994
-4.504452 9.711230 159.525436
-4.475234 9.120466 161.009424
-3.516903 10.316401 159.368511
-3.549389 9.566397 161.276387
-2.397268 10.799043 159.561424
-2.408753 9.926186 161.483336
-6.215699 0.667169 153.385748
-5.295910 1.741869 150.823325
-6.116302 5.811491 153.140197
-6.430313 6.129397 155.064063
-6.542184 5.114268 154.946571
-6.369305 4.071025 153.059878
-6.586184 6.236506 156.473396
-6.035258 4.553328 152.051323
-5.707278 5.476971 151.371143
-2.155524 10.987787 155.993020
-1.996530 10.571383 154.286458
-1.805480 10.038484 152.819999
-1.622190 9.525448 151.623642
-1.411765 8.550655 150.092628
-3.362032 10.689463 157.503722
-3.242902 10.549987 155.917130
-3.067490 10.166402 154.243578
-2.869359 9.672211 152.746092
-2.653647 9.189010 151.567740
-4.289610 10.137209 157.370820
-4.162175 10.023054 155.840258
-4.020456 9.704100 154.195697
-3.846205 9.208807 152.690214
-3.599024 8.705000 151.361402
-5.134363 9.489599 157.330237
-4.959171 9.420390 155.729386
-4.798783 9.096531 154.125825
-4.583825 8.670647 152.675355
-4.291516 8.236987 151.354678
-5.739164 8.777461 157.216036
-5.553700 8.756413 155.610503
-5.342312 8.480532 154.048953
-4.946857 7.909338 151.913217
-6.398033 7.347408 156.980279
-6.136350 7.308692 154.783381
-5.649454 6.702065 152.155976
-4.990990 1.156172 149.617956
-5.204722 -1.250552 148.736717
-4.980537 -0.439806 148.544832
-5.402628 0.505489 150.151942
-5.314804 -0.505180 163.937610
-2.224773 -4.007881 164.911675
-3.027909 -3.968620 164.545860
-4.174844 -3.646294 163.817471
-5.167677 -3.014036 162.708174
-5.794626 -1.392219 162.419891
-6.481426 0.199829 156.175778
-6.282290 -1.996968 155.719167
-6.135150 -2.118257 158.482042
-6.211597 -2.093894 157.036653
-5.977078 -3.118517 157.828457
-5.361391 -1.705105 163.269911
-4.720833 -2.280073 163.932298
-4.191620 -2.431571 164.488590
-3.626027 -3.358349 164.523539
-2.987048 -2.894674 165.124761
-2.286242 -3.195427 165.279540
-4.385899 -0.702975 164.955905
-5.038491 -4.675206 160.909792
-5.056759 -3.448850 149.665581
-4.561695 -5.132718 150.982655
-4.324209 -2.210243 147.407815
-4.860665 -1.456599 148.026192
-3.862981 -0.959627 147.264583
-4.295569 -0.294914 147.829165
-6.198881 3.527859 152.385316
-6.045075 2.638660 152.213017
-6.608982 3.955472 154.833076
-5.910553 0.941273 152.203207
-5.187938 -4.984111 158.727166
-4.765680 -5.645850 153.950401
-4.141184 -6.870824 157.790028
-0.930642 -7.915846 149.942614
-0.609034 -8.638459 150.606756
-2.319933 -7.016865 149.557679
-6.589985 1.520542 154.248697
-6.159318 2.435437 153.982045
-6.981219 2.030501 154.365140
-6.578002 2.241952 154.483394
-6.508995 1.609703 151.880681
-6.465707 2.074826 151.751522
-6.482368 1.380377 152.121602
-6.038720 1.765209 152.197610
-7.104836 2.211111 153.157957
-7.415194 3.140121 153.684608
-6.897282 2.756633 155.156487
-7.824323 2.969613 156.670535
-8.123594 3.689141 156.739703
-8.203007 4.143334 156.174627
-6.769063 2.443506 156.316041
-6.792086 3.733350 156.165193
-6.513994 3.655455 153.939255
-7.391188 3.107931 155.722372
-6.652029 1.962823 155.188601
-6.161038 1.577319 151.882289
-7.386351 3.397462 157.180798
-6.926449 2.149329 154.132238
-6.712220 1.865245 153.161596
-7.315086 4.237126 155.033858
-7.199696 3.603268 153.769938
-7.126288 3.825286 154.295220
-7.116019 4.051518 155.288301
-7.359787 4.148076 156.184415
-7.187983 3.321602 156.772506
-6.931826 2.432472 156.479321
-7.577218 4.624786 154.464087
-8.107904 4.717516 155.333045
-7.740264 3.725897 153.978316
-7.676750 3.719746 154.974419
-7.221700 3.697226 154.693885
-8.208703 4.501381 155.332499
-7.837014 3.839034 155.163974
-7.575737 4.603251 156.329285
-7.823526 4.661403 156.441892
-7.980446 4.051658 156.976299
-7.600546 3.582840 155.926541
-6.988325 3.346509 155.485841
-7.736686 3.139377 157.146705
-7.342772 2.498712 156.738841
-6.800044 2.200734 155.565732
-7.249029 2.290932 156.089433
-6.913627 3.270006 154.564148
-6.822776 2.578483 154.951882
-6.715442 1.754588 153.514932
-6.718500 1.612336 152.989647
-6.517497 2.429934 153.542764
-7.396481 3.106022 152.350735
-7.167799 3.602242 153.121864
-7.327333 3.827355 153.047366
-6.700780 2.797834 152.753581
-7.699138 3.769617 153.399472
-6.788078 3.074868 153.829650
-7.142583 3.557082 154.250611
-7.560065 3.708648 152.806953
-7.921405 4.169872 153.712295
-5.036843 -5.378810 154.654606
-4.731428 -6.310226 157.490146
-5.111399 -5.684792 157.443251
-5.077605 -5.178251 156.426463
-5.110022 -4.944166 155.902736
-4.735853 -5.273859 156.044440
-3.806609 -6.185292 155.763163
-4.336982 -5.703576 155.389643
-3.904809 -6.886421 157.183955
-4.077663 -5.921485 155.984963
-4.325417 -6.371148 156.751273
-3.967820 -5.750382 156.030609
-3.583020 -6.388910 156.246685
-2.501174 -6.726974 156.392753
-3.259011 -6.642867 156.666298
-3.273095 -7.069389 157.040811
-1.395610 -5.847294 155.701872
-2.372332 -6.804562 156.631057
-1.700722 -6.317848 156.023044
-1.628760 -6.296330 155.771353
-1.264641 -6.626763 155.493526
-1.614108 -6.481400 155.362270
-2.488973 -6.517199 155.109554
-2.897792 -6.581591 155.428616
-0.915926 -7.869881 149.976354
-1.746381 -7.062967 150.048355
-2.104704 -6.519650 150.071906
-2.173390 -6.969024 149.865716
-1.592385 -7.498172 152.621661
-2.281156 11.134767 157.589610
-2.545716 4.752925 165.691992
-2.448506 2.243195 166.113986
-2.396273 0.488148 166.137515
-2.174687 -1.378845 165.920306
-2.978361 -5.884045 162.828726
-2.662725 -7.262795 159.435938
-3.153000 -7.526249 157.985073
-0.690028 -8.327938 154.649961
-1.454817 -8.419157 152.823214
-1.254446 -7.888912 153.330032
-0.708123 -9.519283 153.212893
-0.420516 -9.834808 153.176935
-0.060408 -9.867253 152.705936
-2.034030 -7.970109 157.590811
-2.123713 -7.923942 158.225171
-0.669337 -9.111082 152.343903
-0.408730 -8.596177 152.181034
0.941275 -7.984442 158.496406
-0.449582 -7.723291 159.400527
0.509423 -7.731086 159.381049
-0.582643 -6.525794 163.014846
-0.477915 -6.101044 163.618132
-0.862384 -5.428974 164.267780
-0.886357 -9.189231 152.562183
-0.470596 -7.963836 155.714808
-1.684495 -7.298472 160.624871
-2.107323 -6.819731 161.799968
-1.692663 -7.543049 159.510363
-1.946813 -6.025525 163.311432
-2.135004 -6.439195 162.572568
-1.207542 10.114538 161.675313
-1.157017 11.035377 159.671357
-1.083254 11.388798 157.648511
-1.280477 0.601599 166.396492
-1.207258 2.262607 166.390866
-1.199346 4.906311 165.954002
-1.271090 6.636127 165.231377
0.007346 6.688701 165.286318
-1.292589 8.342770 163.993560
-1.256975 9.295882 162.918951
-1.132452 -4.210809 165.118300
-1.147707 -3.295407 165.551887
-1.234051 -0.971508 166.222308
-0.483314 -8.047059 157.981920
-0.599990 -7.575814 156.331484
-0.226876 -7.801178 156.667623
-0.582256 -8.982938 152.371486
-0.963040 -8.359287 152.168404
-0.400436 -7.892104 157.179334
-0.377973 -8.841776 154.492810
0.006812 11.320963 156.047875
0.006676 10.367965 152.932891
0.032964 -5.787921 145.350625
-0.013233 8.515038 149.590224
0.007542 -2.187003 166.036512
0.006738 10.926675 154.388316
0.006996 11.092331 159.727310
0.006888 11.455242 157.648445
0.007482 2.381014 166.475028
0.007514 0.607801 166.487832
0.007190 9.305815 163.052940
-4.882356 -4.391864 161.914380
-5.970147 -2.334376 160.756987
-5.787343 -3.503625 158.855726
-5.595604 -4.204520 153.660456
-5.752684 -3.947401 157.485362
-5.622950 -4.398980 154.726666
-1.274805 -7.475444 154.593137
-0.898399 -7.069588 155.601658
-0.844333 -8.526843 154.003982
-5.321510 -2.004432 149.083245
-6.165525 -1.567696 159.271048
-6.559347 3.987299 160.617943
-5.937043 3.323173 162.835807
-5.368996 2.747779 164.015971
-4.374488 2.596776 164.994611
-3.482519 3.655863 165.472743
-2.517172 3.709444 165.914746
-1.198728 3.990850 166.163405
0.007440 4.087882 166.240352
-5.841480 3.513098 151.386221
-5.526326 1.802701 151.530547
-3.411612 2.345593 165.671523
-6.711442 3.238929 159.166030
-4.488757 5.354500 164.384476
-2.555240 5.654797 165.400696
-1.208361 5.804405 165.632698
0.007380 5.888497 165.673637
-5.404030 6.622404 162.674614
-4.455602 6.943973 163.602847
-3.539764 7.195588 164.107947
-2.547041 7.364241 164.506010
-1.286243 7.428937 164.742017
-5.812186 -0.345059 162.968164
-3.195853 -1.716169 165.465647
-4.332152 -1.409798 164.807249
-1.210786 -1.946435 166.006421
0.007542 -3.501393 165.561504
-6.270364 1.502583 162.035753
-6.159227 -0.490467 161.769087
-6.282250 6.904599 160.064616
-5.436495 7.515161 152.530452
-5.694586 7.893758 154.021080
-5.912543 8.093878 155.424582
-6.114690 8.067710 157.068912
-6.207551 7.752974 158.426581
-6.332440 5.663955 160.936267
-6.352676 3.953852 161.546774
-3.536494 10.042571 160.223888
-2.397550 10.471594 160.419818
-1.159318 10.718242 160.576764
0.007046 10.775098 160.644729
-4.377397 10.017948 158.278190
-3.441575 10.555498 158.422101
-2.341958 11.014029 158.599007
-1.123924 11.248664 158.723947
0.006945 11.304716 158.773902
-1.481744 -7.252550 146.078737
-0.809359 -6.540513 145.496505
-0.959890 -8.021367 146.749472
-1.005963 -8.995407 153.096241
-1.383525 -8.346301 152.159355
-3.296528 -6.591217 153.946066
-4.909242 -5.286057 153.217040
-5.462507 -4.198035 159.807567
-3.581851 -6.218910 161.513065
-3.459449 -6.886195 159.269501
-4.823378 -5.541914 158.883893
-5.695326 0.145578 150.955451
-3.812909 -3.824056 147.053585
-4.815798 -2.521344 148.004350
-4.751559 -3.202062 148.254566
-5.605709 -2.052026 150.962079
-5.771042 -0.551959 151.055549
-5.701358 -2.533929 161.816926
-5.720087 -3.222751 160.814552
-6.093727 -0.743658 152.621093
-6.366942 -0.454026 154.367955
-0.927123 -6.987487 156.130774
-2.288214 -7.008338 149.048220
-0.677598 -8.283775 151.853665
-1.708387 -7.752242 151.281016
0.160935 -8.115962 148.619927
-1.816607 -7.367812 153.684563
-4.287934 -5.341317 161.872782
-3.676466 -5.701467 162.332610
0.037274 -8.339505 149.830749
-1.432061 -7.815846 149.824319
-0.847668 -8.313752 149.552270
0.046259 -7.885284 149.951444
-6.935815 3.417625 154.971301
-6.489097 2.403074 154.457132
-6.722597 2.214004 154.823211
-7.297815 2.745449 156.436549
-7.130623 2.740235 156.238652
-5.818670 2.354709 153.993096
-6.425659 2.648909 153.996744
-6.428427 2.015965 153.672991
-7.069497 2.408317 153.582468
-6.686360 3.082260 154.332169
-7.586136 4.775909 155.324398
-7.551017 4.063456 157.017933
-7.139728 2.785996 156.973587
-6.178149 1.164764 152.789669
-7.426874 2.663002 156.139829
-8.054795 4.386855 154.753850
-7.849717 4.513333 154.146208
-7.372423 4.418218 154.296698
-7.631009 3.595659 154.079206
-6.938702 2.834743 152.035906
-6.521033 2.549588 151.991402
-6.335231 2.661608 152.857680
-6.146627 2.004304 151.926865
-8.011003 3.533914 156.655729
-8.176768 4.363928 156.552242
-7.838558 3.999073 155.935534
-7.007606 3.718935 156.137853
-5.996209 1.480690 152.090449
-3.463724 -6.283237 154.960128
-1.797628 -6.004084 155.704947
-2.261801 -6.336345 156.293914
-0.987996 -7.578078 156.756042
-3.865432 -6.359968 156.523073
-3.240525 -6.294488 156.367864
-0.454229 -9.465432 152.322274
-0.241965 -8.516687 151.814660
-1.110723 -7.054807 161.762920
-0.475970 -7.499234 160.637569
-1.370676 -8.030786 157.465087
-1.567301 -8.060861 158.177881
-5.382597 -3.819052 161.379920
-3.072794 -5.278199 155.698327
-3.472555 -5.242582 155.850039
-2.720836 -5.293427 155.635254
-2.408643 -5.266576 155.590662
-1.768224 -5.270698 155.678830
-1.330326 -5.333107 155.667006
-1.461572 -5.361699 155.741784
-1.660587 -5.243715 156.039918
-1.805156 -5.338166 156.271951
-1.848315 -5.354700 156.121661
-2.208089 -5.228623 156.544024
-2.658385 -5.216645 156.676234
-3.358505 -5.192524 156.637110
-3.526178 -5.254596 156.502605
-3.767915 -5.314655 156.427100
-3.653983 -5.259577 156.370572
-3.773344 -5.317871 156.143912
-3.789933 -5.228685 156.106710
-2.770684 -6.406940 155.483007
-2.600655 -6.309888 156.534754
-3.655116 -6.056229 156.445303
-2.055686 -6.216007 156.306823
-0.747146 -8.741150 152.924388
-0.189752 -8.757966 152.849675
-0.241997 -8.958546 152.279511
-0.111866 -7.913209 152.739272
-0.157496 -8.224588 152.469568
-0.267162 -7.812839 152.499026
-0.654880 -7.173500 153.002385
-0.876162 -7.733809 152.447644
-0.273778 -7.522482 152.946096
-0.846538 -7.674640 152.911871
-3.399667 -5.783340 156.618122
-0.969623 -8.410451 152.518462
0.025526 -7.455257 151.254280
-1.036845 -7.469038 150.781164
-1.214266 -7.154632 151.245502
-1.953487 -6.770397 151.067322
-2.237047 -6.420661 150.676186
-1.932442 -6.396756 149.368573
-1.521182 -6.973411 149.215430
-1.027882 -7.103044 149.002751
-0.874230 -7.389476 149.351444
0.074627 -7.705103 150.737929
-0.616148 -7.398975 151.276510
-0.442085 -7.649028 150.738645
-0.299972 -7.307320 148.913947
0.127430 -7.587991 149.318098
-2.391925 -5.706752 149.799861
-2.463066 -5.824865 150.924781
-2.726445 -4.727762 151.114460
-2.604070 -4.924152 149.771075
-2.831812 -3.879977 150.802878
-0.689474 -4.028822 148.003557
-1.080904 -4.081883 148.059059
-1.366929 -4.146142 148.225851
-1.831472 -3.659836 148.802042
-2.458080 -4.249299 149.435138
-2.090308 -3.173172 149.321179
-2.030201 -3.830559 152.224969
-2.477203 -3.743573 151.838626
-1.448628 -3.493427 152.519645
-1.181378 -3.983038 152.605733
-0.627921 -5.187748 152.515465
-1.353972 -5.043629 152.351087
-0.912842 -6.366815 152.058073
0.006938 -6.376157 152.173369
-1.304374 -3.007227 152.445460
-0.841707 -3.443707 152.656392
-0.234147 -2.924867 152.520569
-1.946082 -3.063170 152.143431
-2.404855 -3.094637 151.725303
-2.530623 -2.921360 151.164682
-2.754819 -3.810795 151.304791
-2.563222 -3.007304 150.736637
-2.596331 -3.405753 150.202170
-1.445043 -2.815838 148.510022
-1.090784 -2.823557 148.341730
-0.131288 -4.096463 152.730783
-2.106673 -4.838941 151.967666
-2.476248 -4.774307 151.615608
-2.212984 -4.908233 149.179123
-1.413948 -4.948282 148.305134
-1.010326 -4.985964 148.009447
-0.410049 -5.043980 147.906974
-2.117480 -5.994877 151.477895
-1.379042 -6.062237 148.648814
-1.013840 -6.342505 148.355132
-0.350731 -6.387697 148.118126
-0.833322 -7.714791 150.050169
-1.960976 -6.840426 149.806651
-1.234367 -7.403434 149.866080
0.039165 -5.089163 152.588224
-0.378821 -2.454900 148.495456
-1.619280 -2.218993 148.728802
-2.206281 -2.658950 151.513210
-1.696555 -2.413267 151.788813
-0.593831 -2.360695 152.176666
0.365578 -2.345124 152.186020
-0.201127 -2.020659 148.425874
-1.193091 -2.143419 148.243871
-1.479812 -1.766160 148.674086
-2.042102 -2.328774 150.657753
-0.667168 -1.789801 151.605811
-1.465290 -1.413032 149.352538
-1.288854 -1.525904 150.733737
-0.635291 -1.303323 150.920314
0.006659 -1.783753 148.133651
-1.176032 -1.858643 147.971462
-1.107450 -1.004708 149.388858
-0.417342 -0.812100 149.608214
0.006629 -1.734236 147.537315
-0.615816 -1.759766 147.551303
-1.089912 -1.844077 147.566012
-1.189730 -1.595288 147.605624
-1.170377 -1.207016 147.634851
-1.072734 -0.853675 147.612274
-0.853421 -0.645421 147.586958
-0.398294 -0.531232 147.560062
0.006607 -0.523108 147.541066
-5.492530 -3.206209 151.547431
-5.795689 2.464158 154.250540
-6.034783 2.185636 154.250197
0.964380 -7.831674 148.223821
2.278860 -6.387881 146.398550
1.771956 -6.420175 145.787160
0.896805 -6.560965 145.504760
1.371913 -7.787607 147.323716
1.243049 -7.700376 146.353076
0.877340 -7.550737 145.860537
1.405707 -7.049788 145.811195
0.007904 -8.197233 146.839629
0.651697 -8.188863 147.557290
0.741329 -8.108438 146.797612
2.956047 -6.930463 150.855212
1.573889 -8.344997 152.453022
6.993838 2.143681 152.548698
7.839909 4.390945 154.739150
7.957792 4.418011 155.998543
7.936415 4.106807 156.502384
7.637218 3.325392 156.914977
7.508746 3.523475 156.623847
1.540868 -7.507911 154.081689
1.256882 -7.877089 151.971985
2.071416 -6.901410 154.530104
3.047689 -6.437901 161.810612
2.756675 -6.942304 160.772998
4.178509 -6.288303 159.334185
4.250353 -5.783790 160.891995
2.214481 -5.147369 164.127108
3.227717 -5.336659 163.307390
3.187251 -4.762681 163.928237
4.113289 -4.797379 162.870364
4.769895 -3.286745 163.249361
5.939123 -3.454185 156.224506
5.585305 -4.237933 156.399113
5.376166 -4.800328 155.150948
1.652015 -7.361461 148.029678
3.288399 -5.817174 148.292702
3.619032 -6.152096 150.007333
5.277812 -4.838467 153.519253
6.117509 -1.917990 153.253041
6.301785 -2.014094 154.786989
6.073713 -3.176754 155.200420
5.945688 -3.143082 153.716687
4.695292 -4.640584 150.309361
3.275266 -3.665738 146.497514
2.494078 -4.489117 145.999882
2.870642 -6.883299 151.490198
3.808354 -6.177443 151.483733
4.298038 -5.643073 151.298761
3.177800 -6.727623 150.267947
4.582044 -4.139048 148.909259
2.332600 -6.630747 147.381987
3.486792 -5.301589 147.631188
2.896028 -5.449853 146.579793
2.717296 -5.119760 146.234160
1.630157 -7.439575 146.849545
3.808056 -4.531105 147.450114
5.222391 -2.695939 149.168948
1.372236 -3.529755 145.531088
3.007634 -2.081432 146.484762
1.715854 -5.574679 145.621628
1.471457 -5.055900 145.543929
0.676811 -3.436035 145.380320
4.562323 0.888314 148.076143
4.633614 0.378930 148.476678
0.523292 -8.674266 150.634596
1.628752 -7.917533 150.132565
1.185864 -8.185338 151.052300
0.670233 -8.411755 148.985687
0.984616 -7.952428 148.672776
2.621210 -7.021423 150.089637
1.641101 -7.519519 148.782193
2.019987 -7.593632 150.668066
1.881818 -7.909613 157.317508
4.417967 -5.965185 154.376434
3.264916 -7.446907 158.077628
6.765153 2.427039 156.917952
6.541636 1.341280 154.762904
6.729680 4.249073 159.041187
6.668655 5.979510 157.484383
6.639138 1.956538 159.153795
6.499277 1.933672 161.037668
5.917201 2.049938 163.049910
5.877097 0.858697 163.094026
6.348352 -0.005311 160.917651
6.475669 6.410087 159.531391
6.578722 1.151637 157.929851
1.030771 11.253156 156.043839
0.913615 10.840951 154.354279
0.790113 10.285739 152.890847
0.674462 9.739823 151.686514
0.531965 8.747294 150.196046
6.836901 3.188859 156.400277
2.576309 6.522529 165.017126
2.534458 8.285652 163.727278
2.493526 9.157054 162.666701
3.348270 -0.670834 165.657324
3.368317 0.994740 165.758232
3.555717 5.131136 165.107883
3.576071 6.356398 164.596955
3.535835 8.086743 163.376139
3.549357 8.859003 162.389598
4.280455 0.522401 165.150342
4.486871 4.220273 164.697697
4.502088 6.187810 164.052731
4.444071 7.755675 162.896976
4.477536 8.521427 161.975463
5.320711 0.659269 164.155822
5.445323 4.102430 163.742539
5.456084 5.592916 163.264620
5.370005 7.375923 161.994674
5.339468 8.261302 160.904360
5.977168 4.634655 162.510339
5.981366 6.046895 161.911481
5.967028 7.072564 160.996327
5.901265 7.714325 160.255913
6.454211 7.075933 158.362432
5.871383 8.322633 158.933390
5.305729 9.078590 159.072476
4.518473 9.711391 159.524994
4.489422 9.120626 161.008986
3.530887 10.316527 159.368166
3.563586 9.566524 161.276039
2.411254 10.799129 159.561188
2.422958 9.926272 161.483100
6.229443 0.667391 153.385140
5.309365 1.742059 150.822806
6.129837 5.811710 153.139597
6.444026 6.129627 155.063433
6.555921 5.114502 154.945930
6.382895 4.071253 153.059254
6.600031 6.236742 156.472751
6.048732 4.553544 152.050732
5.720653 5.477175 151.370583
2.169154 10.987864 155.992809
2.010008 10.571454 154.286262
1.818834 10.038549 152.819822
1.635444 9.525506 151.623483
1.424904 8.550706 150.092489
3.375820 10.689583 157.503393
3.256540 10.550103 155.916812
3.080978 10.166512 154.243277
2.882719 9.672314 152.745811
2.666908 9.189105 151.567480
4.303405 10.137363 157.370400
4.175824 10.023203 155.839850
4.033956 9.704244 154.195303
3.859575 9.208945 152.689837
3.612282 8.705129 151.361049
5.148177 9.489783 157.329734
4.972831 9.420567 155.728900
4.812298 9.096703 154.125355
4.597213 8.670812 152.674906
4.304790 8.237141 151.354257
5.752992 8.777667 157.215473
5.567373 8.756612 155.609959
5.355841 8.480723 154.048430
4.960198 7.909515 151.912732
6.411890 7.347637 156.979652
6.149993 7.308912 154.782780
5.662862 6.702267 152.155422
5.004348 1.156351 149.617467
5.218080 -1.250366 148.736207
4.993846 -0.439628 148.544344
5.416061 0.505682 150.151413
5.329622 -0.504990 163.937089
2.239811 -4.007802 164.911457
3.042910 -3.968511 164.545563
4.189763 -3.646144 163.817061
5.182465 -3.013851 162.707668
5.809328 -1.392012 162.419323
6.495459 0.200061 156.175143
6.296357 -1.996743 155.718551
6.149492 -2.118037 158.481441
6.225797 -2.093672 157.036045
5.991391 -3.118303 157.827872
5.376186 -1.704913 163.269386
4.735714 -2.279904 163.931835
4.206561 -2.431421 164.488179
3.641005 -3.358219 164.523184
3.002068 -2.894566 165.124468
2.301288 -3.195345 165.279316
4.400824 -0.702818 164.955475
5.053162 -4.675026 160.909298
5.070286 -3.448669 149.665086
4.575411 -5.132555 150.982208
4.337471 -2.210088 147.407391
4.873960 -1.456425 148.025716
3.876184 -0.959489 147.264204
4.308803 -0.294760 147.828744
6.212425 3.528081 152.384709
6.058633 2.638876 152.212425
6.622749 3.955709 154.832429
5.924172 0.941485 152.202628
5.202406 -4.983925 158.726658
4.779705 -5.645679 153.949934
2.556530 -7.816645 157.861943
4.155628 -6.870676 157.789622
0.710515 -8.227592 150.006069
0.917954 -8.508121 150.453399
0.000484 -8.705187 150.328314
-0.217390 -8.422929 149.667768
2.333577 -7.016782 149.557451
0.891742 -8.290751 149.574940
0.345590 -8.505762 149.425159
1.317082 -8.032830 149.168676
6.603783 1.520778 154.248051
6.173056 2.435658 153.981441
6.995010 2.030751 154.364457
6.591797 2.242187 154.482750
6.522558 1.609936 151.880043
6.479241 2.075058 151.750889
6.495962 1.380609 152.120967
6.052309 1.765425 152.197018
7.118503 2.211365 153.157261
7.428878 3.140386 153.683882
6.911124 2.756880 155.155811
7.838305 2.969893 156.669769
8.137558 3.689432 156.738908
8.216899 4.143628 156.173824
6.783029 2.443748 156.315378
6.805992 3.733593 156.164528
6.527685 3.655688 153.938617
7.405073 3.108196 155.721648
6.665903 1.963061 155.187949
6.174603 1.577539 151.881686
7.400368 3.397726 157.180074
6.940212 2.149577 154.131559
6.725899 1.865486 153.160938
7.328864 4.237388 155.033141
7.213373 3.603525 153.769233
7.140008 3.825541 154.294522
7.129828 4.051773 155.287604
7.373680 4.148339 156.183694
7.201964 3.321859 156.771802
6.945809 2.432720 156.478642
7.590926 4.625057 154.463345
8.121694 4.717806 155.332251
7.753956 3.726174 153.977558
7.690540 3.720020 154.973667
7.235463 3.697485 154.693178
8.222500 4.501675 155.331695
7.850819 3.839315 155.163206
7.589628 4.603522 156.328543
7.837426 4.661683 156.441125
7.994420 4.051944 156.975518
7.614434 3.583112 155.925796
7.002178 3.346759 155.485156
7.750709 3.139654 157.145948
7.356778 2.498975 156.738122
6.813946 2.200977 155.565066
7.262980 2.291192 156.088723
6.927393 3.270253 154.563471
6.836605 2.578727 154.951214
6.729159 1.754828 153.514275
6.732171 1.612577 152.988989
6.531193 2.430167 153.542126
7.410036 3.106286 152.350010
7.181412 3.602499 153.121162
7.340930 3.827617 153.046648
6.714385 2.798074 152.752924
7.712772 3.769893 153.398718
6.801779 3.075111 153.828985
7.156308 3.557338 154.249912
7.573643 3.708918 152.806213
7.935055 4.170156 153.711519
5.050927 -5.378630 154.654112
4.745823 -6.310056 157.489683
5.125767 -5.684609 157.442750
5.091856 -5.178069 156.425966
5.124212 -4.943983 155.902235
4.750069 -5.273690 156.043976
3.820831 -6.185156 155.762790
4.351149 -5.703420 155.389218
3.919195 -6.886282 157.183572
4.091897 -5.921338 155.984563
4.339742 -6.370993 156.750849
3.982052 -5.750240 156.030220
3.597296 -6.388782 156.246333
2.515476 -6.726884 156.392507
3.273337 -6.642751 156.665978
3.287473 -7.069272 157.040490
1.409814 -5.847244 155.701735
2.386660 -6.804477 156.630824
1.714973 -6.317787 156.022877
1.642986 -6.296272 155.771193
1.278852 -6.626718 155.493402
1.628301 -6.481342 155.362111
2.503142 -6.517110 155.109310
2.911995 -6.581487 155.428332
0.843660 -7.733342 149.996405
0.961399 -7.886977 149.971992
1.760075 -7.062904 150.048184
2.118381 -6.519575 150.071699
2.187062 -6.968946 149.865503
1.340364 -7.350435 149.861516
0.057547 -7.717596 149.848206
-0.009400 -7.870462 149.963182
1.606346 -7.498115 152.621505
2.294937 11.134849 157.589386
2.560518 4.753016 165.691742
2.463439 2.243283 166.113745
2.411270 0.488234 166.137280
2.189731 -1.378767 165.920092
2.871138 -5.884704 162.937399
0.704217 -8.327913 154.649893
1.468831 -8.419105 152.823071
1.268490 -7.888867 153.329909
0.636837 -9.693606 153.134037
0.354567 -9.844124 153.245849
0.596782 -9.009939 152.327990
0.149636 -9.068040 152.014735
0.305692 -7.548970 160.437849
1.153906 -6.037435 163.596547
0.686946 -5.426410 164.290235
0.392050 -7.828799 156.085866
0.600612 -7.633725 155.873394
2.122158 -6.819655 161.799761
0.407134 -7.139193 161.732944
1.723909 -7.531849 159.513034
0.979713 -6.597351 162.798455
2.148163 -6.436393 162.581868
1.221759 10.114581 161.675194
1.171005 11.035419 159.671243
1.097031 11.388837 157.648405
1.295496 0.601646 166.396366
1.222217 2.262651 166.390748
1.214168 4.906354 165.953884
1.285779 6.636172 165.231252
1.307097 8.342816 163.993433
1.271343 9.295927 162.918827
1.147519 -4.210769 165.118188
1.162783 -3.295366 165.551774
1.249109 -0.971464 166.222186
1.930519 -7.983670 158.269160
0.457286 -8.560205 152.186174
0.976987 -8.359253 152.168309
0.561540 -7.710962 156.741844
4.897115 -4.391689 161.913902
5.984719 -2.334163 160.756402
5.801771 -3.503418 158.855159
5.609549 -4.204320 153.659907
5.766994 -3.947195 157.484798
5.637006 -4.398779 154.726115
1.288958 -7.475398 154.593012
0.912636 -7.069555 155.601570
0.858466 -8.526813 154.003899
5.334928 -2.004242 149.082724
6.179924 -1.567475 159.270444
6.725659 3.239169 159.165373
6.573680 3.987533 160.617301
5.951616 3.323385 162.835226
5.383706 2.747971 164.015445
4.389298 2.596932 164.994183
3.497338 3.655988 165.472401
2.532033 3.709534 165.914499
1.213603 3.990893 166.163287
5.854926 3.513307 151.385649
5.539847 1.802899 151.530005
3.426498 2.345716 165.671188
4.503409 5.354661 164.384036
2.569981 5.654889 165.400445
1.223120 5.804449 165.632579
5.418470 6.622598 162.674084
4.470121 6.944132 163.602410
3.554324 7.195715 164.107600
2.561634 7.364332 164.505760
1.300856 7.428983 164.741890
5.826903 -0.344851 162.967595
3.210864 -1.716055 165.465334
4.347088 -1.409643 164.806824
1.225858 -1.946391 166.006302
6.284924 1.502807 162.035139
6.173833 -0.490246 161.768484
6.296424 6.904824 160.064001
5.449910 7.515356 152.529920
5.708134 7.893962 154.020522
5.926221 8.094089 155.424002
6.128530 8.067929 157.068313
6.221535 7.753196 158.425973
6.346744 5.664182 160.935647
6.367101 3.954079 161.546151
3.550572 10.042698 160.223542
2.411631 10.471680 160.419583
1.173406 10.718283 160.576650
4.391285 10.018105 158.277761
3.455458 10.555621 158.421764
2.355842 11.014113 158.598777
1.137812 11.248705 158.723836
0.255172 -7.997896 148.278430
1.020024 -8.995370 153.096142
1.095239 -8.894053 152.386543
1.397471 -8.346251 152.159219
3.310586 -6.591099 153.945742
4.923182 -5.285881 153.216559
2.103225 -3.120618 145.866667
0.738863 -5.313247 145.399751
5.477053 -4.197840 159.807032
3.596636 -6.218782 161.512713
2.604288 -7.296278 159.432635
3.474038 -6.886071 159.269162
4.837882 -5.541741 158.883421
5.708851 0.145782 150.954893
3.826193 -3.823919 147.053211
4.829129 -2.521172 148.003878
4.764939 -3.201892 148.254100
5.619313 -2.051825 150.961530
5.784601 -0.551752 151.054984
5.716041 -2.533725 161.816367
5.734697 -3.222546 160.813991
6.107446 -0.743439 152.620496
6.380822 -0.453798 154.367332
0.941409 -6.987454 156.130682
0.822076 -7.470087 156.521789
2.301808 -7.008256 149.047996
0.543599 -8.475853 151.127584
1.830667 -7.367747 153.684385
4.302723 -5.341163 161.872361
3.691313 -5.701335 162.332249
2.028219 -6.127967 163.125885
1.445759 -7.815794 149.824178
6.949615 3.417873 154.970621
6.502884 2.403306 154.456496
6.736426 2.214244 154.822552
7.311783 2.745710 156.435835
7.144571 2.740491 156.237954
5.832413 2.354918 153.992526
6.439392 2.649139 153.996115
6.442150 2.016195 153.672361
7.083197 2.408570 153.581776
6.700110 3.082499 154.331514
7.599923 4.776181 155.323655
7.564995 4.063726 157.017193
7.153747 2.786252 156.972888
6.191817 1.164985 152.789064
7.440816 2.663268 156.139102
8.068539 4.387144 154.753061
7.863397 4.513614 154.145439
7.386122 4.418482 154.295976
7.644716 3.595933 154.078458
6.952236 2.834991 152.035226
6.534573 2.549821 151.990763
6.348852 2.661835 152.857059
6.160180 2.004524 151.926263
8.024964 3.534201 156.654944
8.190689 4.364221 156.551441
7.852432 3.999353 155.934767
7.021510 3.719185 156.137166
6.009797 1.480904 152.089861
3.477870 -6.283113 154.959788
1.811837 -6.004019 155.704770
2.276079 -6.336264 156.293692
1.148228 -7.562848 156.796523
3.879734 -6.359830 156.522694
3.254810 -6.294372 156.367546
-0.056450 -9.526844 152.262583
0.492839 -9.506917 152.394254
-0.079955 -7.998698 156.034437
0.216931 -8.589906 151.864231
0.200700 -8.564247 155.119549
1.433795 -7.317393 160.801105
5.397283 -3.818860 161.379393
3.086977 -5.278089 155.698026
3.486751 -5.242458 155.849699
2.735013 -5.293330 155.634988
2.422815 -5.266490 155.590425
1.782405 -5.270635 155.678656
1.344507 -5.333059 155.666875
1.475761 -5.361647 155.741640
1.674801 -5.243655 156.039755
1.819396 -5.338101 156.271773
1.862542 -5.354634 156.121480
2.222353 -5.228543 156.543807
2.672662 -5.216550 156.675973
3.372777 -5.192404 156.636781
3.540438 -5.254470 156.502259
3.782171 -5.314520 156.426730
3.668231 -5.259446 156.370214
3.787572 -5.317736 156.143542
3.804153 -5.228549 156.106338
2.784886 -6.406841 155.482736
2.614956 -6.309795 156.534499
3.669399 -6.056098 156.444945
2.069962 -6.215933 156.306621
0.761237 -8.740658 152.924635
0.200386 -8.768721 152.867701
0.255976 -8.958537 152.279486
0.125853 -7.913205 152.739261
0.171468 -8.224582 152.469552
0.281123 -7.812829 152.498999
0.890114 -7.733777 152.447558
0.205826 -8.105796 152.867854
0.615646 -7.142179 153.021901
0.861108 -7.668840 152.909146
3.413958 -5.783218 156.617789
0.983607 -8.410416 152.518366
1.050625 -7.469001 150.781062
1.228080 -7.154588 151.245383
1.967270 -6.770327 151.067130
2.250779 -6.420581 150.675967
1.946045 -6.396687 149.368383
1.536832 -6.932411 149.191901
1.416584 -7.185984 149.405678
1.041475 -7.103007 149.002650
0.670162 -7.382674 151.286411
0.612226 -7.624982 150.758615
0.293997 -7.313254 148.917355
2.405546 -5.706666 149.799626
2.476801 -5.824777 150.924539
2.740159 -4.727664 151.114192
2.617660 -4.924058 149.770819
2.845465 -3.879876 150.802601
0.350105 -3.882128 148.052826
1.007690 -4.089120 148.010890
1.084044 -2.840668 148.341123
1.380340 -4.146093 148.225716
1.844922 -3.659771 148.801862
2.471613 -4.249211 149.434897
2.103791 -3.173097 149.320974
2.043992 -3.830486 152.224770
2.490953 -3.743484 151.838383
1.409815 -3.673263 152.563138
0.763581 -5.143081 152.504122
1.367819 -5.043580 152.350954
0.926707 -6.366782 152.057983
0.850815 -2.964690 152.517623
0.834989 -3.451474 152.658936
1.746381 -3.027046 152.275176
2.418571 -3.094550 151.725067
2.544278 -2.921270 151.164434
2.768519 -3.810697 151.304521
2.576838 -3.007212 150.736385
2.609909 -3.405660 150.201915
1.458434 -2.815786 148.509880
0.246389 -2.532082 148.521146
0.859548 -4.066334 152.666800
2.120475 -4.838866 151.967459
2.490014 -4.774218 151.615365
2.226515 -4.908154 149.178905
1.427395 -4.948232 148.304995
1.023746 -4.985928 148.009348
0.473433 -5.033442 147.904105
2.131276 -5.994801 151.477687
1.392563 -6.062187 148.648678
1.027342 -6.342468 148.355032
0.346533 -6.388676 148.120214
1.974638 -6.840356 149.806459
1.632672 -2.218935 148.728643
2.219961 -2.658871 151.512993
1.784142 -2.420108 151.723708
1.166428 -2.463487 152.104766
0.344415 -2.047410 148.413152
1.206433 -2.143377 148.243754
1.493182 -1.766107 148.673940
2.055686 -2.328700 150.657552
0.633531 -1.802209 151.642629
1.478714 -1.412979 149.352394
1.302417 -1.525858 150.733610
0.816668 -1.357722 150.904884
0.216880 -1.256982 150.951831
1.189336 -1.858600 147.971347
1.120862 -1.004668 149.388749
0.227011 -0.773837 149.638764
0.629075 -1.759744 147.551242
1.103176 -1.844038 147.565905
1.202989 -1.595245 147.605507
1.183625 -1.206974 147.634735
1.085967 -0.853637 147.612169
0.866645 -0.645390 147.586874
0.411511 -0.531218 147.560022
1.531754 -8.093701 157.796611
1.274957 -8.022950 157.446425
5.506233 -3.206013 151.546893
5.809453 2.464365 154.249973
6.048557 2.185852 154.249606
0.007077 -9.419653 153.887670
0.007413 4.968619 166.016942
0.007309 7.478955 164.816983
0.007114 10.162404 161.800292
-18.417423 4.713864 130.698866
-13.314801 13.016483 131.803841
-13.945018 12.710796 131.104939
-11.850958 13.691177 128.839907
-13.142722 13.135398 128.850296
-11.952041 13.676263 127.833286
-12.054688 13.264122 125.475479
-12.987483 12.910186 126.523991
-12.522898 12.631589 124.575289
-11.914566 12.833393 124.151909
-10.743338 13.524464 124.595032
-10.849879 13.990490 126.803778
-10.810115 13.807197 125.705391
-9.737804 13.975197 125.151734
-18.343004 12.004385 134.254212
-18.195115 11.685519 132.587440
-18.714467 11.261431 131.759602
-18.467532 2.326976 133.157580
-17.759592 2.451815 132.730767
-17.918446 2.866709 132.403510
-17.323213 1.662923 133.647363
-17.621462 2.040699 133.159215
-15.895083 1.032505 134.139780
-17.859904 1.638128 134.612451
-15.614734 1.101513 134.842488
-16.218099 1.179923 133.370523
-18.805070 2.014874 133.989137
-19.248384 2.497603 133.121970
-17.717665 4.573638 130.816230
-17.884714 3.722960 131.728944
-16.595559 3.516316 131.675588
-16.747616 3.823697 131.213810
-15.504654 3.179711 130.805737
-16.034037 1.225077 132.493799
-15.397007 0.732733 132.080718
-15.641035 1.419746 131.605404
-16.275361 1.873196 132.043511
-15.672372 2.102810 131.342165
-16.366945 2.479683 131.839029
-15.586455 2.574178 131.180000
-15.468566 3.912194 130.147911
-16.157570 4.322134 130.334760
-15.624327 5.057531 128.853615
-16.516656 5.281267 129.509410
-18.071959 6.239594 129.521043
-18.523088 7.649332 129.009641
-12.388125 -2.818566 129.962775
-10.871568 -3.764118 130.171637
-18.688541 8.425795 129.013139
-17.788607 8.309928 128.857833
-17.643260 7.488689 128.861901
-17.284074 6.249461 129.210521
-17.676534 5.654366 129.886898
-16.762582 4.513698 130.496251
-17.874743 9.032155 129.043978
-18.449819 3.979756 131.479771
-16.990136 8.228207 128.170766
-16.826955 7.401653 128.245969
-16.629796 6.369622 128.563108
-12.819475 3.097158 138.303077
-12.840361 2.281379 137.481706
-13.011258 1.670366 136.841994
-12.964764 1.171009 136.131941
-12.868927 0.344691 135.082009
-14.019571 0.543520 134.821306
-15.437256 6.589250 124.083739
-14.501442 4.714085 124.136419
-14.176806 2.943051 138.351762
-14.118654 2.425405 137.817895
-11.519593 3.389057 138.289307
-12.256256 1.649235 136.760220
-12.846651 12.002868 123.709109
-13.716538 11.557234 124.441515
-13.953575 3.525773 124.455330
-15.237159 5.999127 125.144394
-14.524544 4.605832 125.723035
-15.421358 5.780243 127.318024
-15.889681 5.956682 128.100152
-15.793201 7.038100 125.589988
-16.045536 7.190252 126.611352
-16.369315 7.328911 127.549691
-15.148627 7.364655 121.927490
-15.493888 7.712671 123.433424
-15.960454 8.074954 125.319318
-16.525948 8.189172 127.333742
-14.685284 9.009010 121.898121
-15.085665 9.067218 123.331678
-15.723024 9.020111 124.998351
-16.114021 8.984665 126.153188
-16.575224 8.979103 127.506347
-13.855072 10.355143 122.322969
-14.379713 10.468527 123.549434
-15.412211 9.892797 125.237245
-16.093289 9.659054 126.792916
-16.448771 9.612575 127.840338
-14.464628 11.306491 125.795868
-15.731340 10.269884 127.248947
-16.832863 9.761647 128.852282
-14.628761 11.951455 128.183810
-15.926529 10.826086 129.171569
-16.678771 10.613659 129.980962
-17.680022 10.558134 130.546223
-17.820708 9.841753 129.629037
-18.789831 10.704628 130.823360
-18.835579 10.025092 129.957176
-14.177026 12.610676 130.166078
-15.488105 11.640209 130.663951
-16.150122 11.501781 131.534336
-17.410778 11.245327 131.653499
-15.354641 9.942293 138.531622
-17.207848 10.317505 138.333273
-15.424066 10.681509 137.905550
-14.681523 11.330567 137.202768
-14.487091 10.259018 138.366596
-13.634688 11.394081 137.457988
-12.083996 12.076774 137.284596
-12.216398 11.426310 137.994080
-15.041279 12.240469 134.000518
-16.056929 12.145806 134.870836
-16.966120 11.850388 132.883357
-15.986811 11.831635 132.441601
-15.329709 11.917189 131.507208
-15.235107 12.040482 132.144489
-14.407349 12.457740 132.081504
-13.169164 13.008238 132.907083
-14.923198 12.295248 133.319107
-13.120062 12.899374 134.320602
-11.983055 13.186428 135.001211
-14.821015 12.240212 134.924183
-17.537096 11.922612 135.507274
-12.260740 12.849940 135.837426
-13.912671 12.331649 135.794673
-14.913729 12.031625 135.907619
-15.962840 11.728795 136.346986
-17.778795 11.608720 136.352214
-18.772375 11.542052 136.225228
-12.388728 12.418734 136.649031
-13.775869 11.911367 136.645066
-15.791268 11.340780 137.038375
-17.563359 11.169347 137.278654
-18.748308 11.126235 137.206352
-18.375344 10.071162 138.359498
-18.006836 9.705101 138.624487
-19.482879 8.774098 138.670558
-17.647563 8.497287 139.160167
-19.323096 7.492707 139.033912
-19.026575 5.291495 139.100734
-17.263265 7.211515 139.540301
-17.552943 5.195910 139.453690
-16.394292 5.096651 139.638736
-15.559105 7.028455 139.770338
-15.146415 5.023170 139.707717
-14.649956 6.921260 139.817345
-13.912728 4.989440 139.673562
-15.085057 8.092677 139.485825
-14.072865 8.008665 139.635019
-16.667178 9.455650 138.880565
-15.201445 9.156740 139.006595
-14.322004 9.132329 139.154623
-18.824194 9.323050 129.297066
-17.070871 9.009392 128.362684
-11.480727 0.467641 135.753008
-10.501192 -0.954617 134.795263
-12.187215 0.830524 135.921672
-13.248952 -0.132049 134.187454
-14.795137 0.927581 135.042770
-11.310840 -1.341682 133.897260
-13.876678 -0.182179 133.540186
-15.101082 1.867448 130.689945
-15.115353 1.012017 131.097273
-14.842012 0.214471 131.594606
-14.814240 0.201092 132.839081
-14.052963 -0.489333 132.335990
-18.476598 1.800560 135.608644
-19.241702 2.294801 136.644587
-17.336614 2.049298 137.042903
-19.056347 2.847133 137.584808
-17.566104 2.773383 138.016249
-16.874171 2.548276 137.882727
-16.729555 1.473444 135.638376
-13.419074 -1.405740 131.375913
-13.744232 -1.291441 130.104382
-14.515159 0.207627 130.291027
-14.244592 0.543583 129.265486
-14.983072 2.747649 130.326615
-14.146431 2.244563 128.435976
-14.870473 3.439583 129.689233
-14.091641 2.733749 127.836083
-14.907488 4.154153 128.796065
-14.240122 3.526473 127.303935
-12.910912 -2.421341 129.052080
-13.417016 -1.651588 128.551727
-13.763850 -0.618914 128.284464
-13.858198 0.231426 128.049830
-13.691289 1.258160 126.780126
-13.880042 2.589279 126.530508
-13.794816 2.771753 125.362032
-12.032425 -3.678886 127.751028
-12.629489 -2.897726 127.414435
-12.931590 -2.221890 126.869642
-13.144403 -1.448303 126.519751
-13.770458 3.703019 138.942234
-15.239450 3.930471 139.170572
-16.350827 4.314987 139.383961
-17.489560 4.416077 139.228984
-15.468715 2.800647 138.283424
-16.689699 3.193400 138.546716
-18.567809 3.409222 138.316711
-15.635500 2.090853 137.386493
-12.401696 -1.373658 132.857283
-12.352187 -2.420329 131.016389
-11.053570 -2.948241 131.557182
-15.499908 1.292687 135.527944
-14.204692 1.589993 136.612689
-14.425327 1.238831 135.783721
-15.245095 1.520027 136.278109
-12.208110 3.657050 138.732813
-11.535598 1.784241 136.842800
-11.270991 3.707077 138.621707
-11.988068 12.250119 122.939720
-10.950694 14.102729 128.637767
-11.181124 14.045193 130.344049
-11.420421 13.629384 133.713236
-11.104179 14.041134 131.368376
-8.341372 14.811345 131.195685
-9.736806 14.531247 131.522442
-9.693808 14.598843 129.739706
-8.500302 14.871524 129.526514
-9.810676 14.487621 128.141367
-8.694893 14.778036 128.308079
-8.841087 14.607692 127.106830
-7.945779 14.716829 126.859508
-7.044269 14.931174 128.869062
-7.785153 14.907691 128.257986
-7.608715 14.958833 129.329372
-6.902334 14.854185 131.977548
-6.393289 14.807769 131.909071
-5.596383 14.729414 130.458746
-9.488014 -0.259339 135.701526
-9.035431 -1.320686 134.915901
-8.748227 -2.127078 134.129744
-10.038192 -1.877220 133.926249
-9.644314 -3.808753 131.175522
-6.211648 -2.514313 134.352792
-7.315531 -2.419065 134.217200
-8.596108 -2.902766 133.072382
-8.477405 -0.313346 135.967474
-10.163774 2.208674 137.547411
-11.021925 2.061134 137.127508
-9.601131 1.379368 137.023032
-8.580537 1.417081 137.653523
-8.030940 1.604413 137.993477
-9.865642 3.558005 138.569602
-10.631139 3.132791 138.224442
-9.664560 11.955601 138.330507
-8.414613 14.656338 132.422641
-9.679667 14.296980 133.150316
-9.322486 14.006753 134.825553
-8.291588 13.945883 135.417918
-9.485902 13.689623 135.698134
-8.040678 13.597862 136.419364
-9.504517 13.258541 136.586560
-8.285975 13.078057 137.376845
-9.517051 12.732214 137.432998
-6.691356 13.706740 136.353836
-7.218600 14.238576 134.931888
-7.954956 14.507904 133.713268
-5.817352 14.048269 135.439940
-6.064351 13.603690 136.678412
-6.429597 13.156183 137.689861
-5.417536 14.334557 134.174474
-7.551553 14.783052 132.322773
-6.778857 14.644193 133.501234
-6.090294 14.673105 133.004745
-6.072588 14.431045 134.139226
-5.613633 14.586155 132.850109
-7.287377 12.850534 138.089103
-7.572506 13.249098 137.199707
-5.671824 14.682637 131.863161
-7.754721 -1.615520 135.090725
-4.434206 -1.858432 135.819114
-6.281821 -1.775460 135.350076
-5.680989 -1.452192 135.977095
-5.578731 -0.890965 136.921242
-4.403788 -1.375977 136.707366
-3.234211 -1.418396 137.006656
-4.327241 -1.062176 137.200481
-6.637944 -0.228869 137.114942
-7.225304 -0.196064 136.679877
-8.213076 0.570221 136.896388
-7.404336 -1.010031 135.787075
-5.879965 0.042751 137.696597
-4.091677 -0.739053 137.539002
-13.431598 11.054821 122.842998
-15.452610 10.968309 128.006082
-14.732524 11.498575 126.886511
-13.406319 12.295300 125.393957
-11.956293 13.573104 126.762902
-14.423276 12.376585 129.437849
-12.834473 13.233954 127.713371
-14.085251 3.435507 126.088824
-14.948594 5.247559 126.559209
-14.443278 3.656235 128.280706
-13.635690 12.592390 127.187341
-15.337734 10.530328 126.456567
-15.673874 9.745167 125.930553
-14.950579 10.114968 124.453876
-15.471369 9.070381 124.201022
-9.675777 14.338157 126.873675
-18.519768 10.746735 137.782442
-17.036102 10.815489 137.799528
-16.867611 12.055901 133.774120
-19.409275 11.746325 132.884444
-15.928858 12.041564 133.162838
-13.773350 5.902468 139.863229
-15.318493 5.981452 139.818563
-16.540262 6.055356 139.709574
-17.646993 6.162337 139.514524
-19.909104 6.328595 138.926960
-13.680734 4.203553 139.285260
-15.142515 4.367162 139.464747
-18.980501 4.621195 138.927113
-17.379926 3.654494 138.722122
-9.211037 2.262030 138.002009
-14.076352 0.089746 128.888567
-13.964771 -0.732001 129.374921
-6.440204 -0.775200 136.465368
-12.314093 -1.888322 132.072098
-14.461535 2.898964 129.145111
-14.557231 2.176782 129.697474
-14.697949 1.379237 130.139814
-14.381654 -0.351502 131.032489
-16.119365 3.277629 131.458644
-17.157331 3.629436 131.639309
-17.204345 3.241210 131.907223
-17.039657 2.362321 132.291376
-16.689876 1.648261 132.814866
-16.841467 1.386277 134.173855
-16.531502 1.703102 136.515010
-18.400986 1.902220 136.224316
-17.980636 1.663836 135.071808
-13.416278 1.125635 125.312352
-13.472490 -0.639582 127.069401
-13.420336 -1.348903 127.696384
-5.850552 -0.430441 137.352400
-16.096787 6.587694 127.788919
-17.483264 6.945794 128.946814
-18.400641 7.088908 129.167663
-21.540434 7.608855 138.217632
-21.751900 5.670410 138.163377
-22.234428 4.491629 137.469837
-20.955536 2.767147 136.469703
-21.656881 2.453339 133.992285
-20.226030 2.509030 133.203025
-21.265245 2.573064 133.265220
-19.623615 2.142406 134.039066
-20.249598 2.140259 135.289799
-20.733939 3.600485 137.580904
-20.968366 4.439165 138.042176
-20.516257 5.474148 138.638649
-20.452969 7.552102 138.662430
-20.490119 4.388146 130.519706
-21.902770 4.764185 129.903971
-21.257687 5.901618 129.303228
-24.383579 5.018978 129.135713
-23.728282 5.968255 137.176863
-26.298960 6.460784 136.182875
-26.821787 7.733735 135.755384
-24.113061 7.622611 136.915198
-25.780283 5.015212 136.105327
-25.232652 4.292368 135.890813
-24.605792 3.344700 135.143791
-23.860856 2.797467 134.025446
-19.475941 2.768555 132.733656
-24.044351 4.196299 136.236685
-23.681873 3.310100 135.401541
-22.963630 2.727639 134.298699
-22.458861 3.773893 136.855611
-20.227399 6.096767 129.378469
-21.697767 3.729597 130.832259
-24.166621 2.751009 132.980061
-22.966364 2.780220 133.017014
-23.547747 2.929446 132.028889
-24.257797 3.183589 131.115471
-24.029935 3.562825 130.523299
-25.157494 4.160635 129.578508
-21.449265 3.411745 131.320794
-20.963466 3.032837 132.302665
-21.603274 2.882090 132.563751
-20.385674 3.312867 131.899686
-22.329094 2.647582 133.560215
-19.443235 3.208502 132.229605
-24.034737 4.869468 136.664549
-24.697901 6.090439 128.293805
-23.275081 5.786113 128.835568
-21.511049 6.552239 138.319432
-23.728173 6.752492 137.213765
-26.416272 7.039381 136.097158
-21.037329 4.900949 138.268520
-22.135816 5.059450 137.810802
-23.910867 5.342311 136.932401
-25.886958 5.697959 136.248755
-19.088041 4.034557 138.504607
-24.335203 3.033826 134.674959
-23.407862 3.018377 134.961922
-20.279671 2.304584 135.939244
-21.665728 2.429251 134.429376
-19.704589 2.013300 134.748395
-25.016914 3.802014 135.590069
-23.735319 3.614528 135.849801
-21.925094 3.274125 136.624795
-20.171865 3.015190 137.278713
-23.420550 6.401470 128.410758
-21.200779 6.681419 128.890038
-26.842620 4.747824 128.833940
-26.434663 5.297010 128.601725
-26.170383 6.182693 128.040589
-27.390308 3.380046 129.892632
-26.752943 2.685557 131.711379
-25.599567 2.630396 132.870114
-26.822901 2.728380 133.746035
-26.767219 3.191503 134.684052
-18.915009 6.222448 129.496527
-19.719178 9.949416 138.089788
-19.073354 7.022158 129.169495
-20.807323 11.374171 131.906099
-20.440486 11.662590 132.815760
-22.150136 11.460074 132.512624
-20.600405 11.551697 134.695317
-21.086305 11.186585 135.506118
-21.256677 10.743568 136.405758
-20.912305 9.748817 137.701616
-22.879851 9.469681 136.816669
-20.823392 8.766555 138.237066
-23.526470 8.569318 136.944970
-19.684136 11.026652 136.921397
-19.708612 11.419267 135.907278
-20.736238 11.648165 133.666930
-28.813995 5.443467 128.217298
-29.770229 4.729147 128.377768
-25.652124 8.197872 136.033657
-25.904294 9.449376 135.122591
-24.964587 9.595361 135.485644
-25.200331 10.865150 133.093285
-22.370674 11.331030 133.405379
-24.012264 11.253980 132.414407
-24.115717 11.312341 131.692829
-22.874542 11.330996 131.821811
-24.658632 11.135410 130.637240
-23.097867 11.055493 130.869522
-22.594798 10.475663 129.894973
-22.668304 9.814905 128.969011
-27.234691 4.425978 135.513833
-22.964155 10.659885 135.237539
-20.585680 8.961454 128.817048
-22.298007 9.053021 128.434507
-20.965627 7.827109 128.557954
-27.225374 2.592420 132.557995
-30.534797 2.857990 130.341076
-30.496099 2.597901 131.590777
-27.580938 2.934627 130.728666
-23.601166 7.684818 127.898263
-21.890505 10.985407 130.962500
-25.457534 11.261362 131.521835
-22.538325 10.354113 136.119186
-23.857799 9.987464 135.749617
-20.786844 9.747333 129.331085
-20.352998 10.292906 130.085022
-20.012782 10.857709 130.987208
-27.720839 9.891994 128.061626
-27.212316 9.000701 127.553534
-24.510273 9.037547 127.958165
-24.762785 9.893252 128.542071
-28.752233 7.314271 127.360981
-25.277740 7.472325 127.607148
-27.581393 4.041207 129.163943
-28.007063 11.205540 131.219259
-27.837254 11.102661 130.145715
-24.899245 10.613919 129.427931
-28.577111 10.589385 128.855938
-27.863982 10.896720 132.688469
-26.890296 9.200752 135.009092
-30.018165 11.047291 130.891446
-30.201512 10.965305 129.764458
-30.122233 10.566313 128.584096
-31.551286 9.503565 134.023518
-30.305685 10.605535 133.026775
-30.216187 10.864812 132.303451
-29.132150 3.412369 129.544693
-29.910822 4.003866 128.796707
-31.049374 7.137590 127.174963
-30.643855 9.780047 127.648519
-30.818997 8.778372 127.143056
-31.153207 2.706491 132.893573
-31.319378 3.257766 133.896044
-28.494979 5.480841 135.615356
-31.369753 4.646337 134.712737
-40.350728 3.633293 130.310807
-40.445101 3.633640 131.012936
-40.415285 9.290777 130.986070
-40.821775 8.550327 132.611979
-40.733869 9.716099 129.713254
-39.073926 9.520260 130.285908
-39.883671 9.677420 128.992411
-39.919312 9.590825 128.287375
-39.153302 9.431921 128.384224
-39.372027 9.138618 127.674409
-39.899565 8.707054 127.161809
-39.394301 8.270043 126.898651
-38.929763 7.303056 126.530240
-39.948261 5.947644 126.276116
-39.319048 4.804007 126.769754
-39.286113 4.002815 127.381515
-39.629983 3.512442 129.270363
-40.334524 3.468948 128.308052
-38.573076 3.639066 128.307229
-40.363086 3.638347 127.548217
-40.222079 3.495769 129.297323
-39.026353 3.531399 130.450098
-39.314966 9.229472 131.407056
-38.668085 8.983580 132.157756
-38.038222 5.570566 133.585387
-37.920776 6.124438 133.709842
-39.683198 7.451320 133.612223
-36.609709 3.111854 130.281057
-37.244671 3.439972 129.187985
-37.977694 3.487682 129.237484
-37.897509 3.422334 130.308044
-37.283947 4.309404 132.944115
-38.316292 4.507500 132.894881
-39.491359 4.500021 132.965509
-40.285862 5.666331 133.837770
-40.878878 4.417215 133.182427
-37.162064 3.663638 132.221403
-38.305988 3.954964 132.168812
-39.351676 4.021675 132.272100
-37.901633 3.515932 131.221212
-38.810017 3.651897 131.351359
-37.132318 6.332328 133.745907
-37.945507 7.308802 133.537921
-37.083265 7.248751 133.607008
-38.754230 8.577496 132.734448
-36.992472 8.114328 133.274409
-37.366748 9.077698 132.463682
-38.734970 9.600053 129.202778
-41.561777 6.644402 133.967732
-39.864248 8.505832 132.764343
-41.533191 6.204313 134.036771
-38.308134 9.522761 128.630718
-36.465139 9.961355 128.882113
-38.254597 9.098293 127.693627
-36.829147 9.526413 127.914615
-38.430824 8.445035 127.059358
-37.062034 8.832384 127.205782
-37.170494 7.690619 126.741322
-38.897138 6.041402 126.560828
-37.192511 6.474770 126.752799
-37.221980 3.821852 128.418297
-37.895326 3.763246 128.408359
-37.143670 4.440539 127.753158
-37.930450 4.279733 127.721914
-37.154166 5.380993 127.122241
-38.124363 5.160593 126.988555
-40.837880 3.927144 126.789998
-38.878087 3.485081 129.303242
-40.609260 7.943138 126.578474
-41.999254 7.202884 126.197361
-40.296364 6.973388 126.125162
-40.919142 5.653422 125.903203
-41.546189 6.458227 125.779136
-40.685385 4.563515 126.353544
-40.735442 3.995374 132.518925
-40.459170 3.743664 131.770678
-32.361486 5.709011 127.660046
-33.428725 4.690423 127.983344
-31.556066 10.876886 130.527771
-34.463934 10.392093 129.984838
-33.860115 10.415779 129.162074
-31.789627 10.798542 129.448211
-33.706114 10.058520 128.109739
-31.835107 10.403017 128.314840
-32.328922 9.518644 127.434501
-35.255357 8.038510 126.832126
-32.122125 8.310200 127.006055
-33.815876 6.862841 127.058464
-32.112991 6.933094 127.179399
-31.443356 3.284734 129.326855
-32.614533 2.820836 130.226930
-34.498615 3.252971 129.239866
-34.990257 2.878505 130.250542
-32.920856 3.859229 128.572969
-35.366097 3.772124 128.501988
-35.407515 4.490400 127.864020
-35.553530 5.531605 127.274389
-33.151743 3.420274 133.638008
-33.462336 4.932001 134.324008
-35.246539 3.789679 133.300580
-36.880708 5.322825 133.612506
-33.596235 2.864841 132.609815
-35.309466 3.167316 132.464944
-32.647510 2.616028 131.378899
-35.434973 2.860064 131.311699
-36.188345 5.983963 133.854159
-33.438256 5.758649 134.486374
-35.824510 7.208834 133.838655
-31.780572 6.989274 134.902520
-36.002320 7.886459 133.588568
-32.204736 7.736658 134.626572
-35.058601 9.334900 133.075076
-33.029881 9.515897 133.640401
-31.701199 10.457238 132.774840
-31.471227 10.764096 131.880079
-33.897388 2.683131 131.322925
-35.999896 3.297265 129.271130
-31.248547 5.736909 127.795421
-19.816813 10.539442 137.552129
-18.793965 11.846554 135.132773
-22.538058 11.105603 134.333428
-24.191470 9.090856 136.289237
-26.004905 8.898515 135.495546
-27.142996 8.576333 135.277446
-31.965452 8.813929 134.281299
-34.289349 8.885709 133.645521
-36.591541 8.740728 133.039844
-29.913813 7.378966 135.198665
-38.716424 7.919294 133.255255
-39.878500 8.033208 133.231292
-27.724089 5.960561 135.869955
-31.674087 6.233226 134.977084
-34.074565 6.399243 134.361364
-35.852103 6.545584 133.931159
-37.992025 6.714332 133.672739
-37.615775 9.350946 131.849132
-37.601030 8.787315 132.727388
-37.791950 8.168143 133.134706
-36.947318 9.955753 129.703967
-37.985715 9.586253 130.621555
-34.638346 10.284978 130.741748
-33.061992 10.586447 130.243663
-35.160161 10.016338 131.515574
-35.590419 6.702843 126.876507
-35.394569 9.178085 127.273137
-35.373038 9.828858 127.989277
-33.120498 10.411363 131.484971
-38.851295 9.611420 129.703399
-30.001219 10.983705 131.657694
-32.560913 9.988567 133.235724
-34.039801 9.866763 132.661919
-30.846111 10.119176 133.616922
-39.385595 6.362266 133.874997
-32.298284 5.252479 134.654638
-39.590078 6.945914 133.791695
-42.152292 5.721031 134.098173
-38.499867 5.066022 133.335189
-40.393004 5.004594 133.528926
-37.193401 4.927003 133.403005
-35.144773 4.477679 133.791542
-32.148216 4.069271 134.325952
-29.094652 3.902145 134.811876
-27.111147 3.768875 135.188842
-25.452928 10.497900 133.826697
-28.218735 10.599597 133.380659
-24.888639 10.164627 134.799275
-25.788786 9.972853 134.574267
-28.366864 10.093206 134.055846
-27.945751 11.088844 131.971167
-25.959512 11.084422 132.197002
-22.787220 9.953177 136.435837
-28.876734 6.638356 127.593849
-26.211449 6.800823 127.714871
-24.846803 6.915567 127.864312
-23.386598 7.093066 128.123122
-28.442683 6.026258 127.933208
-31.021376 8.054205 127.031149
-26.855741 8.152432 127.410120
-23.898374 8.284305 127.825458
-20.694536 8.316800 128.644299
-28.702274 4.661108 135.260465
-28.787642 2.652585 131.491752
-28.759246 2.740649 133.298417
-28.777510 3.227631 134.316709
-28.773740 8.065278 127.260036
-28.818766 8.884756 127.390924
-28.885583 9.832381 127.919933
-28.957878 9.358553 134.523533
-29.057169 11.002884 129.981488
-26.563780 10.851063 132.870492
-26.603948 10.481888 133.678874
-29.032726 8.427068 134.932055
-26.640016 9.954410 134.419254
-19.555779 8.740694 128.942091
-19.369793 7.793470 128.899260
-19.765153 9.580746 129.368085
-19.715740 11.395404 131.950690
-41.324297 3.464181 131.214461
-41.760419 3.267468 130.248641
-42.349626 2.964201 130.104879
-41.869886 3.453822 127.173751
-42.064897 3.087150 128.321220
-41.519476 3.219349 129.287383
-42.944435 7.971930 132.959745
-43.123964 7.246678 133.518235
-42.720361 6.137888 134.039560
-42.211802 5.185188 134.022069
-42.746297 3.761274 133.298755
-43.708983 2.903529 132.703385
-41.402409 3.537108 131.966444
-42.036702 4.672547 133.750762
-41.979596 5.325244 125.681452
-41.741363 4.414953 126.093480
-41.001546 3.564874 130.337489
-41.878435 6.915008 133.885080
-41.643982 7.508904 133.571810
-41.315355 8.099362 133.142646
-40.137758 9.541318 127.996805
-40.618438 9.176952 127.432076
-40.935613 9.450591 127.747287
-41.854501 8.707349 127.267749
-41.619046 9.869397 129.157238
-41.929659 8.613334 132.411429
-42.041615 9.123678 131.147362
-41.524940 9.606305 130.155285
-60.856488 2.221589 128.115070
-63.600972 1.114269 128.139244
-63.197207 0.819597 127.663632
-61.005748 1.554703 127.578015
-64.191286 -0.067265 131.255166
-63.348998 -0.643363 131.447287
-63.285758 0.905313 131.031663
-61.770185 -3.444955 130.673411
-61.455360 -3.708641 130.067050
-43.479964 2.387930 129.646626
-43.248409 8.403310 132.283299
-45.195669 7.944989 132.117883
-45.193592 5.627474 133.782074
-44.998648 6.366104 133.660926
-45.562114 7.365910 132.823975
-61.330169 0.363049 127.303894
-62.695350 -0.307150 127.266082
-62.935126 -1.444034 127.162947
-60.736610 -0.141434 127.288513
-60.383510 -1.059097 127.473591
-60.833666 -1.887188 127.726611
-63.336730 1.455281 130.319506
-62.554955 1.728282 128.676303
-64.084238 1.219752 128.703027
-64.354191 1.259002 129.531715
-58.805059 1.458380 127.219065
-62.551648 -2.961833 127.557760
-61.203607 -2.757222 128.191773
-62.209421 -3.982772 128.570116
-61.453850 -3.781042 129.471838
-60.864946 -3.145845 128.851891
-59.832672 -2.703990 130.169862
-59.765577 -2.702328 129.538623
-59.365378 -2.157903 128.880069
-59.923074 -1.954505 128.235676
-58.202442 -1.885136 130.253523
-58.631257 -2.060914 129.588458
-57.451415 -1.553330 129.638318
-57.513580 -1.315984 128.948008
-57.730307 -0.805827 128.189616
-58.006390 -0.235548 127.596813
-58.206440 0.336451 127.329140
-58.469063 0.820279 127.219958
-59.123025 2.289148 127.504800
-55.607695 -0.932477 130.347368
-55.615232 -0.907901 129.649086
-55.768830 -0.660902 128.927776
-56.067291 -0.194596 128.142394
-56.377736 0.394890 127.535950
-56.415582 1.180274 127.162129
-56.841568 1.621177 127.068656
-57.137793 2.333734 127.082529
-57.444605 3.058036 127.393518
-57.055643 3.854284 127.880383
-53.936467 -0.452672 130.376192
-53.973821 -0.407173 129.588883
-54.111519 -0.126386 128.763522
-54.365362 0.399598 128.009144
-54.899680 1.003081 127.277789
-54.604445 2.714775 126.625474
-55.557619 3.089817 126.829203
-55.807909 3.807788 127.239227
-56.632045 3.774326 131.549867
-56.296209 3.023668 132.066298
-58.970520 1.985916 131.685974
-59.996126 2.277108 131.194201
-60.750150 1.394636 131.497451
-63.002366 0.461867 131.373560
-61.753934 1.521412 131.077438
-54.203573 2.198064 132.405559
-58.408390 0.411205 131.742458
-60.207979 -0.298959 131.572843
-62.850474 -1.345976 131.450901
-63.017787 1.663476 129.545565
-60.923253 2.568361 130.396308
-54.834421 1.281846 132.106684
-58.437817 -0.259914 131.563574
-62.650391 -2.023694 131.346942
-54.739142 0.279982 131.697183
-57.838195 -0.869326 131.321832
-60.523407 -2.005665 131.176390
-62.640248 -3.186237 130.983852
-53.963042 -0.113164 131.237457
-55.741418 -0.703879 131.025579
-58.134837 -1.635066 130.849962
-60.569498 -2.762135 130.760816
-56.678141 4.473646 130.710220
-60.162828 2.985350 129.410322
-56.690277 4.590725 129.548136
-60.056650 2.860725 128.589459
-53.482138 5.818475 128.576702
-44.765619 2.833748 127.141216
-43.264718 3.100936 127.183936
-42.315271 3.688111 126.572949
-44.612003 2.412803 128.036264
-43.381678 2.726868 128.081262
-43.942183 2.329433 128.935912
-45.109528 1.779271 129.688381
-43.725819 2.347435 130.887213
-42.246202 9.067844 127.626763
-43.792717 9.016458 127.927897
-43.261889 9.531465 128.636316
-43.350851 7.213125 126.292982
-44.818755 7.790566 126.858518
-45.034110 9.056251 128.450746
-43.220910 6.411154 125.800911
-46.128449 5.211022 125.575833
-44.605877 5.803495 125.628659
-46.194373 6.162238 125.915133
-46.738061 7.136755 126.621862
-45.284884 8.523867 127.700919
-46.959419 7.907177 127.471036
-47.077735 8.275342 128.145226
-42.582713 5.910486 125.602527
-43.266269 5.599186 125.555602
-42.981946 4.939123 125.659767
-44.299953 5.127714 125.579760
-43.970412 4.573691 125.731916
-45.784698 4.416919 125.678016
-45.633925 4.008018 125.880172
-42.626978 4.192153 126.030046
-43.757307 3.792005 126.235354
-47.455274 2.880032 126.479871
-41.422327 9.644591 128.137296
-41.529861 9.844825 128.714689
-43.724751 8.560310 131.731812
-44.177704 9.013934 130.657969
-44.005920 9.410862 129.885950
-47.008095 7.328974 132.143926
-45.991128 5.844258 133.630811
-43.869786 4.490339 133.946977
-45.804500 3.771169 133.713198
-44.086782 3.200641 133.189839
-45.915691 2.555623 133.036133
-43.707680 2.547602 131.991701
-42.716713 9.722742 129.104369
-43.422550 9.563961 129.298387
-43.054367 9.629460 129.510579
-42.182676 9.748661 129.634049
-43.062447 9.360660 130.417809
-45.627558 9.042655 129.000318
-47.147445 8.418853 128.573356
-44.338082 9.398108 129.224525
-46.990376 7.834858 131.487811
-47.261788 8.252383 130.552157
-45.843048 8.574259 130.688060
-47.251635 8.521478 129.588724
-45.786975 8.944801 129.858672
-47.925728 2.177457 127.148694
-46.022914 2.090177 128.002695
-45.790522 1.708790 129.051942
-47.266373 1.112773 129.543564
-47.620691 0.982444 130.568563
-47.556680 4.671013 125.578013
-47.859899 5.645190 125.790907
-48.959760 6.201415 126.322260
-49.290859 6.884367 127.138691
-48.506569 7.730494 128.064383
-47.212110 3.626029 125.949354
-52.611317 0.887218 127.814884
-52.051094 1.672037 127.099787
-52.171356 0.028007 129.394632
-52.326466 0.392785 128.545244
-51.755851 2.242038 126.684498
-53.404208 2.505133 126.536107
-53.907122 3.885676 126.577864
-54.105285 4.574769 127.089928
-53.892848 5.252711 127.742889
-49.851978 0.540839 129.245675
-49.902394 0.943921 128.266784
-50.138300 1.520346 127.487620
-49.511669 2.350187 126.718558
-49.773011 3.841535 125.839660
-51.168322 4.410392 125.978397
-51.291837 5.266933 126.342066
-51.599384 5.818664 127.011800
-51.810614 6.221924 127.725721
-47.400199 1.214445 129.079201
-47.921634 1.555662 128.082731
-48.826075 3.130861 126.176297
-49.445471 5.078362 125.831414
-49.470026 7.298132 127.923840
-52.183116 -0.041184 130.336013
-49.632019 0.451267 130.378467
-49.512633 6.798832 131.970109
-48.568127 5.677834 133.167326
-51.541388 5.335196 132.579260
-51.656241 6.007529 131.988374
-52.716786 4.757884 132.533627
-53.837721 5.077034 131.862387
-48.471952 4.770120 133.392980
-52.586455 3.957236 132.811996
-47.275600 3.239870 133.448035
-48.835110 3.336250 133.219993
-50.574538 3.274500 132.906221
-48.968465 1.874215 132.616540
-49.682921 2.275932 132.806643
-45.881020 2.132836 132.525755
-47.885189 1.486438 132.210436
-50.067147 1.053228 132.015673
-52.355826 0.603608 131.673386
-46.166952 1.666482 131.787059
-47.517663 1.245863 131.613684
-49.725344 0.711753 131.380125
-51.463160 0.343972 131.151347
-53.544317 5.837108 131.104545
-51.898977 6.495790 131.257006
-50.498251 6.955303 131.324862
-48.745484 7.457182 131.464329
-53.827200 5.937603 129.834206
-51.979974 6.753696 130.036494
-50.647673 7.265873 130.179383
-48.684365 7.906335 130.436607
-51.907706 6.597796 128.754038
-49.897000 7.519425 129.081191
-48.649771 8.018580 129.331810
-45.526706 1.639938 130.692472
-50.789871 2.576508 132.740922
-62.636237 -4.316916 129.951084
-62.773335 -4.648014 128.972242
-63.556612 -0.569008 127.222590
-62.767038 -1.754853 127.247317
-64.710195 -0.386360 131.183605
-64.953439 -0.055464 130.925196
-65.387669 0.409545 130.025429
-65.042204 0.886787 128.581499
-64.278210 -0.647780 127.142396
-63.553130 -3.636276 127.251579
-63.830719 -1.966824 127.015322
-64.785056 0.334381 127.313427
-65.039265 0.708328 127.751769
-65.117811 0.843422 129.481678
-64.539089 0.380804 130.944381
-63.999135 0.585788 127.596418
-64.413365 1.042042 130.339380
-45.284422 5.157635 133.879380
-44.008608 5.061974 134.038012
-46.745166 4.076632 133.717547
-45.477207 6.694114 133.408543
-43.576770 4.025072 133.719494
-45.821763 3.113209 133.438785
-48.973974 6.688591 132.235847
-49.081888 6.336015 132.600672
-49.901708 5.124948 133.072879
-51.170783 4.593656 132.987019
-47.720266 4.415957 133.526993
-49.119162 4.067901 133.225306
-51.150655 1.441456 132.274381
-52.632021 1.294156 132.132432
-52.468871 2.136644 132.413180
-55.223020 2.774521 132.334343
-53.812705 4.200295 132.426012
-56.499539 3.373024 131.833269
-50.977987 3.644041 132.977343
-52.825415 5.206223 127.002705
-52.643263 4.547124 126.402598
-52.389765 3.838607 126.196658
-52.074925 3.057371 126.311844
-58.617087 1.377551 131.797436
-60.435002 0.575742 131.594457
-60.725280 -0.615387 127.342898
-61.457137 -1.721602 127.463820
-62.965762 -2.585289 127.283552
-59.463994 -1.035248 127.664051
-48.548343 4.278472 125.654176
-63.759560 -1.971782 131.293377
-64.478553 -1.587402 131.254683
-62.771277 -4.223607 128.296148
-63.564385 -4.839423 129.820221
-69.762661 -8.401852 128.247339
-69.240662 -8.378308 128.506944
-66.537302 -0.761127 130.436983
-67.310116 -0.056018 129.631334
-64.894544 -2.814501 126.574891
-65.139323 -1.932644 126.657898
-65.583049 -2.945567 126.437532
-67.177514 -3.214592 126.726295
-65.866826 -2.239658 126.537292
-72.331531 -7.418778 128.399238
-66.031746 0.687695 128.508592
-66.399395 0.516246 129.173616
-65.881692 -2.970907 131.125378
-65.741831 -3.820590 130.967801
-65.176068 -4.421578 130.682037
-64.250736 -4.763873 130.258500
-65.173178 -6.269022 129.470210
-63.741689 -5.452442 129.005197
-68.919077 -7.408724 130.098672
-67.629432 -7.372736 129.671025
-68.825432 -7.988675 129.641337
-68.600302 -8.192152 129.130478
-69.272508 -8.401251 128.117398
-63.680101 -5.131237 127.463917
-63.905911 -5.861836 127.329475
-63.925832 -4.107093 126.956325
-64.207993 -5.479280 126.628836
-64.451012 -3.312602 126.649813
-64.459298 -6.794619 127.296997
-64.939367 -5.267243 126.018497
-65.163443 -6.229178 125.991604
-66.012261 -5.510379 125.743098
-66.476789 -4.790081 125.935955
-67.120110 -4.909151 126.139518
-68.544246 -5.405354 126.805003
-69.537712 -5.803352 130.524103
-67.574121 -5.274421 130.608769
-70.182572 -6.563588 130.367767
-69.302974 -6.876069 130.419519
-71.044360 -5.537850 130.689040
-71.002819 -6.443144 130.167907
-69.371890 -7.947484 129.945823
-70.829159 -1.703231 126.947080
-70.566144 -3.350129 127.575816
-70.320816 -2.321093 127.087593
-70.793369 -0.404570 127.936957
-70.962925 -0.520088 127.486790
-70.068660 -0.589215 126.955088
-70.824122 -0.757503 127.120688
-64.753984 -3.865712 126.277516
-70.641730 -4.737346 127.770011
-70.628336 -7.003562 127.559678
-70.568046 -3.793045 127.694559
-69.333722 -3.646135 127.427674
-69.542965 -5.732511 127.531483
-70.610048 -5.764677 127.715534
-65.912052 -4.248219 125.999843
-67.307767 -4.436631 126.445347
-68.144133 -3.509220 127.127242
-69.010956 -3.073644 127.263317
-66.927124 -1.670852 126.623266
-70.004361 -0.142306 127.367381
-71.740681 -1.407687 126.929892
-71.459480 -0.641057 128.255067
-72.709625 -2.173414 127.092771
-72.918242 -6.295851 128.306594
-72.162422 -7.669531 128.168450
-71.228864 -1.421087 129.356814
-70.036936 -2.673350 130.182124
-69.930302 -3.481621 130.401086
-71.032584 -3.154256 130.134615
-70.987831 -4.041098 130.376540
-63.977347 -5.318136 129.520085
-65.722076 0.645293 129.214543
-65.574580 -2.234746 131.168914
-73.069592 -3.047882 127.741116
-67.460508 -0.891065 126.569988
-67.640440 -0.120540 126.814439
-66.274573 0.082149 126.908834
-67.154642 0.544855 127.430930
-69.167759 -1.127943 126.775292
-71.879896 -3.483500 127.383216
-71.823366 -2.159837 126.878714
-72.532640 -2.866345 127.452171
-71.995290 -2.789318 127.146570
-72.618292 -4.025476 127.602165
-68.855715 -7.847352 127.100736
-71.114185 -7.921206 127.687104
-70.796952 -8.397510 127.923619
-71.750092 -8.165333 127.897051
-68.238022 -6.931418 126.428304
-71.716419 -7.371356 127.702111
-71.614218 -6.334125 127.863583
-73.115733 -4.869689 128.239071
-66.659316 -5.222239 130.585191
-63.938811 -2.863597 131.148737
-69.754007 -4.526963 130.761292
-70.384335 -8.828102 128.698556
-68.598519 -8.164005 127.979775
-67.712963 0.511766 128.268600
-65.366052 -1.221996 131.032613
-68.228762 -3.806313 130.886666
-68.611330 -3.152361 130.660833
-66.603893 -1.727641 130.885397
-69.116998 -1.363605 129.792167
-67.500873 0.329964 129.057637
-68.809305 -0.082528 128.952537
-70.674677 -0.758683 128.962444
-70.171652 -7.468082 130.482299
-71.102169 -4.875052 130.723236
-65.173474 -7.867876 127.995659
-69.136060 -7.961160 127.441501
-72.448148 -7.067635 128.620096
-73.000964 -4.612821 127.924990
-72.712847 -4.668625 128.954170
-72.858093 -2.680457 128.678840
-65.270917 -0.620044 126.719618
-68.805821 -0.619575 129.442135
-68.481218 -2.154837 130.484622
-67.663786 -6.041741 130.448180
-65.984404 0.172523 129.855597
-71.462187 -3.084695 130.067305
-63.283923 -4.926740 128.278365
-63.843196 -5.923415 128.025373
-64.782152 -6.406948 129.144061
-65.686435 -0.590533 130.586499
-63.732822 -3.697227 130.846492
-64.521088 -6.587412 128.637911
-63.388519 -5.142403 128.763218
-72.312346 -5.029234 127.668460
-72.784801 -5.936822 128.091818
-71.998522 -6.635304 127.996839
-71.877647 -4.497494 127.589335
-72.128038 -7.222977 128.974280
-72.350528 -6.961162 128.254132
-71.794649 -6.845361 129.479825
-71.247830 -5.747698 127.784581
-68.705090 -5.095331 127.028634
-68.043736 -8.092851 128.941104
-67.423207 -7.936080 129.169125
-65.656552 0.388254 127.112363
-65.901870 0.694635 127.982797
-67.497252 0.273860 127.095196
-72.986870 -2.724128 128.092574
-73.135920 -5.171222 128.313091
-71.960661 -2.448420 129.174572
-72.835172 -2.279409 128.515456
-72.830538 -2.700705 127.620237
-72.142698 -0.783339 127.759054
-71.233395 -2.036355 129.485514
-71.695241 -4.442938 130.150176
-71.627758 -3.882723 130.015806
-70.437579 -5.974479 130.499697
-70.359986 -8.008198 130.285216
-72.253532 -1.506820 127.066051
-72.981608 -2.503931 127.916849
-72.159164 -1.044543 127.274161
-72.952505 -3.345427 127.623710
-68.860245 0.243465 127.778015
-70.064964 -0.197920 128.219937
-67.224965 0.634124 127.808514
-70.561041 -8.666829 129.472429
-68.716394 -8.225674 127.276158
-68.579009 -8.204791 126.758678
-69.744991 -7.920138 127.835883
-73.003755 -4.353418 127.750868
-65.430876 -5.546584 125.822620
-65.155234 -3.864847 126.151251
-64.513381 -5.283911 126.273719
-64.012031 -5.660332 126.996847
-69.668241 -7.024416 127.529411
-68.651119 -7.274657 126.788509
-71.445243 -8.516259 127.936643
-70.229461 -1.038477 126.852855
-70.877570 -1.282373 126.954881
-70.249418 -0.387304 127.142947
-69.329372 -2.068766 126.927001
-68.005469 -0.537801 126.672017
-69.091517 -0.767504 126.804171
-66.756881 -0.330675 126.731850
-67.603324 -1.589869 126.600707
-67.580573 -2.670707 126.821973
-71.201320 -8.812917 128.174865
-68.942254 -4.513909 127.290765
-69.519025 -4.759382 127.536855
-66.352022 -3.041898 126.464722
-66.924742 -6.250325 125.747744
-65.103486 -7.019698 126.269188
-70.487497 -1.826796 129.618648
-66.435963 -0.750859 126.665527
-65.375658 -0.253076 126.784849
-69.652876 -6.443288 127.479949
-65.330432 -0.186224 130.487988
-64.430778 -1.742744 126.926214
-63.969731 -2.709162 126.955185
-64.906172 -0.835873 131.111857
-63.415322 -4.424162 127.654437
-68.460928 -8.422232 127.641223
-65.229272 -8.023859 127.191098
-66.437093 -8.742529 126.386686
-67.482709 -8.824004 126.009673
-67.729976 -8.433520 125.940517
-68.180106 -8.243081 126.139215
-68.027227 -8.650198 126.227710
-65.731487 -8.012417 128.533487
-67.422392 -8.431775 128.813959
-67.240013 -7.712107 125.745028
-66.699480 -8.560830 128.706610
-65.952151 -8.780865 127.178024
-64.876114 -7.071008 126.552055
-66.092701 -8.080706 125.989051
-66.632535 -7.042461 125.698159
-65.791814 -8.546847 127.845655
-66.398005 -9.325654 127.780001
-66.079017 -7.471945 129.166827
-66.697713 -9.649375 127.294516
-67.521170 -5.989570 126.094438
-66.725519 -9.405152 126.728342
-68.015888 -8.268622 128.522294
-67.490156 -9.185102 128.590781
-66.673974 -9.278208 128.258939
-67.007066 -9.811494 127.653427
-67.068104 -9.254004 126.270017
-65.474457 -8.075933 126.591971
-67.804680 -7.573671 125.946550
-66.364993 -7.925936 125.844798
-65.817156 -8.139361 126.225979
-64.711347 -7.046692 126.884139
-69.182233 -9.240411 126.708891
-69.298431 -9.655219 127.410395
-67.837142 -10.232204 126.501315
-68.161738 -10.119620 126.032396
-67.867932 -9.188749 126.071199
-68.946712 -9.413535 126.112634
-67.294088 -9.676778 128.134965
-68.128465 -9.744440 127.941770
-69.198793 -10.200894 127.346101
-70.277861 -10.083250 126.122087
-68.591898 -10.537053 127.177460
-69.149545 -11.033491 126.963373
-68.506891 -9.324119 127.925926
-68.377657 -8.771457 128.048649
-67.653979 -9.772339 126.278601
-68.504382 -8.510282 126.775315
-69.301039 -9.349624 127.259710
-69.336376 -10.808662 125.339598
-70.491666 -10.123931 126.391770
-68.819945 -10.362306 127.361548
-70.128382 -10.844654 127.103282
-68.333131 -10.622398 126.723824
-68.574325 -9.659424 125.849169
-69.178126 -11.228790 125.530552
-68.519919 -10.713914 126.157330
-70.656827 -11.999519 126.682082
-71.508463 -12.367778 126.646221
-70.569719 -12.401994 125.445043
-70.048117 -12.062337 125.973484
-70.240313 -10.908273 125.299517
-70.898710 -10.828487 125.832998
-70.835700 -12.104060 125.334762
-71.479975 -11.761574 126.641683
-70.874295 -11.516037 126.822840
-70.185804 -10.214761 127.096356
-70.453931 -10.098074 126.733231
-71.627256 -12.036658 126.068982
-69.189491 -11.466889 125.916382
-69.292248 -11.429846 126.481193
-71.500064 -12.540763 126.195928
-69.593256 -10.327806 125.507903
-70.904278 -10.594047 126.627968
-70.780068 -12.425868 126.471349
-70.257500 -11.739911 126.579546
-70.958812 -12.843900 125.938023
-71.199565 -12.598581 125.696277
-71.332672 -12.621691 126.486199
-71.569108 -11.626978 126.472414
-70.073586 -11.486832 125.241606
-71.211630 -11.641362 125.623514
-70.353640 -10.375199 125.772866
-71.238739 -11.070056 126.156377
-70.326596 -12.385842 125.704358
-71.761505 -7.776752 129.701778
-71.017192 -8.953149 128.914774
-71.554693 -7.128016 129.611453
-73.850040 -10.157945 129.025156
-73.567768 -9.113581 129.069897
-74.131211 -9.261886 128.777745
-73.608615 -8.662547 128.650596
-71.097783 -8.974630 128.554599
-71.199353 -8.565208 129.660606
-71.863411 -8.253460 129.693226
-71.409109 -8.307204 129.782544
-72.883555 -10.501078 128.146504
-74.028063 -9.716167 129.020724
-73.734197 -9.498486 127.557563
-73.453713 -10.421832 128.893487
-73.084729 -9.276181 129.306508
-72.544587 -7.675705 128.782778
-73.033324 -8.318550 129.077615
-72.676501 -7.896526 128.414739
-73.184617 -8.816972 127.678239
-72.979692 -9.117078 127.542741
-70.863356 -7.647355 130.295241
-70.523782 -6.778197 130.284926
-73.195164 -10.136445 127.537419
-73.900834 -9.137728 127.817797
-73.295361 -10.677615 128.562337
-71.177672 -8.955747 129.292275
-73.968583 -8.992313 128.084335
-73.552433 -10.973139 127.980197
-74.695955 -11.706644 127.716929
-75.998000 -10.720053 127.620555
-75.214888 -10.894940 127.110212
-73.791580 -10.705986 127.361740
-75.886734 -11.421736 128.199091
-74.157208 -11.142192 128.370568
-74.025106 -10.607652 128.774292
-74.384517 -10.250131 128.780830
-73.991658 -10.206154 127.281706
-74.893567 -11.273563 127.158983
-74.672976 -9.831121 128.522650
-74.115717 -9.053710 128.391203
-75.241446 -11.419150 128.357551
-73.472220 -10.760210 127.686329
-74.748222 -11.651489 127.393578
-74.499535 -9.992644 127.328748
-74.544805 -9.515733 127.745430
-75.328029 -12.057576 127.923943
-75.314711 -12.207519 127.403871
-75.340639 -12.044324 127.126901
-75.378343 -11.699951 126.937682
-75.904018 -11.378528 126.856365
-77.211724 -12.314811 127.031682
-76.930428 -12.679926 127.062746
-76.572206 -12.772631 127.056818
-76.055020 -10.879316 127.888117
-77.179780 -11.854481 127.100300
-76.034320 -12.102170 127.931077
-75.835428 -11.064368 128.185979
-76.852739 -12.737644 127.505609
-77.266080 -12.070755 127.463607
-76.209662 -11.925385 127.895070
-76.564165 -11.542853 127.731587
-75.443677 -10.431578 127.356651
-76.370376 -12.725305 127.409196
-76.460142 -12.478441 126.833003
-76.721194 -12.006084 126.742996
-77.158980 -12.516529 127.530873
-76.293280 -11.059806 127.141881
-73.487497 -5.404736 128.453742
-72.972578 -5.441302 129.682324
-72.447084 -5.040206 129.730697
-71.573154 -5.855743 130.442395
-72.460047 -6.421938 129.796695
-73.413486 -5.464990 129.371946
-74.168836 -5.669335 128.874567
-74.204476 -7.652929 128.842187
-74.582637 -7.094936 129.584499
-73.466362 -5.554391 128.260156
-73.983339 -6.752297 127.897787
-72.725611 -6.995124 128.670758
-72.773985 -5.736840 129.909100
-74.709779 -6.710331 129.645592
-74.975763 -6.141893 129.261965
-71.743454 -5.174892 130.504757
-72.506463 -6.925297 129.216777
-73.148281 -7.046773 128.465556
-72.547030 -6.721054 129.564601
-72.768470 -4.914270 129.034118
-72.620117 -6.017323 129.969964
-75.283183 -6.121436 128.352055
-75.229663 -7.981912 128.209497
-75.309698 -7.692486 129.330685
-74.483288 -7.531991 129.266303
-74.291448 -7.567652 128.218128
-74.843907 -6.372675 129.524817
-75.864280 -6.292921 128.815383
-74.986842 -7.966392 128.984098
-75.334571 -7.607657 127.829971
-74.421811 -7.305346 127.916452
-74.685577 -6.449193 127.865795
-73.067612 -5.687544 128.248319
-75.324800 -6.283007 128.030771
-77.446970 -8.742960 128.419465
-76.996104 -6.910618 128.408261
-77.926197 -7.801189 127.441448
-76.537987 -7.855922 127.517004
-76.538204 -8.379740 127.720275
-77.506732 -8.888253 127.866402
-75.474941 -7.133959 127.729654
-75.377775 -7.420666 129.496482
-76.505892 -6.724937 128.089337
-77.055159 -7.466982 127.475659
-75.825986 -6.601812 129.378784
-76.536100 -6.988741 129.096061
-75.710559 -6.592661 127.899624
-75.159386 -8.060613 128.459177
-75.755221 -8.204536 128.751140
-76.977917 -6.979882 128.670627
-77.659666 -8.381401 128.720359
-75.570646 -7.055463 129.554590
-80.011972 -9.351342 128.111479
-80.163494 -9.222119 128.190408
-77.959344 -7.647606 128.608120
-78.001118 -7.487353 127.650214
-78.456187 -8.077351 128.658742
-78.870436 -7.735424 127.722982
-79.770057 -8.202493 127.631076
-78.383046 -9.242026 128.250208
-80.208378 -9.021300 127.670182
-79.279740 -8.299888 128.290677
-78.371611 -9.026803 127.451696
-77.730527 -8.342421 127.429307
-78.649214 -8.685351 127.207895
-79.361475 -8.877286 127.120221
-77.651517 -8.993840 127.968040
-80.038902 -9.392726 127.724310
-79.005764 -8.762363 128.439146
-80.142498 -9.035135 128.236696
-79.358916 -9.466114 127.414123
-79.950136 -8.390709 127.827922
-77.786327 -8.011021 128.786201
-80.184731 -8.564948 127.891554
-79.527157 -9.508391 128.147389
-79.678831 -9.599403 127.848710
-79.179625 -9.557439 128.040149
-79.765740 -9.064085 127.261881
-79.855678 -8.479736 127.347743
-79.145871 -8.100721 127.250205
-78.948601 -7.793357 128.111321
-73.431266 -4.810373 128.133978
-73.426725 -2.958772 128.027295
-72.300498 -4.178425 129.435983
-72.811783 -3.460639 129.269095
-74.708800 -4.844516 127.423893
-74.895061 -3.996303 127.058409
-74.633209 -4.580987 127.208719
-72.666704 -3.957267 129.336400
-72.005742 -3.295398 129.704215
-73.908179 -3.738307 128.951687
-75.315948 -3.232682 127.702156
-75.690840 -4.964520 128.278950
-76.055108 -4.600203 128.537811
-75.409647 -4.208440 128.653816
-75.701721 -4.149189 126.911238
-73.431988 -2.995338 128.558541
-73.116885 -3.112670 128.903040
-73.066023 -4.646733 128.829961
-74.642734 -3.432752 127.333547
-75.158812 -3.681829 128.513888
-75.053428 -4.572061 128.621773
-73.015586 -3.871529 127.599390
-76.054846 -3.991161 128.495174
-75.566875 -5.055184 127.651787
-77.359509 -5.177230 126.950493
-78.258949 -4.270297 126.550113
-77.869178 -5.272549 127.389836
-78.137297 -5.226022 126.852374
-78.428327 -3.963974 126.797140
-77.214587 -4.641158 128.091235
-77.110593 -4.188630 128.048915
-75.668738 -4.565050 127.001833
-75.636586 -3.383938 128.010242
-77.482118 -3.683770 127.288502
-77.385934 -3.768226 127.605040
-77.287943 -3.687958 126.991841
-78.498312 -4.985916 127.719218
-78.736513 -4.541190 127.612782
-75.760169 -3.561022 127.125496
-75.520062 -3.305619 127.448782
-77.286512 -4.049305 126.636404
-75.140073 -5.003503 128.076370
-75.654274 -4.948880 127.344318
-77.671204 -4.686241 126.528128
-77.358503 -4.965869 126.702721
-78.207105 -4.797735 126.473813
-79.541062 -5.430797 127.304866
-79.871114 -4.255004 126.629421
-80.603807 -4.860534 127.009721
-79.547753 -4.360228 127.134958
-78.723494 -5.471544 126.922693
-78.862379 -5.306841 126.528168
-80.630349 -4.905551 126.729459
-79.819159 -4.546451 126.229263
-78.950269 -4.867394 126.288819
-80.052965 -4.877176 126.160331
-79.866006 -5.653070 126.937478
-80.470869 -5.369383 126.631090
-79.402839 -4.857575 127.426102
-80.501039 -5.361567 127.095277
-77.231455 -4.935559 127.981887
-80.040602 -4.376235 126.928204
-80.250172 -5.535697 127.085295
-80.397220 -4.503788 126.603982
-78.561518 -3.980473 127.244317
-79.917055 -5.502912 126.421752
-71.491763 -0.987036 128.949708
-72.188666 -0.823985 128.084406
-73.632601 -0.850111 127.955496
-73.712450 -0.729534 127.059438
-73.979940 -1.164375 126.722117
-74.414335 -1.925533 127.008573
-75.083849 -1.388821 127.787646
-73.332077 -1.657538 128.350618
-72.383916 -1.160870 128.554053
-72.893842 -1.307857 126.854414
-72.128972 -0.866517 127.493077
-73.311031 -2.295427 127.560363
-72.450029 -1.524097 128.705845
-72.927646 -2.316682 127.248455
-73.768785 -1.091385 128.166554
-73.782079 -0.891877 126.872864
-73.470741 -2.054503 128.050146
-74.405062 -1.592186 126.651039
-72.992719 -1.645829 126.864051
-76.294991 -1.475249 126.393266
-75.328449 -1.581620 127.537556
-77.033932 -1.054957 127.060826
-76.648932 -0.690084 127.115006
-75.006031 -1.120448 127.866031
-73.925853 -0.622533 127.491910
-75.938468 -0.811536 126.238207
-75.167083 -1.820182 126.771201
-74.821714 -0.884466 126.491033
-75.140632 -1.843193 127.321752
-76.371582 -0.378445 126.939287
-74.793815 -0.553859 127.441695
-76.371179 -0.198100 126.485458
-74.160062 -0.573550 127.091666
-76.057775 -1.632413 126.757583
-74.256233 -1.963099 127.579438
-76.126154 -1.162585 126.252401
-75.289780 -1.468764 126.409815
-74.748131 -0.887327 127.899316
-78.207263 -0.664385 126.475468
-78.144903 -0.492596 125.999138
-78.074372 -0.975956 125.984733
-77.862233 -1.222046 126.376240
-77.153129 -0.448964 126.727391
-77.532434 -1.148426 125.943351
-77.530813 -0.685101 125.704763
-77.333995 -1.217138 126.850529
-77.656095 -0.096465 126.099145
-77.858896 -0.189558 126.311321
-77.395516 -0.242801 125.851617
-78.163429 -0.878258 126.439791
-75.392364 -0.526380 126.480622
