0.039540 -6.607490 89.087068
-0.294113 -5.764982 88.447106
-10.852128 3.985380 110.264939
-11.578283 3.371748 109.905214
-11.423971 4.500156 108.602048
-10.948201 5.480268 107.717275
-12.147521 2.583481 109.724001
-12.690473 1.593468 109.439275
-11.666577 -8.064544 102.878172
-11.949799 -7.889976 103.857505
-9.436570 -8.404440 102.350098
-11.826370 -6.095717 110.055599
-12.361544 -5.613046 109.500874
-11.208973 -6.705891 110.371593
-11.569000 -6.847558 109.136602
-12.160919 -4.887936 110.546077
-12.092161 -3.246527 111.545382
-13.070323 -3.000324 109.398843
-12.740623 -4.466488 109.555554
-12.674920 0.708608 109.985445
-12.925920 -0.441765 109.829449
-13.042218 -1.717752 109.675220
-10.650582 -7.379407 110.072492
-9.945876 -7.938893 110.244134
-12.208319 -6.112171 109.119722
-7.973489 -8.851227 102.671028
-7.209412 -8.950373 101.255954
-8.414995 -8.819161 103.996694
-6.693179 -8.939057 100.130578
-5.306064 -8.773698 96.990827
-3.997909 -9.859895 99.974623
-8.829457 -8.761160 106.294256
-7.302648 -9.620632 107.918137
-8.632364 -8.806203 105.185985
-6.718262 -9.825565 105.699366
-5.938014 -9.948761 103.781557
-11.572394 -7.174012 107.724110
-10.449508 -7.858428 107.863657
-10.704908 -7.580265 108.798073
-10.905836 -7.883067 106.283333
-9.544088 -8.400204 107.223764
-10.019146 -8.300898 105.887673
-10.143772 -8.341023 104.561778
-10.109824 -8.333037 103.333422
-14.455451 -4.965344 104.291061
-13.881568 -5.925420 104.691623
-13.747297 -5.188878 106.025617
-14.251456 -4.144314 105.616038
-13.212037 -6.682955 104.929830
-12.903961 -7.176594 104.363594
-11.999465 4.459303 107.712921
-12.317194 3.634931 108.291725
-12.672863 4.054015 106.962144
-12.236157 4.908250 106.457469
-13.373049 3.419670 106.201325
-12.874851 4.562649 105.539922
-13.092681 3.097847 107.317855
-13.889254 1.976924 106.541814
-13.135851 2.409617 107.937093
-13.656528 0.318199 108.064754
-14.047932 -0.496866 107.356635
-13.835907 1.030894 107.345897
-13.787144 3.200232 105.250369
-14.162776 1.955003 105.712253
-14.429007 0.697790 105.884505
-14.515904 -1.158998 105.952309
-14.651856 -3.002993 105.024241
-13.902146 -1.607874 107.703254
-13.999884 -3.142351 106.937426
-14.781886 -0.652639 105.109583
-13.468790 -4.549177 107.407808
-13.001250 -6.098041 106.590488
-13.088468 -5.469198 107.398529
-11.706090 -7.381212 106.445941
-12.297102 -6.846134 106.673630
-12.497883 -7.654403 103.722658
-3.066654 -11.347239 106.059749
-4.222941 -11.142141 106.592541
-3.059259 -11.497916 108.052378
-4.206363 -11.290634 108.658835
-3.887412 -10.886950 104.280738
-2.915494 -11.080351 104.138049
-4.577363 -10.291573 102.654241
-5.201851 -10.891554 108.193344
-5.955483 -10.426919 107.514237
-4.814717 -10.486511 103.965184
-5.186820 -10.694037 105.992271
-5.906626 -10.490018 109.504012
-10.789510 6.400724 106.254227
-11.734869 5.867884 105.589042
-12.404272 -6.397883 107.649821
-8.461259 -8.478938 100.881653
-7.555401 -8.301278 97.797546
-7.032136 -8.134960 95.752352
-6.278800 -8.413925 96.623452
-5.278666 -8.132254 94.652050
-2.291709 -9.885699 97.771429
-2.352529 -10.299008 99.895325
-1.404923 -9.690146 96.048227
-2.747852 -9.309182 95.744010
-1.656586 -10.904401 102.248964
-0.849957 -9.200300 93.815676
-0.720416 -8.461018 91.709625
-1.901990 -8.966753 93.707512
-1.460809 -8.327401 91.647780
-3.239413 -8.430997 93.457926
-4.076983 -8.770274 95.342287
-2.510748 -7.940892 91.531333
-3.758111 -9.437388 97.472251
-4.157703 -7.904354 93.015969
-1.678508 -7.349051 89.996188
-1.143277 -6.278395 88.874040
-0.746844 -7.485378 90.061722
-0.634489 -6.223191 88.814755
-0.678188 -4.897636 88.039224
-1.236483 -4.782279 88.151338
-1.796930 -6.074034 88.883322
-1.239678 -3.028538 87.844160
-8.725801 -8.846612 108.238065
-11.520749 1.914161 111.783484
-11.615908 -5.650774 111.031946
-11.908606 -4.305820 111.486619
-12.043654 -1.921108 111.982277
-12.630984 -0.269853 124.188420
-12.839794 -1.499294 124.554850
-13.409176 -0.990411 127.486029
-12.150220 -1.343295 119.356355
-12.026864 -0.369577 119.410842
-12.427390 -1.184521 122.100686
-12.243001 -0.099288 121.850765
-5.283044 -10.523114 113.624684
-5.179836 -10.664266 112.083790
-12.339583 -3.107806 120.881814
-11.085606 1.125628 115.673447
-11.017583 1.560027 114.145696
-11.185379 1.719321 112.950740
-10.941360 2.918621 111.788601
-7.234283 -9.601916 110.813537
-7.424711 -9.338642 113.587193
-8.777170 -8.624537 111.386749
-8.304557 -8.804494 112.964750
-9.175821 -8.514693 109.879040
-11.642222 -3.679155 112.691655
-11.034247 -6.400289 111.420406
-11.487570 -5.004816 112.064485
-10.974529 -6.049349 112.215190
-10.306872 -7.188145 111.800080
-9.923040 -7.275028 113.014747
-9.016866 -8.221304 112.795013
-10.679788 -6.290907 112.961863
-10.369381 -6.554346 114.304787
-8.702911 -8.419690 114.357720
-9.547557 -7.580266 114.297789
-10.257282 -6.815778 115.853048
-11.833750 -1.202694 112.745809
-11.637768 -0.255704 113.370429
-11.678494 -1.167606 113.729515
-11.513104 0.633826 113.201789
-11.375941 0.459654 114.431643
-12.197183 -1.010806 111.701796
-11.951890 -0.132766 112.233978
-11.778559 -2.641918 112.729941
-11.263821 -4.946980 112.999525
-11.016004 -5.408601 114.366558
-11.392476 -4.199391 114.285815
-11.565936 -3.294374 113.890438
-11.604343 -3.450869 115.427303
-11.670167 -2.392797 114.942764
-11.822174 -2.858464 116.747599
-11.683237 -2.200558 113.730119
-10.962133 -5.717463 115.953641
-11.445669 -4.589829 116.045153
-11.573040 -4.978695 117.796295
-11.752959 -0.639725 116.970802
-12.173511 -2.424919 119.275810
-11.990043 -3.908633 118.604929
-11.858320 -1.750339 116.855456
-11.693255 -1.364727 115.133384
-11.575052 -0.430717 114.769060
-11.421575 0.312362 116.099035
-11.560528 0.585226 118.143242
-11.837206 0.731550 112.054161
-9.298250 -8.378594 119.872650
-10.395718 -8.065983 122.191014
-8.127616 -9.553755 121.429945
-11.162295 -7.317202 122.428891
-11.122359 -6.917247 121.278824
-11.570921 -6.796335 122.698308
-10.336266 -7.558806 120.267482
-11.907560 -6.159987 122.907638
-10.809685 -8.295107 125.335320
-10.102935 -8.858162 124.984006
-10.264457 -8.534291 123.696600
-11.396476 -7.679815 125.480343
-11.084889 -7.786814 124.130196
-11.752727 -6.962257 124.518084
-12.044057 -6.833934 125.881963
-8.031646 -9.871392 122.871209
-9.229205 -9.048019 122.387692
-8.034888 -10.028435 124.335016
-9.146754 -9.482486 125.298941
-9.082885 -9.396202 123.730570
-7.601590 -9.240371 118.551227
-8.420671 -8.746583 118.300551
-8.249534 -9.015022 119.429118
-7.038552 -9.453765 118.011831
-9.397031 -8.114730 118.832083
-7.294028 -9.738641 120.355184
-7.854299 -9.054873 114.773393
-8.418997 -8.654174 115.741926
-7.602140 -9.182077 116.539979
-9.361756 -7.981975 117.211022
-9.366954 -7.830149 115.697244
-10.296196 -7.004496 117.173652
-10.416161 -7.184600 118.889935
-11.016421 -6.134286 117.833932
-11.582766 -5.561260 119.253832
-11.927792 -4.793682 119.539105
-11.741106 -5.696246 121.185170
-12.263057 -4.163800 121.390301
-11.205520 -6.461113 120.391224
-6.087283 -9.932378 115.064148
-5.982680 -9.880905 116.971567
-5.175388 -10.861162 110.187730
-4.170210 -11.171515 111.239427
-6.517169 -9.834105 112.898545
-12.897146 -3.366624 124.900171
-12.297753 -5.995675 124.690144
-12.229254 -5.278194 123.189552
-12.586323 -3.284974 123.294613
-12.456936 -4.230638 123.254439
-12.580442 -2.280705 122.870370
-12.104353 -4.884703 121.544682
-11.125845 -12.518708 135.078754
-12.064803 -11.623116 135.513034
-11.903222 -12.327104 134.364885
-13.302889 -10.642609 134.914128
-12.913245 -11.458954 134.344276
-12.887834 -11.698008 133.601402
-12.095915 -12.411075 133.273528
-10.180585 -13.089505 134.740589
-11.003998 -12.971817 133.872510
-10.017088 -13.394896 133.486553
-10.734702 -12.108143 136.084821
-11.887362 -10.923341 136.483934
-10.859703 -13.070314 132.514076
-14.042173 -3.004373 132.638927
-14.065575 -3.893985 131.416513
-14.050613 -4.863454 130.802707
-14.243646 -4.417500 131.957335
-13.740110 -5.475265 129.815414
-13.287461 -6.102528 128.953418
-13.687459 -1.911598 128.740401
-13.816860 -3.844380 129.882963
-13.886873 -2.049236 130.525002
-12.666080 -6.734386 128.187416
-11.969799 -7.622847 127.671674
-11.008256 -8.393220 127.225680
-9.968425 -9.250583 127.121227
-8.812725 -10.020514 127.254226
-8.840109 -9.697551 126.745705
-9.961391 -9.003344 126.713780
-11.750477 -7.575038 127.311394
-12.231221 -6.939430 127.265032
-13.230778 -3.319938 126.317385
-13.161978 -4.027158 126.428644
-13.392888 -4.918240 128.651473
-12.721035 -5.938705 126.997567
-12.507772 -5.878261 125.748100
-13.044055 -4.946304 126.899588
-13.028330 -5.790231 128.168282
-13.481521 -4.121251 128.517115
-13.314825 -2.639172 126.578799
-12.695640 -4.975038 125.068506
-14.240029 -4.189077 133.261301
-14.104391 -4.367886 134.796711
-14.568004 -6.247464 133.788741
-14.398853 -5.901101 131.101915
-14.597188 -5.909276 132.372929
-14.119968 -6.539708 130.144393
-13.596703 -7.010047 129.236923
-12.966697 -7.723928 128.520554
-12.198499 -8.256273 127.948556
-11.381006 -9.367314 127.793842
-9.036304 -10.772151 127.782727
-8.237953 -12.428220 129.297604
-8.695451 -12.912586 130.132383
-9.436740 -11.636013 128.601296
-9.716594 -12.377994 129.650705
-10.588078 -11.223418 128.657330
-10.744573 -11.775872 129.406965
-10.420608 -10.477284 127.955286
-14.371587 -8.776178 131.397001
-14.364469 -7.626272 130.628472
-14.655008 -7.094712 131.566891
-13.913746 -8.881229 130.258426
-13.842739 -8.022214 129.700196
-13.854927 -9.560507 130.807090
-14.641881 -8.303188 132.228954
-14.740083 -7.387420 132.987295
-14.563443 -8.478101 133.491392
-14.556415 -7.417076 134.300322
-14.419639 -8.239038 134.523065
-14.272553 -7.167925 135.490929
-14.026461 -7.867309 135.973883
-13.876531 -7.023480 136.650530
-14.289068 -6.254429 135.342161
-13.845343 -5.777517 136.938667
-13.283270 -7.947357 137.307628
-11.644620 -10.334677 128.498014
-11.708139 -11.189398 129.429130
-12.543483 -9.995535 129.039551
-12.560832 -10.625863 129.696192
-12.448999 -9.213711 128.462436
-13.299595 -9.414905 129.561527
-13.278160 -10.073961 130.164179
-13.218023 -8.690859 129.040273
-9.993339 -12.814328 130.585302
-10.888261 -12.306579 130.372530
-11.453786 -12.447954 131.347775
-9.109482 -13.244445 130.990023
-10.264604 -13.101022 131.551929
-9.605654 -13.483362 132.212914
-11.742566 -11.789975 130.378675
-12.512789 -11.282907 130.590748
-12.790499 -11.565384 131.710612
-13.165644 -10.787768 130.980744
-13.681139 -10.324646 131.522680
-13.587793 -10.859991 132.588186
-14.045478 -9.916907 132.192542
-14.245169 -9.578033 132.962337
-13.868825 -10.269395 133.805784
-14.192920 -9.304900 134.276804
-13.657881 -9.810666 135.162165
-13.696557 -8.895691 135.958010
-12.903909 -9.960710 136.304390
-8.591213 -13.693562 132.464208
-9.097238 -13.631203 133.247937
-13.427813 -11.064630 133.565803
-12.984438 -11.632282 132.792594
-12.079762 -12.311593 132.314658
-13.898922 -4.632249 136.429753
-10.882137 -8.318697 126.815471
-10.530750 -8.234393 101.512522
-8.816547 -8.301602 99.497348
-14.871467 -4.081357 103.685752
-13.899588 -6.913581 101.921297
-13.863475 -6.496490 103.419070
-14.466478 1.838595 104.676168
-14.070738 3.053133 104.057838
-14.803099 0.353262 104.731873
-13.299863 4.361229 104.259460
-13.404356 4.718738 102.350108
-10.895616 7.724947 103.070386
-12.025502 6.495682 103.113502
-5.973113 -7.963903 94.532787
-3.242935 -7.482483 91.289180
-3.875562 -6.842868 90.843462
-2.608909 -6.900868 89.894031
-2.297505 -5.672485 88.876977
-1.792331 -4.301915 88.250801
-1.800434 -2.385320 88.152751
-15.251499 2.614422 96.310540
-15.315164 1.406976 98.778739
-16.212169 0.313555 95.957182
-16.368751 -0.513394 96.569512
-15.872302 -0.547250 99.156789
-7.995464 -8.271162 97.050946
-8.428619 -8.376500 96.565311
-9.290212 -8.346233 98.546522
-7.442045 -8.202804 94.739116
-8.042063 -8.558390 93.795633
-6.381007 -7.835235 92.594403
-6.820183 -8.152166 90.528010
-5.067396 -7.243150 91.780755
-5.295152 -7.268871 91.133553
-4.079754 -6.590349 90.171893
-4.366139 -6.588693 89.128592
-4.780790 -7.373269 92.328165
-6.191489 -7.800183 93.621457
-3.156470 -6.350783 89.809117
-3.337155 -5.999566 89.455127
-2.762369 -5.175130 88.915334
-5.573558 -7.355567 88.694647
-4.625318 -6.520519 86.643300
-3.812538 -5.913294 87.224186
-3.004096 -4.950554 87.515435
-3.474641 -5.893758 88.927640
-2.916684 -4.951375 88.661684
-2.353206 -3.763775 86.603129
-3.069773 -4.940297 85.514508
-2.381160 -3.960951 84.086067
-3.084493 -4.923418 82.813958
-1.763426 -2.628532 85.550982
-1.849061 -3.123453 83.050483
-1.811769 -2.461036 86.682118
-1.372547 -1.810124 84.275876
-2.480799 -3.723334 88.090229
-1.921468 -2.315713 87.460976
-2.030636 -2.186221 88.107141
-2.396809 -3.660956 88.375239
-2.156706 -3.914645 88.401869
-9.122678 8.252554 84.504926
-10.542047 7.841542 84.516355
-8.070273 8.221609 84.193622
-9.844926 7.735846 83.735574
-8.520854 7.929165 83.605838
-6.855693 8.086910 84.049696
-4.997518 7.197129 82.769123
-5.932421 7.657841 83.386663
-6.891789 7.740951 83.001515
-8.011015 7.806343 83.015090
-7.623547 7.473248 81.467020
-4.868685 6.839266 80.396448
-5.795638 7.185953 81.111907
-6.406973 7.022159 78.189456
-6.638951 7.267130 80.723748
-7.831060 7.290200 80.053165
-5.626820 6.914585 78.803250
-7.406612 7.139535 78.427267
-3.903273 6.293326 79.154995
-4.592458 6.516248 77.425129
-6.016098 6.794450 73.079937
-5.283158 6.658400 75.220066
-4.836490 6.309363 70.984385
-7.067351 6.939352 73.404371
-3.710308 5.819899 75.350915
-4.259630 6.081882 73.072956
-3.075318 5.458998 77.671994
-3.011009 4.793554 73.333838
-2.572415 3.929203 73.449302
-2.519480 4.278422 75.768350
-1.962822 3.627755 77.860949
-4.457195 -6.216982 83.623528
-6.345628 -7.831688 87.424346
-1.255342 1.593431 79.348994
-1.169862 0.657943 79.534683
-2.553763 -4.300084 81.219272
-3.440553 -5.331172 79.573520
-2.097557 -3.525051 80.163064
-3.861994 -5.708100 81.619925
-3.788522 -5.703414 84.923671
-6.773853 -8.066452 84.662086
-1.410935 -2.097896 82.725970
-1.116038 -1.010271 82.852024
-1.209894 -1.241779 81.175872
-1.569653 -2.388616 80.631752
-1.035515 -0.168688 81.269745
-1.217050 -0.365198 79.504678
-1.404607 -1.439126 79.412834
-2.222809 -2.814978 75.762743
-2.682829 -3.830205 75.562154
-2.901498 -4.635632 78.488157
-4.004981 -5.842960 77.578092
-4.856992 -6.630208 78.885635
-2.137936 3.311592 75.852908
-1.887478 2.299505 75.895075
-2.268573 2.986530 73.553463
-2.071035 2.015500 73.635528
-1.745735 1.288336 75.886776
-1.696179 0.284184 75.860178
-1.948862 1.047303 73.687710
-1.900524 0.079024 73.719907
-3.249762 -4.651445 73.953727
-3.921215 -5.659744 75.403492
-3.610236 -5.184118 71.993130
-2.753046 -3.745611 73.574352
-1.905121 -1.754412 75.793312
-2.092347 -1.874154 73.725633
-2.365860 -2.827529 73.666879
-1.739271 -0.726724 75.839389
-1.941474 -0.898820 73.738210
-12.230684 -7.940101 101.956922
-13.007065 -7.612652 101.817995
-12.105755 -8.311895 99.803611
-11.355053 -8.285756 100.724339
-10.509528 -8.839350 97.096756
-11.341368 -8.822022 97.231539
-9.502888 -8.791783 96.037315
-10.498548 -8.361942 99.921055
-9.214050 -9.045258 93.678853
-7.770587 -8.717194 90.753274
-8.571758 -9.109194 90.938371
-9.903763 -9.222653 93.673456
-9.366467 -9.390597 91.045126
-10.350387 -9.575679 90.861806
-10.664720 -9.283381 93.719071
-7.226842 -8.460781 87.893801
-8.069229 -8.982641 88.211237
-7.248038 -8.460836 83.608795
-8.898598 -9.380837 88.432424
-8.453845 -9.222048 85.961807
-9.258094 -9.587009 86.162705
-9.796839 -9.696701 88.132163
-7.661431 -8.772850 82.078855
-8.786091 -9.431394 83.442610
-6.408655 -7.877378 77.705143
-4.927920 -6.689264 77.299174
-7.826059 -8.876118 77.958627
-6.497013 -8.017819 74.397024
-5.695055 -7.400850 73.864773
-5.363426 -7.062353 75.588013
-4.388000 -6.137470 73.475204
-7.850404 -8.841861 74.256277
-8.795704 -9.417548 78.907892
-8.790732 -9.217483 74.705278
-6.946454 -8.324861 73.793259
-12.686001 -8.354084 98.556625
-13.115030 -8.392195 97.013211
-13.680246 -7.932238 98.038163
-12.381540 -8.976576 94.380699
-11.787915 -8.819131 96.824467
-13.135917 -9.239919 90.669918
-13.762681 -8.389625 94.748560
-13.808452 -8.970658 90.759775
-12.400913 -9.507051 90.174020
-13.539393 -9.315186 88.555637
-12.195658 -9.760080 87.934570
-11.493152 -9.607798 90.567862
-12.876294 -9.651654 86.096411
-13.866204 -9.179365 86.297997
-12.974622 -9.498175 82.858181
-13.624643 -9.112689 82.604966
-12.086714 -9.855640 83.312537
-12.191685 -9.683350 80.968983
-11.757571 -9.531943 77.676971
-12.430167 -9.290397 77.824236
-12.882493 -8.963652 77.213816
-11.313925 -9.878113 80.567381
-11.156766 -9.705468 78.150674
-10.919624 -10.013784 82.789058
-11.672662 -8.918288 72.366434
-12.079642 -8.633132 71.724245
-9.972657 -9.098016 70.921555
-10.521907 -9.870816 79.775275
-10.001012 -9.830680 80.006885
-10.259340 -9.948667 83.049029
-11.594710 -9.959134 85.378996
-10.997719 -9.834569 88.434587
-10.755296 -9.958403 85.793178
-9.955186 -9.802989 86.139410
-9.496455 -9.393534 74.739266
-9.493963 -9.681175 79.309753
-9.478710 -9.740190 82.782297
-16.030372 -4.555825 98.199389
-16.889609 -3.240802 94.842653
-16.234573 -5.001541 96.135062
-17.109082 -3.944768 92.168902
-15.845205 -4.147049 99.603100
-15.269683 -3.702252 102.511231
-16.510991 -3.156642 96.903039
-16.891419 -2.278448 95.082665
-17.389313 -2.243154 91.628499
-17.272588 -3.221455 91.949474
-16.870634 -4.848221 92.020577
-16.594770 -5.612998 92.031638
-15.699039 -5.755213 97.541300
-15.149376 -6.388731 98.562206
-15.345600 -4.830667 101.019574
-15.327653 -5.604999 99.730103
-14.606438 -5.606776 102.738688
-14.658227 -6.102541 101.396210
-14.921324 0.965028 103.477706
-14.655244 1.986872 102.923058
-15.520142 -0.356694 101.306987
-15.455958 -1.764494 102.461929
-15.408310 -0.651160 102.358279
-15.475515 0.413221 99.878725
-16.088727 -1.563550 98.961419
-16.502252 -1.880282 96.985202
-15.285505 -2.325897 103.123136
-15.818540 -3.077595 100.418231
-16.143833 -6.488791 92.420653
-15.810347 -7.118701 92.075432
-16.501032 -6.383750 89.524858
-16.857412 -5.589656 89.635393
-16.070483 -7.121308 89.350845
-14.617176 -7.048057 98.559140
-14.128685 -7.660347 97.793005
-13.718923 -7.351201 100.832710
-17.147021 -4.769322 89.641367
-17.376158 -3.920283 89.528086
-15.413392 -7.644517 91.858929
-14.836026 -7.855584 93.680781
-14.431465 -8.550023 91.375421
-14.710564 -8.594948 88.940222
-14.920877 -8.214704 91.114041
-15.570761 -7.767784 89.156659
-17.257026 -4.762742 87.040397
-17.483263 -3.901355 86.968904
-17.093547 -4.760496 84.094233
-17.321382 -3.884047 84.030834
-16.946426 -5.588011 87.020218
-16.765652 -5.593691 84.113139
-16.547359 -6.389667 86.945167
-16.345789 -6.392752 84.107161
-16.078619 -7.129917 86.836337
-15.874246 -7.114565 84.078004
-15.912206 -6.369599 81.150285
-16.301983 -5.578509 81.076989
-15.178250 -6.322112 77.086979
-15.428621 -5.512521 76.355561
-15.410371 -7.118220 80.949337
-16.612790 -4.738574 80.991699
-16.828333 -3.855489 80.888926
-15.799569 -4.701113 76.780511
-15.922939 -3.822597 76.206241
-14.761076 -4.465668 69.881579
-14.563119 -5.252207 70.430215
-13.907171 -8.595202 80.004540
-14.546454 -8.556728 84.027064
-14.487158 -8.160693 80.629849
-14.795257 -8.527478 86.510176
-15.008283 -7.573257 80.561674
-15.386412 -7.722692 84.025971
-14.126180 -5.823933 69.504920
-13.295868 -7.235513 70.051330
-13.552260 -7.974299 74.623542
-15.566699 -7.768839 86.709525
-13.009541 -8.431204 74.360185
-16.785734 0.769852 91.806893
-17.287342 -0.185529 90.654269
-16.672047 -1.293117 95.807064
-17.378401 -1.144184 91.251530
-17.611067 -1.089819 88.578197
-17.490745 -0.133067 88.196816
-17.627126 -2.080716 88.969366
-17.542324 -3.027475 89.298853
-16.992119 1.066429 89.978309
-17.226179 0.900735 87.867761
-17.037635 1.133593 85.168258
-16.761582 0.816601 82.522318
-17.438894 -0.099488 85.844952
-17.100269 -0.083134 83.070916
-15.867316 1.754509 79.739990
-15.437689 0.872703 75.909701
-14.938008 1.960606 75.804023
-16.509356 -0.074972 79.861920
-15.669740 -0.126147 75.497652
-17.611501 -1.037814 86.185255
-17.334053 -1.015768 83.410528
-17.678046 -2.016463 86.508750
-17.456282 -1.976956 83.691839
-16.775029 -1.018920 80.227120
-15.984182 -1.064136 76.166361
-16.924846 -1.966486 80.530034
-16.012201 -2.017193 75.832788
-16.116095 -2.926535 76.557654
-15.197843 -2.986974 70.944875
-15.134739 -2.080596 70.527397
-17.629734 -2.983725 86.784062
-17.448259 -2.950843 83.900373
-16.939014 -2.922622 80.745369
-15.100931 -1.213371 70.794280
-14.826405 -0.339332 70.212269
-14.604042 0.563335 70.552846
-14.196173 1.408754 70.358013
-11.679752 7.754288 101.125720
-12.680303 5.959388 102.177164
-14.231117 3.301335 101.491626
-13.765647 4.386051 101.372778
-14.790141 2.212333 100.348108
-10.673814 9.367617 100.153197
-11.643328 8.719953 99.076073
-13.069517 6.800481 98.488181
-12.397348 8.014363 98.183705
-14.166104 4.911555 97.633441
-10.004504 11.308535 94.113176
-10.878942 10.307441 96.950722
-11.751611 9.238228 97.292563
-10.739936 10.025857 98.414634
-11.062690 10.416976 95.470610
-13.760916 5.971357 97.166905
-12.788589 8.245080 95.490716
-12.047997 9.368506 95.239429
-13.285115 7.134847 96.395638
-14.020841 7.008522 91.538255
-13.005964 8.452494 91.754869
-14.059091 6.415005 93.580897
-11.386246 10.240168 93.473260
-11.927510 9.643241 91.617504
-11.015771 10.103167 90.048893
-10.444340 10.896819 91.964944
-12.497016 8.826157 89.918337
-13.052153 7.815096 88.093969
-14.079391 6.771330 88.165540
-13.610208 7.614178 90.027404
-11.567646 9.173252 88.365283
-10.410935 9.547488 87.455154
-9.622097 10.716290 89.361306
-8.706392 10.243426 87.420289
-12.439853 6.472638 82.971776
-11.283124 7.092459 83.243124
-13.029531 6.353758 83.740022
-11.816299 7.376640 84.741940
-9.135101 11.398378 90.897180
-7.532418 9.929927 86.497125
-14.648780 5.059239 93.832518
-15.562595 2.999305 93.409910
-14.989539 5.528390 90.618747
-15.428895 4.376580 91.151193
-15.641701 4.308989 89.878806
-15.496346 4.827116 88.639158
-15.557477 4.716259 86.948720
-16.496022 2.738057 88.460137
-14.709747 6.074809 88.822867
-14.422094 6.524650 90.206133
-14.887460 5.676882 87.350250
-15.858227 3.845488 85.098372
-15.526356 4.368851 85.054009
-16.299144 3.242174 86.158633
-16.300764 3.325160 87.398781
-16.602400 2.562564 86.354651
-15.043263 5.185287 85.514987
-14.465741 5.800269 85.482259
-13.533877 6.742042 86.005189
-12.685158 7.231541 85.617344
-14.290580 4.726766 81.558154
-13.808439 5.239881 81.772722
-8.340081 9.069178 85.464498
-7.292227 8.723907 84.878358
-9.458145 9.307347 86.233462
-13.141382 5.609751 81.109975
-12.967364 5.134365 78.380574
-13.672706 4.192091 77.261811
-15.671934 2.686773 81.029290
-16.281260 2.065176 82.485297
-15.160255 2.911853 79.374921
-16.297436 2.698088 84.246481
-14.636330 3.830163 79.964214
-14.283271 3.064341 75.837847
-12.082323 6.325791 81.438982
-10.972329 7.006503 82.320442
-9.512657 7.605411 82.965392
-8.684486 7.598393 82.163184
-9.536343 7.420124 81.966824
-9.318898 7.170934 79.658962
-9.449824 7.283567 80.927861
-8.932041 7.162197 78.897985
-9.903308 6.765883 76.246287
-9.257270 6.819391 74.835673
-10.294950 6.777226 78.051673
-10.618341 6.444303 76.064023
-8.488351 7.417132 81.048068
-8.370004 7.095574 77.130438
-10.542072 6.826162 79.690514
-10.852165 6.838673 80.863749
-11.899877 6.145696 79.774028
-10.996603 6.447016 77.936582
-11.344087 6.003642 75.893039
-11.731820 5.987590 77.778744
-12.059135 5.461261 75.755623
-10.034155 6.461297 74.137178
-10.802584 5.998161 73.740456
-10.000386 6.118491 71.904194
-9.113444 6.535980 72.132646
-8.213682 6.856914 73.007587
-12.734888 4.847912 75.734146
-12.956135 3.958912 72.455325
-12.242586 4.912360 73.545398
-13.473940 3.521665 73.392246
-13.315115 3.020242 70.780879
-13.811639 2.289653 70.870490
-11.538134 5.503916 73.715918
-11.551699 4.943538 71.076230
-5.721334 6.576932 70.315108
-5.293063 6.169784 66.714774
-4.269909 5.711896 66.372905
-6.764736 6.699115 70.160345
-6.165384 6.221943 65.980946
-5.701964 5.819638 63.403901
-4.729374 5.632695 63.622235
-3.711836 4.978777 62.855272
-3.760476 5.436619 67.562457
-2.999382 4.494748 66.156636
-3.412871 5.198992 70.669081
-3.224316 4.614429 63.547948
-2.548171 3.619086 62.525252
-4.201849 5.026448 61.202923
-5.311802 5.425127 61.452603
-2.805332 4.232085 69.662154
-2.510365 3.562786 70.662178
-2.318614 3.218389 64.047396
-2.094587 2.608198 65.102645
-2.219427 2.517870 70.332201
-2.092287 1.703321 71.050887
-1.916799 1.069753 67.348402
-2.403402 -2.810579 71.257732
-2.710713 -3.619684 71.240497
-2.360360 -2.829432 68.687040
-2.575173 -3.534525 67.804038
-2.180702 -1.971922 71.257786
-2.173673 -2.216543 67.948398
-2.978746 -4.234220 70.106590
-3.109492 -4.749879 66.976728
-2.509297 -3.951135 63.381158
-2.616522 -4.363121 61.605464
-2.242826 -3.431290 62.565391
-2.043775 -1.098834 71.235460
-2.036600 -1.332347 68.453385
-1.988289 -0.189501 71.192157
-1.946214 -0.741226 67.576548
-2.007000 0.750362 71.130362
-1.940609 0.394044 68.414244
-1.727529 1.288590 63.130976
-1.599537 0.104346 62.114450
-1.701945 -0.443550 63.593916
-1.752849 -1.695783 61.979957
-1.619014 -1.198155 60.583321
-1.974050 2.365347 60.923670
-1.816556 1.838903 62.072069
-1.978752 -2.316435 64.146924
-2.041893 -3.069245 60.600463
-4.762103 -6.677186 68.248663
-5.281320 -7.122558 67.989387
-4.307331 -6.184955 69.200433
-4.114869 -6.367090 61.974451
-4.502845 -6.753167 61.372322
-3.574580 -5.765487 62.061335
-3.808787 -5.585060 69.463225
-3.183216 -5.211671 62.899685
-8.011908 -8.525631 67.750981
-7.321050 -8.340665 68.875856
-8.480703 -8.536292 66.074793
-7.762648 -8.254684 63.034861
-8.236206 -8.152090 60.690181
-7.362628 -8.242951 65.757579
-7.045786 -8.047239 61.052237
-6.664760 -7.965379 64.499137
-6.089993 -7.701808 65.433077
-6.631697 -8.015035 69.084319
-5.866889 -7.544640 67.989077
-5.069126 -7.207304 61.095613
-7.479501 -7.998972 58.680931
-6.187126 -7.804615 58.791172
-5.549332 -7.548329 59.133192
-10.299110 -8.950405 69.580577
-10.568663 -8.828640 68.894671
-9.107229 -8.423695 64.219198
-9.460742 -8.059619 61.446448
-9.012127 -8.772622 68.220914
-10.930663 -8.584615 67.973107
-11.448151 -8.337222 67.888047
-10.225194 -8.075633 63.148694
-10.616904 -7.536195 61.159977
-8.776199 -7.888941 58.763172
-9.977121 -7.456338 58.707204
-12.172708 -8.126170 69.172320
-11.765559 -6.884934 62.113260
-12.806005 -7.688417 69.711048
-11.194472 -7.131407 61.040422
-13.187378 -5.241501 63.088096
-13.546664 -4.694236 63.768336
-13.605914 -6.507641 68.919453
-12.683503 -5.732184 61.851889
-12.226704 -6.271345 61.552223
-13.664581 -3.892200 63.015174
-13.846173 -3.341504 63.441903
-14.956847 -3.733879 70.026779
-12.643924 -4.684708 58.216840
-12.859122 -4.066113 57.979868
-13.113903 -3.300414 58.381095
-13.956857 -2.773680 63.812424
-14.022901 -2.125501 64.257913
-13.902330 -1.449588 64.002561
-13.155265 -0.929290 60.178462
-13.896501 -0.698778 64.801384
-13.862076 0.202828 66.097490
-13.376631 0.860363 65.043415
-12.701281 -0.375931 58.626253
-12.317790 0.231615 57.971555
-12.615992 -1.459081 55.682827
-12.916001 -2.038262 56.967950
-13.050419 -2.422675 57.652485
-12.690870 0.978983 61.816430
-12.086031 1.521325 60.507049
-11.306334 2.221127 59.433210
-11.958904 2.474813 62.957575
-12.953259 1.910649 65.847255
-12.166733 2.921043 65.483931
-11.379836 2.911755 62.102050
-10.797731 3.290471 61.421006
-12.265580 4.259567 70.742542
-10.562670 5.192765 68.937499
-9.614944 5.581250 67.860985
-8.761380 6.156992 68.766585
-7.864536 6.581880 69.966253
-7.376833 6.173942 66.393257
-6.755834 5.726255 63.160329
-8.074898 5.561242 64.127268
-10.294862 3.943719 62.530162
-9.846318 4.514414 63.631038
-8.815704 5.074695 63.417419
-6.088499 5.253712 60.531299
-7.388949 5.161456 61.234531
-7.996853 4.575272 59.758591
-9.153348 4.246763 60.784610
-9.680378 3.571892 59.294729
-5.142164 5.667595 13.094958
-4.680548 5.541233 13.172260
-4.802114 5.468805 15.976599
-5.537735 5.622111 13.048305
-5.437005 5.634065 15.650224
-6.075219 5.568652 15.760144
-8.288846 1.610801 12.408467
-8.245667 2.289571 11.278777
-8.148710 0.668680 13.242099
-8.018692 0.967342 11.384169
-8.526269 1.134685 14.526332
-8.459141 1.865804 13.597989
-4.242232 5.301151 12.691336
-4.173492 5.042425 15.765095
-3.803706 4.674980 13.704222
-3.890889 4.986192 12.033394
-3.495446 4.138054 14.061561
-3.062605 3.083008 14.426768
-3.617847 4.483650 11.736755
-2.920564 2.599229 13.145848
-6.724134 4.854836 13.396429
-7.094536 4.844658 15.067734
-6.285236 5.108161 11.783821
-7.575229 3.981987 13.495682
-7.136495 4.240197 11.349934
-7.434150 4.405784 14.692627
-8.244081 2.588550 12.382550
-8.581823 2.225845 14.622932
-8.213754 2.931455 13.313072
-7.911769 3.309071 11.415506
-2.819201 0.628932 12.915614
-2.802502 1.388365 13.796907
-2.589619 1.147522 11.657011
-3.059435 0.422178 15.027684
-3.265305 -0.267790 14.243093
-3.307922 -0.722611 12.559416
-2.915157 -0.239318 11.837205
-7.732061 3.595388 12.265678
-8.219436 3.322444 14.603267
-5.936138 5.425427 12.854397
-6.507505 5.294641 15.093443
-2.745829 1.889869 12.561677
-2.853027 2.528749 11.585769
-2.819092 1.844709 14.722041
-8.090578 3.006491 10.437707
-7.796188 3.883180 9.045899
-8.220008 2.565064 9.650359
-8.215105 3.294282 8.313968
-8.177049 1.887140 10.307747
-8.249515 2.202964 9.080086
-7.561021 -0.438317 9.776937
-7.727393 0.200645 10.345963
-3.796397 -1.677445 11.520127
-3.409865 -1.540797 10.418884
-2.660163 0.356280 11.695881
-2.289814 -0.162839 9.673907
-2.039724 0.374021 9.508890
-2.017475 1.068609 9.389155
-2.582239 1.843485 11.022716
-2.950141 3.047269 10.623324
-3.469301 4.851504 9.688329
-3.808310 5.366530 10.277642
-4.105256 5.765208 10.001105
-4.655192 5.934589 10.500046
-3.999578 5.834414 8.839858
-4.476949 6.036942 8.919167
-5.009960 6.023949 8.901198
-5.363561 5.856065 8.972183
-5.960082 5.382054 9.479623
-6.723480 4.708977 8.979520
-7.378099 4.090736 10.250388
-7.399846 4.242992 8.854812
-7.374462 -0.694664 10.686096
-6.951688 -1.362683 11.547736
-6.819318 -1.620687 10.837772
-7.625705 -0.270104 12.029663
-7.780610 -0.419777 13.725294
-7.226951 -1.244556 13.233876
-4.793974 -2.507880 11.112364
-5.258472 -2.672192 10.810069
-4.152524 -2.259653 10.829629
-5.675655 -2.268288 12.146905
-4.362595 -2.200596 11.530313
-5.097075 -2.252136 12.599937
-4.382353 -1.972595 12.446987
-3.701081 -1.343566 12.365557
-4.101564 -1.411012 14.647676
-4.905709 -1.899020 15.708702
-7.132098 -1.428245 10.156369
-6.361658 -1.960346 11.963690
-6.078069 -2.277241 11.089603
-6.535057 -2.158450 10.520973
-7.243402 -1.795892 17.304885
-12.239851 -2.856719 54.065845
-11.615210 -4.100384 53.287839
-11.932892 -1.598495 51.927745
-12.096562 -2.348672 53.260832
-11.576559 -2.826398 51.934831
-3.158911 4.106979 60.002710
-1.530220 -0.642251 59.204545
-1.830993 -2.477768 58.760207
-1.613357 1.101706 59.400345
-2.161078 2.764485 59.851525
-1.550594 0.491350 60.115075
-2.152615 -3.461212 57.560584
-2.511219 -4.236409 57.676189
-2.013188 -2.918144 54.350560
-2.265451 -3.492254 53.891443
-1.816486 -2.294314 55.010729
-1.498308 -0.075862 57.548266
-1.570145 -1.098638 56.503428
-1.537524 0.585192 57.247500
-1.536959 -0.746491 54.889957
-1.706557 -1.856611 54.125388
-1.542647 -0.163648 54.605117
-1.669452 -1.759219 57.868890
-1.755696 1.689886 58.769824
-1.963983 2.115032 57.641882
-1.664927 1.072803 56.373579
-2.002264 -2.608479 52.779784
-1.640026 0.180248 53.411992
-1.650843 -0.973785 51.963512
-1.865262 1.341828 55.049455
-1.751421 0.460482 51.918011
-1.680558 -1.519158 52.878445
-1.688441 -0.457938 51.150301
-1.916273 -1.427637 50.147989
-10.864588 -6.446039 56.114299
-10.470316 -6.845640 56.683924
-10.476544 -6.458113 54.758896
-11.440574 -4.937323 54.057010
-11.141466 -5.286121 52.914381
-11.375078 -4.393328 52.471105
-11.198983 -4.303900 50.604005
-11.080710 -5.757257 54.693742
-10.876044 -5.800498 53.556684
-10.256195 -6.552623 53.017054
-6.983783 -6.094452 48.102775
-6.509636 -6.174384 48.931167
-5.193974 -4.595131 46.988021
-4.874416 -4.759016 47.985055
-7.240645 -6.645962 49.118816
-5.138516 -6.685074 52.894738
-4.505593 -5.146891 50.251971
-5.579741 -6.097036 50.600005
-4.566108 -6.107663 52.613944
-6.277674 -6.911432 51.778059
-6.813187 -6.905457 50.741309
-6.115051 -4.645159 45.993430
-6.582757 -4.348484 44.574293
-7.543906 -4.952079 45.154622
-5.167526 -3.280396 44.087537
-7.209235 -5.452252 46.637181
-11.674446 -0.442229 46.968961
-11.829111 -0.526814 45.961181
-11.768341 -1.360486 45.384522
-11.394485 -2.427511 47.992354
-11.427974 -2.654064 50.924555
-11.571294 -1.919748 50.265289
-11.676493 0.413755 47.638397
-11.540152 -1.431149 49.017530
-11.328847 -2.791397 49.254459
-11.195169 -3.476542 49.470689
-8.345009 -4.419018 42.669953
-8.183724 -3.874273 39.810028
-8.710094 -3.799895 39.275074
-7.516047 -4.257492 42.615556
-7.494181 -3.747518 40.119540
-8.499600 -4.904492 44.757727
-9.094386 -4.313671 42.646421
-9.442046 -4.733333 44.999229
-4.688807 -3.723755 45.924733
-4.268483 -2.707973 44.481523
-1.842561 -1.826944 51.525272
-2.183769 -2.679898 51.323595
-2.526783 -2.796256 49.848672
-3.019813 -2.430631 47.381313
-3.772175 -3.121287 46.535421
-4.001296 -3.884298 47.502188
-3.315655 -3.130421 47.690606
-2.113480 -2.045674 50.058626
-6.687001 -3.788967 42.369691
-6.615403 -3.272210 39.975494
-5.548039 -2.968666 42.119050
-4.382296 -2.210866 42.386768
-3.703019 -1.382562 40.676611
-2.397596 2.981429 58.326498
-2.141957 1.789077 54.500443
-2.849294 3.448950 57.954505
-2.732312 3.744360 60.647255
-3.535035 4.030404 58.013055
-4.696175 4.811275 59.279204
-4.301926 4.282735 57.393765
-4.083070 3.728439 55.604629
-1.958866 -0.880961 49.601105
-1.836733 0.048789 50.266838
-1.928781 0.954941 51.401871
-2.032966 0.581324 49.815991
-2.332178 1.602572 51.401091
-2.873019 2.062244 50.643099
-3.812204 3.045626 52.007793
-3.637753 2.879947 50.817054
-3.024973 2.500369 52.610711
-2.622790 2.508954 54.963210
-3.203022 2.996266 54.821333
-3.859242 3.337287 54.220625
-12.065590 -0.152360 44.530045
-12.145447 0.797877 44.569213
-11.779494 0.870929 46.537121
-11.421471 2.318311 47.143913
-11.591870 1.722847 47.166005
-11.352717 2.891668 46.443376
-11.784136 1.819272 45.907404
-11.884482 2.641035 44.641045
-12.168306 1.653607 44.059475
-12.305136 1.864769 42.703505
-12.190792 2.773218 42.657692
-12.325529 2.246822 40.989386
-12.232376 3.135733 40.972464
-12.297319 0.945835 42.828778
-12.302727 1.395339 40.843538
-12.158348 0.052496 42.957347
-12.142099 0.387726 41.022809
-11.931969 -0.724716 42.769133
-3.000070 -5.057201 58.929536
-3.775152 -6.046771 59.338350
-3.657536 -5.848143 57.520754
-2.924044 -4.768812 55.701962
-3.653789 -5.644728 55.077321
-4.401135 -6.675539 57.950434
-4.445277 -6.426490 54.536455
-3.898235 -5.494234 52.732631
-3.319108 -4.901571 53.013871
-3.228622 -4.162013 50.907198
-2.739102 -4.225704 53.538819
-2.593992 -3.577017 51.787346
-4.016986 -4.475550 49.465501
-2.859577 -3.385417 50.044305
-3.748879 -2.605247 45.713582
-6.821219 -7.892411 57.766669
-7.997837 -7.764772 56.257036
-7.419724 -7.698291 54.587628
-7.054023 -7.598918 53.686819
-6.182240 -7.645647 55.917398
-5.534666 -7.469411 56.925551
-5.581113 -7.204986 54.031458
-4.969026 -7.170088 58.142164
-4.944217 -6.898558 54.797779
-6.354981 -7.377138 53.397593
-7.895967 -7.603048 53.268300
-7.272914 -7.399261 52.179739
-9.293232 -7.454058 56.681877
-9.899248 -7.011166 55.464114
-9.233258 -7.290413 54.729128
-9.806442 -6.942338 53.890063
-9.072151 -7.331996 51.896494
-8.628401 -7.583744 55.788355
-8.484086 -7.521396 53.419479
-12.323148 -5.177942 57.921556
-11.589844 -5.985708 57.114188
-11.822090 -5.572342 56.695691
-12.144697 -4.758889 56.082954
-12.480640 -3.653494 55.676532
-12.522266 -2.361121 54.916461
-12.882128 -3.162322 56.965053
-12.175890 -0.257553 55.259015
-12.444951 -0.940563 55.377517
-11.696064 0.659753 55.478056
-11.891764 -0.022013 53.134987
-11.545719 0.634338 52.813964
-11.978340 -0.512673 52.110320
-11.687910 0.442588 50.789019
-12.091689 -1.194269 52.664806
-11.420143 1.212551 50.150325
-11.655139 -0.112497 48.610249
-11.673551 0.422724 48.806084
-11.608620 1.094943 48.248553
-10.993010 1.632220 55.579815
-11.237930 1.137603 53.657575
-11.135591 1.402220 51.773160
-10.785227 1.724277 53.389518
-11.970813 0.880777 58.044445
-11.363400 1.588369 57.449818
-10.346391 2.846731 58.235835
-10.587291 2.185713 56.263461
-9.798586 2.756511 55.864673
-11.160205 1.876878 49.585315
-10.738261 1.979761 51.249073
-10.372620 2.168281 54.462721
-9.600716 2.659954 54.179534
-10.315774 2.180978 52.510144
-9.576881 2.594841 52.591387
-10.219162 2.393050 51.003313
-10.754674 2.407597 49.470795
-9.969251 2.647410 50.355057
-10.319190 2.841995 49.047037
-10.970029 2.766743 47.935460
-10.721865 3.297343 47.343829
-9.514608 3.511536 48.673893
-6.693864 4.742964 58.725282
-5.398150 4.652795 57.973188
-6.127435 4.390902 56.782032
-7.326310 4.263894 57.347963
-8.514290 3.980652 58.285905
-8.009124 3.751545 56.222489
-5.045063 4.244117 56.334457
-5.744172 3.991228 54.987442
-6.770277 3.930096 55.260865
-7.583511 3.556608 54.518427
-8.756520 3.208019 55.178850
-9.170562 3.338061 56.895119
-8.630149 3.089925 53.895616
-8.501208 3.161103 52.248195
-7.480545 3.588378 53.102070
-7.448651 3.737591 51.585254
-8.635541 3.499004 49.979849
-7.470909 3.962473 50.344650
-11.451542 -2.506977 46.667351
-11.058743 -3.473635 48.043345
-11.237759 -3.052988 46.353675
-10.762835 -4.182304 48.081524
-10.414784 -4.992543 48.320769
-11.637828 -1.843426 44.390835
-11.477084 -1.317547 40.894866
-11.205302 -2.005572 41.666652
-11.307021 -2.628921 44.588890
-10.923543 -3.238921 44.546542
-10.496526 -2.745201 40.601332
-10.381220 -3.843057 44.324029
-9.814725 -3.256694 39.469254
-10.700679 -3.878519 46.246139
-10.049333 -4.268063 44.734548
-10.069519 -4.776161 46.539810
-9.379468 -3.717947 40.224602
-5.817699 4.991945 47.666326
-5.145751 4.484217 48.539243
-6.649268 4.899146 47.974590
-6.003011 4.493682 49.143792
-5.853361 6.530893 44.162263
-5.089810 5.425483 46.098128
-6.730560 6.697963 44.041347
-6.269334 4.115476 51.106444
-5.281609 4.138436 50.275286
-7.012147 4.351751 49.438619
-8.267147 4.101267 48.964407
-9.175355 4.248430 47.702329
-9.159530 5.756895 44.890167
-9.726991 5.099158 45.640204
-10.183590 5.693433 43.638785
-8.575028 4.582391 47.610452
-8.267632 5.902478 45.257867
-7.370387 4.827737 47.874238
-7.520091 6.680986 43.965410
-6.641060 7.263033 42.588796
-4.984132 6.717552 43.009297
-5.761986 7.115176 42.651998
-7.534623 7.261121 42.436999
-8.409685 6.584692 43.680874
-8.456506 7.090939 42.230992
-11.240682 3.526742 45.797347
-10.566202 4.031176 46.385133
-10.171120 4.551322 46.092128
-10.693448 4.835196 44.639709
-11.138982 4.220739 44.852888
-9.309382 6.274820 43.521022
-10.312351 6.198795 41.794973
-9.405058 6.737064 42.014449
-10.951136 5.167103 43.146824
-11.089180 5.505864 41.564659
-11.554325 4.430567 42.933488
-11.668877 4.736996 41.323223
-11.955782 3.630411 42.747016
-12.032251 3.953952 41.098768
-11.732305 3.433819 44.215528
-2.515595 -1.665787 48.060041
-2.633798 -0.783765 46.963403
-2.166843 -0.412818 48.672937
-3.099055 -1.685131 46.185179
-3.607438 -1.874904 44.132775
-3.055918 -1.200304 45.334323
-3.170898 -1.120983 42.787573
-2.936994 -0.614340 39.832819
-2.694378 -0.277204 46.186881
-2.855899 -0.544472 44.168930
-2.635532 0.283776 45.813398
-2.640018 0.182241 43.755088
-2.521011 1.804434 47.760773
-2.541017 1.223445 46.441721
-2.496857 1.585122 48.512366
-2.409366 0.757324 47.562697
-2.305616 0.153070 48.097501
-2.322418 1.121222 49.273478
-3.201069 3.487103 47.399562
-3.777538 3.270722 49.774738
-2.884898 2.781641 47.795062
-2.828619 2.385489 48.621582
-3.043041 2.394416 49.601451
-2.689317 2.481898 46.932524
-4.390750 4.024275 48.942524
-4.339622 5.110958 45.877406
-4.529760 3.629517 51.075604
-3.710707 4.665716 45.725168
-3.181086 4.190834 45.187679
-2.874304 3.394191 45.647772
-2.581895 1.801944 45.598245
-2.608594 2.774785 44.488712
-2.739345 3.900254 43.562874
-2.451221 1.983592 43.783497
-2.335291 3.295825 42.339063
-2.212989 2.319486 42.168222
-2.543492 1.019085 44.295963
-2.225699 1.396295 41.853962
-2.274217 0.645235 40.936576
-2.568994 -0.097777 40.878696
-3.105834 4.799840 43.423972
-3.608437 5.413843 43.632407
-4.154867 6.373596 42.571090
-8.680662 -5.283585 46.023423
-9.436554 -5.399789 46.691373
-9.406261 -5.904724 47.942047
-9.250313 -5.187977 46.046652
-8.169754 -6.418524 48.091435
-8.029827 -5.430021 46.269563
-8.778206 -6.076728 47.629497
-10.587483 -6.242443 51.967905
-10.951104 -5.731792 52.216531
-10.060609 -6.506898 51.005155
-11.216162 -4.979936 52.205429
-8.506801 -7.502000 51.879548
-8.017674 -7.538760 51.719344
-9.840303 -6.908619 51.905864
-8.169828 -7.272445 50.555232
-8.858811 -7.134442 50.592989
-9.491346 -6.945750 51.017910
-8.625095 -6.724429 48.982554
-9.271956 -6.509734 49.334692
-9.945199 -5.557841 48.247461
-10.228924 -5.714909 49.422152
-10.669406 -5.163678 49.389403
-10.919950 -4.842087 49.779769
-7.703542 -6.492756 48.315948
-7.531182 -7.252715 50.787205
-4.799731 3.826132 54.814479
-4.711026 3.690440 52.935640
-5.572333 3.922496 53.877287
-5.433667 3.969044 52.101962
-6.570151 3.837985 54.238366
-6.404985 3.942297 52.649581
-9.266845 0.745381 18.782435
-9.184883 1.218660 17.733285
-8.989499 1.657950 16.617762
-8.301278 4.855570 19.232272
-8.266273 3.759878 16.127144
-8.359235 4.315042 17.897652
-8.733646 2.576072 15.982127
-2.901742 1.126308 16.038059
-3.167493 0.245400 17.044468
-2.842913 1.238798 17.852870
-3.500944 -0.425458 16.631035
-3.807175 -0.908430 16.093582
-6.636034 5.784572 18.804112
-7.483649 5.408246 18.593311
-5.658703 5.845723 18.405609
-4.910307 5.656730 18.358948
-8.948065 2.947413 17.824130
-7.999449 -1.145698 17.637757
-8.622424 -0.230939 17.690809
-4.468506 -1.454976 17.599425
-5.242569 -1.854437 18.613080
-2.808504 2.177521 16.204581
-3.025262 3.301944 16.435134
-2.698004 2.452653 18.005217
-4.222036 5.227400 18.517468
-3.655099 4.495616 16.648453
-3.478710 4.485136 19.004908
-3.072863 3.687449 18.019024
-11.885685 0.869656 37.042585
-12.058642 1.960409 36.991726
-11.606926 -0.240651 37.587555
-11.711066 4.609644 33.696162
-11.853313 4.064765 34.523247
-11.561286 4.433284 32.006199
-11.359916 5.498006 32.518424
-11.689488 3.739181 32.140795
-12.154484 2.840051 38.045660
-12.123740 3.588270 38.821605
-11.613530 1.179531 32.473365
-11.801162 2.186110 32.590858
-11.328221 0.152876 32.692723
-11.880267 3.035613 33.388181
-11.124082 5.507976 31.087862
-10.876951 4.773320 29.167512
-10.650415 5.723462 29.735569
-11.314235 4.234219 30.422298
-11.042510 3.442013 27.523971
-10.869129 3.967081 27.551711
-10.429423 5.518144 28.801535
-10.211676 4.968640 27.042193
-9.767359 5.632731 27.185832
-3.003263 -0.324175 34.441791
-4.506444 -1.395844 35.914794
-3.606172 -0.514112 32.501474
-3.470017 -0.958550 38.652365
-6.678246 -3.035115 37.815915
-5.342561 -1.677614 32.463059
-2.873739 0.125143 31.479185
-2.538989 0.180826 33.215496
-4.567098 -1.058275 30.486773
-5.610599 -1.700060 28.930270
-4.838058 -1.227573 28.153989
-5.217073 7.691581 31.630847
-5.850309 8.039322 32.412587
-6.096472 7.813344 31.178534
-4.590856 7.599748 32.306736
-4.931352 7.923289 33.818633
-5.862580 7.335655 29.645717
-4.713315 6.964380 29.849654
-7.177303 7.134103 27.942714
-6.324719 7.137095 28.041806
-5.503017 6.968953 27.957588
-4.886194 6.797811 28.414000
-4.040724 6.400471 28.787343
-5.983853 6.763307 25.093821
-5.134688 6.536498 24.659213
-4.444763 6.309659 25.230227
-3.362122 5.824204 27.369592
-9.344621 6.219931 27.752801
-8.722153 6.630569 27.775485
-8.665654 6.066922 25.087872
-7.860717 6.373772 24.405425
-8.033954 6.923483 27.760326
-7.534269 6.731582 25.662324
-2.293191 3.903923 25.070271
-2.217162 3.368112 24.196283
-1.971769 3.218040 27.026435
-2.709377 4.433620 23.649470
-2.462681 3.598605 22.535129
-2.421866 4.563729 26.510118
-3.148106 5.001672 23.392281
-3.680695 5.696551 24.264502
-2.877762 5.269895 26.571282
-4.383253 5.846192 22.118074
-4.994515 5.969588 20.645527
-5.721199 6.228458 21.320453
-6.518391 6.583397 23.767930
-6.468926 6.122308 20.813359
-9.400603 1.918488 18.964244
-9.761243 1.357060 20.843188
-11.682890 2.951580 31.446716
-11.327560 2.098506 29.314754
-11.062704 2.704962 27.109102
-11.022072 1.125925 28.630585
-10.596967 0.180032 27.983458
-10.663868 2.464658 24.843343
-10.534382 3.281910 25.021391
-10.797341 1.779127 25.749731
-10.339149 4.057784 25.525090
-7.115891 6.254792 22.473528
-9.845369 2.409033 21.367816
-9.284518 3.420868 20.160652
-9.553397 4.569346 23.610892
-9.366356 4.041516 21.651812
-7.534964 5.772532 20.633313
-7.844687 6.054554 22.824210
-8.610168 5.647045 23.180385
-8.628499 5.266513 21.910720
-10.295722 1.495114 23.261292
-8.833550 -0.755985 20.316857
-9.716777 0.344809 21.941226
-10.495496 0.839865 25.377290
-9.826643 -0.211373 24.057815
-4.162927 -0.769309 27.546847
-5.454038 -1.780696 22.961907
-4.628025 -1.375289 21.277509
-3.935422 -0.751766 23.549990
-3.817414 -0.703066 20.262556
-3.232533 0.114364 19.078853
-2.192146 0.846235 30.429598
-2.550192 0.562466 29.694385
-2.966736 0.274388 28.042840
-3.650129 -0.346459 29.157767
-2.418029 1.111630 26.350584
-2.746194 0.628965 24.145625
-2.086835 1.367607 28.409989
-2.083246 1.889145 26.577240
-3.423687 -0.199841 25.951823
-2.660480 1.366791 19.905289
-3.087792 0.214151 21.631113
-2.655739 0.969308 21.937429
-2.509886 2.080570 19.967238
-2.388326 1.701626 22.088406
-2.282668 2.380533 22.160010
-2.510347 2.712131 20.091619
-2.878360 3.971213 20.888007
-3.634581 5.025964 21.017812
-2.326697 3.025392 22.157011
-2.372315 1.387974 24.270471
-2.168887 2.104164 24.277000
-3.268541 -0.081523 23.835184
-2.125856 2.748705 24.182160
-1.993400 2.626191 26.329797
-11.233163 -1.107530 37.837091
-10.802940 -1.893365 38.417903
-10.995672 -0.835487 33.744440
-10.815679 -0.648881 31.513978
-10.474397 -1.453810 32.380296
-9.753632 -1.296268 27.700188
-10.303084 -0.594466 28.396826
-10.189560 -2.629170 38.014736
-9.506340 -2.807528 34.746130
-9.428305 -1.821509 28.412047
-8.988050 -2.196463 28.776966
-9.978512 -2.144063 33.017975
-8.435306 -3.359842 35.544970
-9.059804 -3.265295 35.976084
-8.178617 -2.907479 32.525505
-8.450866 -2.421587 28.825742
-7.956196 -2.567605 29.616975
-8.773464 -2.775838 32.380927
-8.776066 -1.205625 21.541878
-8.205226 -1.852709 21.824638
-7.990009 -1.685376 20.064463
-9.601820 -0.778363 24.634020
-9.008371 -1.461166 23.798832
-8.815290 -1.820618 24.553426
-8.088579 -2.171903 23.970666
-7.900680 -2.387845 26.686798
-5.674891 7.602613 40.887214
-5.598822 7.964990 38.744736
-4.700736 7.690540 38.743934
-6.582477 7.747014 40.809920
-6.525272 8.098698 38.657247
-4.803436 7.313281 40.870710
-7.499583 7.740553 40.613937
-7.460833 8.086483 38.432577
-8.439294 7.567904 40.344550
-8.406164 7.917391 38.120706
-9.400085 7.212332 40.063832
-9.350684 7.578191 37.800202
-10.311570 6.663986 39.793670
-10.234131 7.053153 37.505051
-11.079903 5.951040 39.529864
-10.975374 6.362911 37.233552
-11.633112 5.170822 39.255240
-11.502991 5.603326 36.955831
-11.593295 5.274717 34.447056
-11.886870 4.643845 37.791792
-11.316087 5.932611 34.734270
-11.050490 6.145273 32.798580
-10.825455 6.615082 34.965398
-10.146291 7.237414 35.203898
-10.590551 6.723350 32.974808
-9.976365 7.256352 33.173109
-9.339179 7.722119 35.479852
-8.459946 8.049784 35.792555
-9.257451 7.692480 33.414772
-8.466839 8.008544 33.694889
-7.549924 8.228894 36.100830
-6.626189 8.265971 36.314711
-7.628704 8.198273 33.973384
-6.765698 8.260826 34.162079
-10.084207 6.483084 29.941766
-10.723094 6.238852 31.244033
-9.908276 6.079216 28.614085
-10.289445 6.721647 31.400747
-9.729569 7.172579 31.585440
-9.356915 7.030551 30.135771
-9.089749 7.561076 31.808703
-8.396164 7.860549 32.064534
-8.735299 7.349237 30.168748
-8.213421 7.580148 30.376198
-7.713448 7.961568 31.653901
-6.922414 8.131348 32.502648
-6.765324 7.943513 31.338141
-5.694464 8.163669 36.364522
-4.769168 7.914343 36.352429
-5.894806 8.194192 34.165419
-7.026312 7.420563 29.201372
-7.598067 7.282355 28.798115
-1.982868 0.476741 35.288247
-1.385869 1.703373 36.680122
-1.746408 0.842248 36.649793
-2.335041 0.156537 34.748747
-2.761653 5.604086 40.707719
-2.322580 4.751178 40.634352
-2.554664 6.041113 38.695806
-2.075425 5.194340 38.638431
-3.323332 6.311309 40.756571
-3.151042 6.728868 38.715766
-1.855544 2.752032 40.327337
-1.508470 3.173081 38.394383
-1.500427 2.206410 38.262040
-2.009714 3.772095 40.503884
-1.712655 4.204257 38.528752
-1.635705 4.538336 36.577306
-2.047181 5.488087 36.615200
-2.154427 5.608526 34.785779
-1.352085 3.545752 36.523112
-1.720106 4.737473 34.821268
-1.377713 3.820146 34.845759
-1.937776 0.831570 32.761463
-1.649577 1.094071 33.606076
-1.576096 1.698512 31.504510
-1.792270 1.468151 30.254021
-1.644003 2.135674 29.784302
-1.558590 2.512070 30.215023
-1.493347 2.876735 31.632093
-1.629680 3.079787 30.036515
-1.380971 1.909837 33.056604
-1.215660 2.090699 34.951572
-1.432514 1.347464 34.925346
-1.264819 2.407714 33.650599
-1.256037 2.602313 36.489630
-1.197681 2.923735 34.903951
-1.320036 3.191225 33.555289
-1.535858 4.020939 33.449104
-1.939679 4.237753 30.946523
-1.521709 3.388031 32.290833
-2.434890 5.018695 30.096530
-1.976657 4.974653 33.094035
-2.321628 5.621075 33.195262
-2.733800 5.489144 30.384746
-1.763358 3.617129 30.101682
-1.875898 2.096172 28.029955
-4.009364 6.881356 40.814200
-3.872844 7.277391 38.727310
-3.896627 7.514604 36.418275
-3.145380 6.977724 36.520492
-3.939000 7.521450 34.300528
-3.213427 7.010088 34.521606
-3.932784 7.291082 32.603594
-3.319931 6.868798 32.909457
-2.541579 6.307095 36.592898
-2.637613 6.373039 34.683192
-2.879721 6.363992 32.871996
-3.267453 6.179068 30.754668
-3.911531 6.521547 30.050556
-3.393708 5.995708 29.291255
-5.799659 -2.096179 17.144199
-6.503074 -2.085830 16.862472
-7.423120 -3.420996 37.965962
-7.235903 -3.080530 35.346935
-7.891312 -3.344681 35.748082
-7.455809 -2.479681 28.702175
-7.610396 -2.810308 32.155620
-7.043736 -2.641365 32.319463
-6.970513 -2.355250 28.609489
-6.337209 -2.102224 29.463004
-6.393864 -2.363718 32.899774
-7.381472 -2.342390 24.370244
-6.855818 -2.280021 23.060020
-6.214353 -2.081713 25.217994
-6.135537 -2.106838 21.042326
-7.437728 -2.168215 21.484186
-6.736084 -2.146400 19.381243
-8.332150 2.837486 8.454168
-7.768938 0.047837 9.012959
-2.203400 2.022920 9.153360
-2.905001 3.873597 8.971457
-5.891433 5.502473 8.661145
-6.954629 4.517675 7.423049
-4.547596 -2.927920 10.046062
-5.032717 -3.135709 10.001096
-3.925055 -2.910055 9.376767
-3.706383 -2.376985 9.779642
-7.473285 -1.318226 9.269088
-5.754572 -2.889750 10.264308
-7.014301 -2.134074 9.675057
-11.679958 -8.007284 0.668486
-11.554924 -8.091411 0.202405
-11.191256 -6.803134 0.389234
-11.781166 -8.998526 1.145154
-10.974808 -7.271400 2.167237
-10.478009 -7.917462 2.801118
-4.340433 -13.172522 1.628743
-4.291224 -11.378677 2.720957
-3.945378 -12.117160 1.370385
-3.942000 -11.040288 2.359352
-5.929480 -12.283779 3.168433
-4.994633 -13.468976 2.264992
-4.923233 -11.314151 3.265625
-4.616186 -9.579341 3.947559
-7.468745 -11.928458 3.064919
-6.650376 -11.965268 3.293142
-7.344229 -10.810339 3.809707
-10.559298 -9.088012 2.605963
-9.291989 -10.909799 2.666752
-9.916202 -9.148040 2.933351
-8.571649 -10.933374 3.128086
-8.651862 -8.916590 4.042559
-9.940944 -8.121383 3.283750
-10.939752 -5.071147 1.532157
-10.650792 -4.521721 1.053483
-10.843064 -5.407388 2.140959
-10.240941 -2.910485 2.220976
-9.950249 -2.854136 3.166137
-10.232457 -2.985669 1.435166
-10.475020 -5.769189 2.822102
-9.653425 -5.189468 4.068083
-3.710889 -10.592426 1.870796
-3.700833 -10.163419 1.234161
-3.931247 -9.455190 0.749910
-3.953562 -11.918294 0.779362
-3.990950 -10.711527 0.394885
-4.213205 -12.031260 0.153549
-4.987744 -8.447383 4.958559
-5.546202 -8.498894 5.139140
-5.342663 -10.420268 4.018898
-4.381617 -8.054277 4.696234
-4.214816 -8.831445 3.817805
-7.407261 -7.912047 5.245933
-6.822848 -9.499562 4.645894
-9.741917 -6.749984 3.815315
-7.118506 -6.645238 6.030208
-8.190569 -8.531022 4.590770
-9.136474 -6.492028 4.614762
-8.487847 -4.733518 6.128706
-8.110052 -5.789520 5.906920
-2.322710 4.276648 2.676204
-2.334738 4.111825 3.978333
-2.502828 5.043777 4.316529
-2.242503 2.457699 3.452845
-2.273728 2.815904 2.729513
-2.565872 5.249911 2.733375
-2.384144 -0.329184 3.631888
-2.304721 -0.962168 4.373001
-2.402461 1.145923 2.873169
-2.649908 -0.369308 2.937280
-2.273159 1.216482 4.278190
-2.480573 4.136280 5.030691
-2.444167 1.557225 5.641820
-7.028962 5.505092 2.926835
-7.777246 4.441357 3.249484
-6.796162 5.554594 4.424890
-7.378200 4.540385 4.930959
-6.141196 6.220488 2.940693
-6.031218 6.270183 4.305749
-7.257802 4.389784 5.888539
-2.013962 1.280393 8.620199
-2.154008 1.936551 8.532613
-2.038122 0.520244 8.647930
-2.424700 1.593146 7.364042
-2.408786 0.388753 7.590902
-2.566058 2.891916 7.365916
-7.780583 3.409298 4.918938
-7.897550 2.283176 5.647649
-7.709355 3.499022 5.685966
-7.406936 4.028151 6.844814
-7.817027 3.427220 6.515175
-8.300475 2.704388 7.659305
-7.926783 2.507894 6.160734
-8.323373 2.078642 8.144306
-8.041101 1.409566 7.097936
-7.920914 0.294696 7.780596
-7.903690 3.700587 8.148169
-2.590476 3.242256 8.402370
-2.333743 -0.108403 5.111826
-2.480928 -0.522893 5.996793
-6.556647 5.179499 6.378669
-5.936316 6.022874 5.901242
-3.131931 5.067021 7.194484
-2.763808 3.981513 6.804484
-2.839888 4.713264 6.224336
-2.866925 5.850795 3.489259
-3.206827 6.132042 4.154634
-3.242495 5.970743 2.204902
-3.537361 6.400810 3.279728
-4.098775 6.363267 2.178740
-3.643971 6.248676 5.566633
-3.343207 5.915790 5.760135
-3.937373 6.627737 3.867187
-2.858370 5.569477 4.821263
-4.486556 6.737815 4.377453
-5.290929 6.576729 4.962962
-5.242306 6.668355 3.520484
-4.433859 6.705379 3.279229
-5.139821 6.509885 2.487539
-3.676274 5.529706 8.652262
-5.307426 6.247832 7.067150
-4.838967 6.420406 6.855081
-4.245148 6.337689 7.093140
-2.240910 -0.246356 8.912153
-3.384981 -2.871685 8.322871
-3.819294 -3.633328 8.297412
-3.677449 -5.035119 6.680112
-4.174999 -5.344445 7.119649
-3.472457 -5.164701 6.019105
-4.311318 -3.874361 8.623439
-4.843827 -5.080415 7.864644
-4.964366 -4.182634 8.708095
-5.827294 -5.492157 7.498382
-6.173119 -3.896758 8.756007
-6.523391 -5.775400 6.951209
-5.336580 -4.912627 8.124982
-5.618143 -3.965130 8.959166
-5.367675 -6.531910 6.641822
-6.229539 -3.159990 9.655972
-2.547643 2.579762 6.303930
-2.503165 0.245614 6.791282
-3.842335 -8.369555 3.364031
-3.655090 -8.307077 2.711846
-3.675329 -7.273365 2.363714
-3.929880 -7.143647 1.796600
-4.568549 -7.055098 5.779688
-3.983309 -7.519441 4.492230
-5.905645 -7.953494 5.544207
-9.733233 -1.476721 1.909737
-3.559271 -6.679760 4.096741
-3.131361 -4.267867 4.497815
-3.540456 -7.083771 3.162682
-3.763828 -4.864441 2.658973
-3.360199 -4.220380 3.506060
-3.168419 -3.156037 3.585282
-3.465322 -2.698413 2.903164
-3.713269 -3.784783 2.845377
-2.621496 -1.515216 3.600089
-2.568756 -2.139460 4.438120
-2.970811 -3.465895 4.481492
-9.389457 -1.193867 3.553902
-8.972633 0.530035 2.972954
-11.220316 -8.195922 -0.189681
-10.971946 -9.060375 -0.426095
-10.671689 -7.981296 -0.379032
-10.840167 -9.983568 -0.420477
-10.118600 -10.071212 -0.572541
-4.297590 -10.588880 -0.085495
-4.538241 -11.693694 -0.420211
-4.823940 -10.491019 -0.538806
-4.258742 -9.350506 0.286779
-4.609998 -9.188806 0.020327
-5.573270 -10.585353 -0.818582
-5.868852 -11.932707 -0.997392
-5.212968 -9.284161 -0.372908
-5.150134 -11.662167 -0.821172
-4.681701 -12.777374 -0.280972
-5.061481 -12.700974 -0.687052
-5.769565 -12.843735 -0.937415
-6.479192 -13.060561 -0.909047
-7.022661 -11.753454 -0.799786
-6.280538 -10.971246 -0.883340
-6.084005 -9.679754 -0.648888
-7.752018 -12.541394 -0.530921
-7.811397 -11.684462 -0.579440
-7.109970 -10.122727 -0.612885
-5.568568 -8.630432 -0.191631
-6.525614 -9.191638 -0.443487
-5.790693 -7.816254 0.189549
-6.561470 -8.601687 -0.164533
-4.210436 -6.766279 1.521705
-7.976347 -10.009343 -0.333174
-4.776727 -5.091042 1.534837
-4.373865 -4.627970 1.928644
-4.319839 -3.084291 1.910036
-5.283049 -4.578158 1.288585
-5.254731 -5.388646 1.252194
-4.595565 -2.127919 1.503534
-5.180784 -2.243427 1.232564
-3.846562 -2.000893 2.099128
-6.310510 -2.680232 1.023584
-5.949881 -1.279500 0.981906
-7.058264 -1.193228 0.864721
-6.317057 -4.720680 0.972658
-7.359620 -4.313655 0.800042
-5.969358 -5.655196 1.024611
-10.523707 -5.877502 0.300550
-9.756687 -6.865776 -0.181276
-9.740478 -9.499794 -0.623386
-8.467236 -12.754675 -0.410425
-5.229256 -7.413168 0.479871
-4.715358 -7.146157 0.842361
-6.643588 -6.201044 0.801680
-10.061357 -6.277893 0.009816
-9.175985 -2.152040 0.844889
-9.747797 -2.526582 1.022077
-9.005192 -3.795454 0.482847
-7.588103 -8.141845 0.086070
-7.565505 -7.111962 0.379515
-8.563742 -8.352095 -0.284988
-8.428302 -2.069912 0.746192
-8.439764 -4.387465 0.492765
-8.046483 -0.791607 0.812270
-8.545169 0.154053 1.041724
-9.328028 -0.830345 1.428460
-10.171470 -11.459539 -0.384603
-9.223588 -10.570984 -0.598407
-9.063512 -12.135974 -0.358969
-8.647600 -11.427810 -0.455032
-9.401146 -8.528539 -0.544945
-9.047275 -6.097135 0.082920
-8.233366 -5.508458 0.436276
-7.607584 -2.138615 0.804575
-8.859912 -9.410034 -0.545781
-4.854421 5.478282 0.937370
-5.495021 4.508120 0.675938
-4.997029 4.033228 0.594364
-5.751444 5.204832 0.898857
-3.627644 4.942189 1.012807
-4.385632 5.775900 1.198711
-4.094442 4.041870 0.701670
-6.689305 2.838244 0.616666
-5.769035 2.143509 0.463784
-6.602054 4.486435 0.894875
-7.321442 3.518207 0.947539
-3.166733 3.524289 0.918611
-4.284941 2.427897 0.583147
-3.300551 2.299958 0.877124
-7.434926 1.107804 0.719989
-6.675928 0.241227 0.689268
-7.838291 2.302271 1.011694
-4.995463 1.089020 0.591054
-3.806953 1.042572 0.893601
-4.827209 -0.879931 1.067801
-2.685016 3.684940 1.268015
-3.012114 4.731732 1.281535
-2.461694 3.981811 1.750702
-2.763974 5.100762 1.812026
-2.764739 2.370421 1.276566
-2.413461 2.725401 2.028951
-3.570794 5.538279 1.393963
-6.933083 4.806813 1.221579
-6.006764 5.523387 1.147886
-6.152066 5.861084 1.720821
-7.718854 3.812496 1.356709
-7.085148 5.138004 1.796402
-7.858021 4.050296 1.830086
-8.323203 3.087982 2.619811
-8.231927 3.218298 3.138945
-7.869490 4.274729 2.378767
-8.351042 2.914282 1.977606
-8.980377 0.692191 2.115944
-8.220195 2.678239 1.461825
-8.721167 0.960740 1.513157
-5.140093 5.859822 1.194247
-5.151808 6.185707 1.658758
-3.227733 0.932911 1.310606
-2.840008 1.028648 1.840290
-3.818803 -0.358370 1.371951
-3.066492 -0.291299 2.169948
-2.942980 -1.413725 2.954254
-2.657152 -0.896454 8.783606
-2.906653 -1.497253 8.457474
-3.015380 -2.347545 7.628802
-3.039527 -3.642476 5.959792
-2.552699 -0.542271 7.821085
-2.672264 -1.033689 7.046030
-2.410959 -1.344109 5.238309
-2.659280 -2.441334 5.439958
-8.424510 -2.501888 6.727137
-8.725468 -1.964640 5.798730
-8.996480 -4.014484 5.340723
-9.039316 -5.183249 5.178064
-8.008198 -4.043812 6.958399
-7.846467 -1.927034 7.997265
-7.782386 -2.542398 7.955065
-7.535933 -3.659818 7.711479
-6.911985 -4.260474 7.831961
-7.292264 -2.630177 8.737727
-8.144216 1.266418 5.351653
-8.851831 -0.810966 4.958560
-9.421105 -2.015240 4.095052
-9.473611 -3.476147 4.310459
-8.113712 -0.204628 6.648728
-8.007770 -0.880413 7.439467
-7.967944 1.089712 6.627060
-7.752540 -0.865656 8.449974
-8.079930 -10.097257 3.836994
-6.451071 -8.216750 5.350102
-6.191488 -7.185385 6.063578
-6.687827 -3.268261 8.931458
-11.699394 -9.236288 0.027792
-4.791575 -14.668549 1.361822
-8.067442 -12.105086 2.757471
-11.260040 -9.767345 2.041585
-10.406473 -10.256588 2.201162
-10.871363 -10.562269 1.964123
-9.775506 -10.356483 2.600748
-4.314475 -13.067551 0.668806
-4.852597 -13.721852 -0.007044
-11.319977 -10.233629 -0.182934
-10.774324 -10.910184 -0.139551
-5.339563 -13.577986 -0.541980
-6.151284 -13.630268 -0.764379
-6.808427 -13.575726 -0.633475
-8.601469 -13.400629 -0.100503
-7.702043 -13.169405 -0.331044
-9.278379 -12.715296 -0.145328
-10.163814 -11.952512 -0.236768
-6.347439 -13.291650 2.606543
-6.819398 -18.250582 1.027759
-6.668669 -18.601463 0.642376
-7.298766 -18.062838 1.124727
-7.551319 -18.299806 0.913790
-7.789428 -17.590150 0.828680
-11.158126 -13.941806 -0.489242
-11.664744 -13.672433 -0.024914
-7.902866 -18.156503 0.506302
-6.760859 -18.807602 0.182976
-11.956441 -12.137558 -0.397919
-11.638661 -11.814372 -0.342016
-12.376067 -12.598221 -0.171069
-11.265219 -12.021185 -0.349136
-11.076732 -12.410121 -0.374740
-8.304249 -15.156217 0.406145
-7.803281 -15.153724 0.658310
-11.419039 -12.919108 1.460900
-10.384128 -14.035443 -0.350554
-9.983560 -13.647789 0.342734
-10.447483 -14.574146 -0.068878
-9.065135 -14.503142 1.675000
-9.384700 -14.273450 2.162808
-9.155423 -14.884306 1.599334
-8.954559 -14.562256 2.097186
-10.648797 -15.778749 0.665628
-10.864343 -16.061984 0.200730
-10.562544 -14.814380 1.048818
-10.558985 -15.176139 1.101717
-10.292503 -15.099980 1.449730
-10.323286 -14.123021 1.689976
-8.227555 -14.125937 0.689826
-7.747287 -14.129620 0.584195
-7.645243 -15.369698 1.694409
-7.312792 -13.505443 2.054835
-7.081254 -13.700633 1.243158
-8.926559 -14.938661 0.765280
-8.494718 -13.836892 0.967662
-8.513031 -13.209094 2.050191
-8.234416 -13.016629 2.487214
-7.402534 -16.310175 -0.535265
-7.816797 -16.734429 -0.055009
-7.059485 -16.392823 -0.800145
-7.592395 -17.079015 -0.558054
-7.208001 -18.693045 0.681370
-6.816576 -16.908188 1.210653
-7.441519 -16.925631 0.948659
-7.624987 -16.053641 0.132621
-7.759616 -16.282278 0.759328
-7.053207 -15.823378 1.569346
-6.252693 -17.128778 1.093990
-5.372064 -16.891051 0.739471
-5.414351 -17.546247 0.174043
-4.963073 -16.205475 0.697432
-5.131690 -15.704268 1.354205
-4.838981 -16.193091 0.270928
-4.846060 -15.976563 -0.118140
-5.289269 -17.364808 -0.198208
-4.984142 -15.716593 -0.378893
-5.444993 -17.341384 -0.493635
-7.122056 -17.220875 -0.829147
-7.543452 -17.904996 -0.454581
-6.062713 -17.676282 -0.703698
-6.328212 -18.558018 0.349297
-6.204958 -18.537946 -0.113982
-7.900441 -17.686148 -0.113256
-7.434389 -18.486492 -0.003122
-7.979181 -17.277125 0.506634
-5.911897 -13.377321 2.626410
-5.948557 -14.967910 2.046364
-6.534396 -15.553645 1.765700
-6.497937 -14.549705 2.194749
-7.133399 -15.338416 1.377880
-7.601716 -15.526172 1.042348
-7.020224 -14.263346 1.623565
-6.929259 -14.587703 1.823080
-7.250495 -15.220592 0.936828
-8.576530 -13.488687 1.306530
-10.246945 -14.291599 0.627406
-10.879843 -15.603204 -0.085649
-10.533441 -14.577861 0.848044
-10.379254 -14.210685 0.729589
-11.359469 -12.623843 0.946450
-10.783442 -12.337522 0.613060
-11.363129 -13.180524 -0.015640
-11.516926 -12.784651 1.137794
-12.380580 -11.789417 0.080878
-11.016479 -12.734698 -0.087752
-11.293790 -13.079314 0.087555
-10.507213 -15.443543 -0.388214
-10.032700 -14.806001 -0.198584
-9.594498 -16.319666 -0.250152
-9.172682 -15.301297 0.370200
-9.560154 -16.307685 0.305379
-9.371539 -15.288744 -0.276052
-9.625256 -15.972785 -0.467140
-12.067346 -13.304168 0.277598
-12.446637 -12.799095 0.168361
-6.084061 -18.213762 -0.446384
-6.641835 -16.513971 -0.877116
-5.800632 -16.879176 -0.769623
-6.034184 -14.398911 -0.343367
-5.413661 -15.390005 -0.589491
-5.134086 -14.445392 -0.197906
-4.841027 -14.319285 0.109662
-6.812982 -15.285206 1.741632
-6.614351 -13.417449 2.398333
-11.758886 -13.054008 0.615761
-11.800984 -13.060515 -0.237575
-9.769365 -16.001488 1.037481
-9.715768 -11.921957 2.107879
-10.338845 -12.753521 1.938795
-8.870830 -14.338168 1.172353
-8.872790 -13.583924 0.859541
-8.636217 -13.412742 1.122567
-10.241027 -13.519347 1.544932
-9.899447 -12.709947 1.177917
-9.721863 -13.710057 0.641248
-10.141514 -13.514080 1.980697
-8.763371 -13.182923 2.294172
-11.126597 -12.098511 1.679853
-10.808746 -11.953146 2.009458
-10.811486 -11.818435 0.902114
-9.937173 -12.593988 1.072163
-11.589871 -12.440881 1.217390
-10.876621 -10.956634 1.642756
-11.324474 -12.461228 0.791778
-11.613484 -10.540629 0.190973
-11.441431 -11.044165 0.141784
-11.754699 -10.157172 0.230469
-11.945950 -10.967787 0.211720
-12.000916 -10.294877 1.152252
-12.333384 -11.573864 1.171797
-11.573104 -9.699943 1.703511
-11.982888 -10.322193 0.672917
-10.079285 -13.315922 0.081794
-10.309422 -12.363603 0.662687
-5.493812 -14.265010 -0.275302
-6.838559 -13.557673 1.823078
-7.270556 -15.249855 0.396920
-6.896920 -14.062125 0.681293
-7.337622 -13.937737 0.704529
-7.367391 -13.863622 0.407587
-6.918171 -13.863933 0.858649
-6.362711 -14.016100 -0.146124
-6.661529 -14.011302 0.177874
-6.965684 -14.819373 -0.017211
-11.066691 -11.961916 0.580342
-11.104505 -10.835764 0.383972
-10.748071 -10.969653 0.672283
-5.881125 -13.974148 -0.383809
-11.286356 -13.067437 -0.188687
-12.523190 -11.912781 0.701793
-4.715353 -14.590931 0.421933
-4.689477 -14.748466 0.766358
-9.132732 -13.541573 0.548589
-8.236269 -13.787396 0.458049
-9.838776 -13.065594 0.809616
-9.784335 -12.347508 1.594917
-10.872415 -11.372828 1.485424
-10.740232 -10.983554 1.749607
-10.590733 -11.671278 0.725518
-9.079905 -14.967980 1.031846
-10.474849 -14.638742 0.180625
-9.496939 -16.285268 0.793550
-9.159434 -15.904329 1.513590
-9.344723 -15.718404 0.784017
-9.366750 -16.523394 0.882966
-8.784992 -15.537568 -0.153832
-8.665396 -15.213126 0.303771
-8.327073 -15.740322 -0.296861
-8.032090 -15.858132 -0.149267
-7.829498 -15.596694 0.527371
-8.083823 -16.971050 0.539224
-8.279884 -16.754866 1.067244
-7.863161 -15.433935 1.991372
-7.801171 -16.127849 0.199918
-7.838482 -16.508109 0.340063
-9.085330 -15.464872 0.356916
-10.059019 -13.213885 1.070043
-10.617459 -13.865895 1.244104
-11.059694 -11.627149 0.271471
-8.390109 -16.651214 -0.651562
-9.083855 -16.335231 -0.615278
-9.609593 -17.128208 -0.281141
-9.663327 -16.557896 -0.113871
-9.518865 -16.406237 -0.387680
-8.725293 -14.695034 2.260850
-8.329518 -14.744684 2.343354
-8.445043 -15.843183 1.884745
-8.041802 -14.899385 2.266836
-7.647530 -13.034584 2.519470
-8.632496 -16.964748 0.977061
-8.458302 -17.727149 -0.042191
-9.131128 -17.481489 0.153031
-8.481400 -17.273410 -0.659006
-8.689395 -17.623974 -0.447856
-8.040876 -17.481268 -0.229846
-9.376679 -17.221806 -0.616980
-9.176743 -17.559092 -0.307782
-9.943884 -14.295691 2.036689
-9.836760 -15.305543 -0.473121
-9.175201 -14.584419 0.586745
-9.831197 -13.663030 2.278765
-10.017469 -16.690921 -0.073296
-10.361887 -16.591340 -0.175751
-10.640693 -16.143150 -0.321716
-10.127750 -15.857889 0.849708
-10.325526 -16.542817 0.498148
-9.368374 -14.256706 0.543904
-8.685761 -12.273591 2.651439
-8.854379 -11.706295 2.731289
-9.886512 -14.354274 0.413196
-9.931002 -15.498496 1.437229
-10.913404 -13.315317 1.667334
-11.317532 -14.610176 0.335402
-11.508869 -14.383221 -0.149779
-10.957085 -14.754936 -0.143790
-11.696673 -14.051007 0.334553
-11.351728 -14.005954 0.816931
-10.694340 -12.356804 2.054216
-10.502451 -13.226552 -0.190259
-9.774901 -11.306718 2.377838
-10.196494 -10.737008 2.334716
-10.674106 -10.969879 0.936136
-9.879567 -12.777742 0.430064
-8.356354 -12.276714 2.592714
-8.486968 -12.751565 2.240246
-7.096066 -13.749031 0.916481
-6.950984 -12.725990 2.627995
-7.224493 -12.697477 2.618904
-9.238135 -11.880896 2.513206
-9.508942 -11.991841 2.179394
-5.643551 -15.508852 1.744916
-5.497895 -16.254250 1.308513
-12.423106 -12.596353 0.525606
-11.251763 -10.564940 1.955107
-11.935693 -12.301510 1.314948
-12.139288 -11.917772 1.387274
-9.159545 -16.840457 -0.748792
-8.965479 -16.982223 0.655348
-8.063316 -17.158511 -0.392998
-9.869242 -16.642361 0.268737
-9.982727 -16.046262 -0.538954
-10.609146 -14.442484 -0.377513
-10.805687 -14.596065 0.489458
-10.925558 -10.830313 0.173826
-6.852046 -13.855777 -0.306113
-7.469930 -13.620552 -0.053868
-8.366117 -13.617410 0.168549
-9.620750 -12.996684 0.251868
-10.382438 -12.047290 0.071975
-6.827173 -18.330825 -0.492365
