3.660934 -4.954393 113.575602
2.850038 -6.398582 115.168218
1.485138 -7.631737 116.862571
-8.098365 -9.236695 113.805321
-8.024037 -7.762758 114.776363
-6.576171 -4.969621 117.690904
-5.983552 -4.492025 118.220744
-4.940598 -4.749950 118.670473
-3.956411 -4.124452 118.865394
-2.552135 -3.580223 118.627222
-1.045115 -3.441478 118.030738
-8.022423 -3.442988 116.343271
-8.281927 -3.851450 115.670005
-8.753343 -3.207671 115.692746
-9.379061 -2.550871 116.046908
-9.094338 -2.013398 116.953823
-8.011476 -1.956361 117.607608
-7.512295 -2.557160 117.560643
-7.335814 -1.415037 118.310617
-6.564257 -0.628183 118.764559
-8.294432 -9.024810 112.764021
-8.111277 -6.630094 114.798890
-8.147514 -5.359144 115.177685
-7.251840 -4.645893 116.936848
-6.754405 -4.177884 117.619808
-4.065272 -2.433753 118.876353
-6.546968 2.687184 118.563713
-5.562950 2.241236 118.409187
-8.759314 -0.045746 118.506011
-9.304536 -0.764965 118.048549
-8.021790 -0.663965 118.454377
-8.581718 -1.337660 117.789567
-8.032748 0.771941 118.847143
-7.307762 0.108587 118.874165
-7.274034 1.705365 118.843924
-6.471322 1.004835 118.870943
-10.188513 -1.782256 116.705587
-4.440753 1.004182 118.287455
-5.633682 0.227742 118.806329
2.617735 3.174739 110.157435
-9.071617 -4.716814 114.310836
-6.239975 -3.173164 118.175089
-7.118299 -3.392248 117.527508
-5.209560 -2.589141 118.704279
-1.873284 0.243829 117.614040
-3.279907 -0.395877 118.368838
-0.950815 -0.833431 117.551690
-2.788609 -1.449827 118.475933
-1.053993 -2.270590 117.906897
-2.580327 -2.530957 118.582071
-4.606544 -1.087029 118.802062
2.431819 -0.864207 114.411096
0.130205 -2.169046 117.183789
0.161495 -3.366924 117.264955
1.073413 -1.819457 116.334675
1.131782 -2.641179 116.389844
1.916286 -4.697318 115.688767
2.529333 -5.627117 115.194365
1.898045 -1.678165 115.430234
2.757164 -4.239975 114.538423
3.124607 -4.946432 114.196587
3.145119 1.700500 111.108920
3.394240 0.432618 111.734445
4.110973 -1.540441 111.140918
-8.511690 -9.135874 111.884393
-9.114719 -6.466169 113.312574
-8.575027 -7.292500 113.440504
-7.957667 -10.660410 110.835721
-8.708429 -6.716340 113.600123
-8.535293 -4.760451 114.827211
-7.770920 -4.396473 116.093352
1.101068 -6.810629 116.755529
1.469499 -6.223196 116.346844
0.172094 -5.519832 117.184417
0.739362 -5.281076 116.797657
-1.484855 -5.302288 118.117669
-2.767398 -5.569983 118.616183
-5.742488 -5.230216 118.215832
-6.477809 -5.947574 117.536803
-7.134471 -6.457807 116.592290
-6.920383 -5.588144 117.140696
-7.381061 -7.402231 116.123073
-7.609160 -8.375439 115.880738
-5.988154 -6.609304 117.971805
-4.874489 -5.610380 118.753431
0.257420 -6.263836 117.148975
-6.797714 -7.406340 117.001199
-3.950263 -5.677684 118.890170
-5.516993 -6.179949 118.378411
-1.747499 -7.495872 118.709094
-1.515175 -7.055406 118.354771
-2.880277 -7.117626 119.032767
-0.462620 -7.600754 118.033039
-2.845817 -6.554183 118.761696
-3.900138 -6.760534 119.095822
-1.545400 -6.230651 118.183043
-0.386007 -6.827629 117.637608
4.005919 -3.218010 111.928415
3.511126 -3.976877 113.223582
2.964104 -0.315319 113.191514
2.833341 0.769876 112.687665
3.001702 -2.649888 113.856397
1.718784 -0.553543 115.241914
2.195682 -0.193316 114.427400
1.073863 -0.890607 116.073546
0.255351 -1.005416 116.817620
3.742568 -2.316988 112.338644
-8.624756 -5.696393 114.325788
-7.045504 -8.496981 116.882551
-8.295952 -8.211353 113.718683
-7.908713 -8.868727 115.175340
-8.335137 -2.418928 116.975737
-9.720773 -1.242212 117.519682
4.429084 -7.429324 114.531377
3.508428 -6.684937 114.749097
3.800926 -5.700853 113.886584
2.323844 -8.007011 116.271615
3.057058 -7.802675 115.656674
3.532492 -8.717040 115.687322
3.498464 -10.599145 116.256811
2.821181 -11.142076 117.054994
2.606357 -10.325993 116.823551
1.750045 -9.341730 117.187561
3.281427 -11.418205 116.557870
2.387863 -9.215546 116.567873
4.385659 -4.954881 112.823515
4.515892 -6.178952 113.718083
-1.579858 -9.355444 121.368491
0.733279 -8.229452 117.649616
0.520973 -8.698267 118.106567
-6.516898 -12.458111 113.122036
-6.724381 -11.887245 112.118851
-7.264851 -11.584366 112.483218
-7.997749 -10.082838 111.979196
-7.178498 -11.466868 111.211879
-7.930874 -10.180409 112.934010
-5.664728 -12.566681 111.493059
-7.824405 -10.835997 114.247353
-7.916378 -9.800232 115.126701
-6.124504 -12.951595 113.094473
-4.678441 -16.657608 114.941036
-1.575647 -8.220098 119.369586
-6.791364 -11.725403 120.322252
-6.907929 -9.966018 118.398893
-6.807717 -15.135787 118.696016
-5.579220 -9.630163 120.590993
-5.022810 -9.290892 120.734706
-4.532826 -7.902695 119.757859
-4.371667 -9.309426 121.081860
-3.088241 -8.874381 120.735322
-1.790399 -8.818769 120.239777
-1.839962 -9.075115 120.627132
-0.660517 -8.880900 119.507552
-0.644395 -8.080562 118.461258
-5.529297 -16.014980 116.427331
-6.222877 -14.363104 116.261300
-6.594654 -14.719298 117.640879
-7.110819 -14.046830 117.986490
-7.563228 -12.511105 117.056563
-7.626833 -11.518036 117.426872
-5.840334 -14.398602 113.911739
-6.109809 -14.215264 114.861847
-6.864168 -13.620967 116.425786
-7.607180 -10.459762 117.090713
-6.221601 -8.618115 118.272769
-5.644081 -8.266454 119.087858
-5.125947 -7.739455 119.277977
-4.654876 -6.937848 118.989390
-3.809136 -7.563474 119.588908
-2.858054 -7.858120 119.676127
-1.093785 -9.333773 120.907314
-3.320115 -9.197563 121.154101
-5.262872 -10.150275 121.524299
-5.709929 -10.539793 121.414303
-6.382888 -10.836255 120.487733
-6.892850 -12.520681 121.212380
-7.058252 -12.725689 120.242998
-7.179510 -13.834411 119.746205
-5.641616 -16.240445 117.909662
-5.313633 -16.789348 118.075176
-4.412037 -17.775889 116.620834
-4.905034 -17.054691 116.090253
-4.474720 -17.522333 115.970685
-2.932770 -9.386648 121.473005
-3.999597 -9.636365 121.672145
-4.887803 -10.021224 121.772298
-6.522251 -11.709470 121.413740
-7.060044 -13.508680 120.737096
-6.999631 -14.849900 120.204318
-6.413646 -16.234208 119.814481
-6.104988 -9.725686 119.835963
-6.075855 -10.920546 121.239091
-7.364904 -11.907329 118.732180
-5.712356 -16.995503 119.474273
-3.887598 -8.341003 120.309055
-4.386297 -18.299847 118.639587
-4.126149 -18.255622 117.532119
-3.570651 -18.527976 116.843297
-5.377522 -7.158941 118.689244
-7.825682 -10.728142 116.122482
-6.192907 -13.669467 114.091392
-7.271104 -12.024612 113.916647
-7.240140 -9.243062 117.108908
-0.323498 -9.394216 120.147166
0.461323 -9.321079 118.921213
-3.972362 -17.581557 115.551462
-2.673238 -18.419538 116.352218
-6.188535 -7.520987 117.805268
-7.813248 -9.933329 116.050854
-7.540586 -9.704912 116.812628
-7.207950 -11.145978 118.707141
-7.406667 -12.850217 118.869328
-6.620958 -13.160846 114.521037
-5.292871 -16.292867 115.340352
-3.414876 -19.011075 117.504059
-5.683417 -13.540862 112.830038
-5.436520 -14.794031 113.666595
-2.509268 -19.079949 117.086977
-7.606194 -10.952383 111.601959
-7.315137 -13.036738 116.681220
-7.462075 -12.315816 115.233683
-7.310094 -13.647823 118.624125
-7.662061 -11.284863 113.774540
-7.718675 -11.854208 115.442525
-7.815171 -11.460224 115.687963
-6.749714 -15.670904 120.546799
-7.053855 -14.652622 118.862450
-5.039378 -13.607941 111.959177
-4.453393 -14.577229 112.801904
1.456551 -9.534822 117.629648
1.701914 -10.281333 118.360436
2.808310 -13.758442 117.563436
1.232439 -16.123443 116.680354
2.931234 -13.160412 117.878169
3.005190 -12.850662 117.545435
2.943860 -12.362186 118.832351
3.092415 -12.524542 117.012739
2.854478 -11.992047 118.609376
2.634859 -11.429540 118.984276
2.093198 -10.786129 119.364629
1.187214 -10.151203 119.750545
-0.084435 -9.603911 120.572606
-2.630892 -16.896921 115.115865
-2.309768 -16.239369 114.731999
-1.081738 -16.503873 115.591176
0.098720 -16.355007 115.688535
-4.332134 -15.570040 113.689864
-3.375071 -16.474130 114.546288
-3.263709 -15.861755 114.082193
-1.054839 -16.369125 115.033141
3.355311 -12.176055 116.675974
2.969388 -11.925547 117.489554
2.611711 -11.177935 117.676858
0.440537 -9.835606 120.861962
1.599153 -10.425952 120.324728
2.293698 -11.018598 119.939766
2.660887 -11.530829 119.615813
3.104600 -12.996886 119.202034
3.011575 -13.714980 118.487752
2.675086 -14.727718 118.033034
1.966424 -15.742526 117.623612
1.431875 -16.131517 117.484734
0.826431 -16.331093 116.838853
0.107933 -16.725368 116.746929
0.202385 -17.309749 117.246297
-0.839944 -17.450354 116.553338
-1.176510 -18.187201 116.768746
-3.033022 -17.905874 115.745395
-0.759145 -9.490460 121.302800
1.108811 -10.111558 120.981709
1.917252 -10.615496 120.676712
2.104033 -10.706757 120.919187
2.515521 -11.218329 120.590172
2.937305 -12.135234 119.791831
3.124677 -13.527492 119.330081
2.944665 -14.369835 118.876260
2.495035 -15.292533 118.434449
0.561662 -9.747218 119.662924
2.045728 -15.865135 118.197594
2.385152 -11.071124 118.420828
1.079061 -16.805047 117.706862
0.054818 -17.881208 117.323094
-3.828970 -15.358502 113.502020
0.083113 -16.488286 116.337819
-1.462326 -17.070131 115.852253
-2.458307 -16.038776 114.352439
1.334686 -16.418390 117.701353
-3.427108 -17.181254 115.018455
-2.161305 -18.052847 116.158429
-1.313616 -18.695049 116.922386
-4.793911 -15.233737 113.547381
-4.178577 -17.131397 115.132536
-5.032040 -14.211832 112.778154
1.840543 -15.701488 117.008588
2.329953 -15.327824 117.795500
-6.979314 -14.510456 121.891559
-6.950158 -13.748081 122.674030
-6.542244 -15.888236 122.165373
-2.900986 -19.949129 117.918379
-2.730956 -20.882158 118.189028
-3.611482 -19.195304 118.364192
-4.780070 -18.386966 119.777659
-6.915622 -12.962773 122.411927
-6.668579 -12.197256 122.307252
-5.992921 -11.183665 122.557025
-6.415762 -11.717327 122.387777
-5.491529 -10.700083 123.096402
-3.702306 -9.627513 123.043846
-4.642608 -10.140768 123.175479
-2.433473 -19.583083 117.464651
-5.468408 -10.475771 124.181561
-6.842113 -12.758529 124.447624
-6.892570 -13.650557 124.164710
-6.435389 -11.636440 124.105883
-6.675713 -12.154570 124.189898
-6.063058 -11.088707 124.152268
-6.110635 -16.753315 121.969123
-6.811085 -14.728440 123.045064
-6.447641 -15.929341 124.272589
3.174189 -12.806868 120.086609
3.040244 -12.069878 120.424160
3.141022 -13.935065 119.689286
0.089771 -18.813752 117.511378
-1.116439 -20.688030 117.619570
-0.538940 -19.383916 117.355897
-1.419099 -19.325989 117.239143
0.876813 -18.641695 117.875105
1.061252 -17.709646 117.888639
2.920654 -11.196799 121.148717
2.429220 -10.497029 121.466437
1.802074 -9.879732 122.036126
1.194378 -9.883586 121.731090
-1.750559 -9.008822 123.146232
0.071546 -9.296349 122.675003
3.540229 -11.575410 122.229569
2.353192 -9.881921 122.436547
2.842550 -10.170214 122.593437
3.192842 -14.921614 120.172522
3.443435 -12.700632 121.081652
4.007682 -13.867000 122.253253
1.575572 -17.202297 118.218702
2.060241 -16.461859 118.529667
2.449261 -15.815547 118.853512
2.843163 -14.954947 119.160334
2.738276 -11.404319 120.679184
0.421013 -9.682620 121.811675
-0.545812 -9.465078 122.022742
-1.628936 -9.329330 122.077460
-2.514172 -9.373591 122.104934
-3.487118 -9.610500 122.243060
-4.491868 -10.044742 122.367227
-5.371466 -10.563499 122.387401
-6.983883 -13.327432 121.789015
-6.162553 -16.730130 120.880474
-5.616841 -17.406881 120.412544
-1.099219 -25.200155 120.198795
-2.250689 -23.663392 118.043618
-1.504625 -24.079094 117.794871
-1.025889 -24.608339 117.836805
-0.205216 -25.564301 119.246718
-0.642957 -25.490904 118.842925
-1.120318 -25.390343 119.499890
-2.119322 -8.859288 123.986085
0.616161 -10.451586 137.302069
3.011831 -23.015501 136.873617
2.668634 -19.753938 138.425204
-2.414620 -8.200403 125.368448
-0.213588 -26.383632 124.657219
-7.069995 -16.618287 130.860559
-8.151944 -15.143443 129.174143
-8.014038 -15.231890 130.430661
-7.837352 -15.569496 130.883004
-7.432355 -16.116197 131.135366
-0.046182 -26.306599 124.032668
0.335671 -26.103153 122.786415
0.348961 -24.797632 127.483164
-0.707852 -25.093150 126.637695
-3.889762 -24.112497 126.677351
-2.174926 -24.934313 126.391340
-1.857631 -25.233016 131.809540
-0.094857 -25.695484 132.927399
-1.683225 -24.875922 133.401927
0.850764 -24.696484 135.515487
-0.316225 -23.891207 136.225191
-1.330718 -24.024127 135.409788
-4.616468 -22.676080 129.373739
-4.071421 -23.481446 128.969523
-3.558115 -24.155852 127.963008
-2.259648 -25.565053 130.205869
-3.497818 -23.970020 128.913660
-2.581561 -24.858280 122.736529
-3.051463 -24.524459 124.115061
-3.153696 -24.350600 122.426294
-5.709138 -20.881479 126.713268
-5.558905 -21.121912 128.235199
-5.238461 -22.082040 127.001478
-3.824131 -23.936087 124.065260
-4.333576 -23.245431 123.360339
-3.021773 -22.389381 118.485116
-3.174716 -20.865463 118.654636
-4.040211 -21.556435 119.398342
-0.486583 -25.449013 124.707788
-1.903810 -25.056245 124.282194
-3.771920 -23.265512 120.474655
-4.730975 -22.443376 121.946934
-3.015437 -24.024344 120.937040
-2.588858 -24.064445 118.792627
-3.327137 -23.302085 119.230667
-2.162238 -24.551308 120.181256
-2.881515 -23.966944 119.735083
-4.213709 -22.572983 120.333889
-5.542642 -21.173119 122.477225
-4.035662 -19.417287 119.315254
-5.243594 -18.171353 120.649777
-5.748577 -17.451408 121.667216
-1.796250 -25.196885 122.428123
0.060708 -26.198462 122.335383
-1.280913 -25.211934 120.824269
-2.107331 -25.096171 123.218831
-2.560627 -24.717174 122.187985
-2.276923 -24.750876 121.888291
-0.453639 -25.359084 120.185361
-0.335161 -25.682542 123.949135
0.759902 -26.144580 123.500760
-3.147792 -24.600609 127.051008
-6.336091 -17.021077 130.885900
-6.183936 -15.386516 133.151528
-6.738536 -13.566263 131.811438
-5.679706 -17.621765 132.992011
-5.157665 -17.756298 134.803783
-4.333965 -17.232295 136.646201
-3.743825 -19.718796 136.466176
-4.703375 -19.615594 134.447021
-6.211792 -13.257041 133.816770
-5.730501 -18.311335 131.698798
-2.506178 -7.229294 129.931262
-2.665778 -7.486487 128.214385
-2.748643 -7.898994 126.702531
-2.871539 -9.080074 124.069622
-2.518842 -9.133990 122.756206
-6.638212 -16.267293 130.478184
-1.358733 -12.810568 138.459594
-1.883627 -10.982700 137.385419
-2.209694 -10.044278 136.437357
-0.737579 -20.034764 138.443323
-1.021480 -18.418856 138.725874
-2.046366 -14.357393 138.576485
-2.378969 -13.132369 138.216750
-2.885748 -11.341890 137.206586
-3.231879 -10.516453 136.331539
-1.942005 -19.019877 138.249597
-2.869728 -15.392801 138.250769
-3.352601 -13.433493 137.839916
-3.801122 -11.803402 136.872768
-4.152245 -10.992853 136.063715
-3.169539 -19.007465 137.488682
-3.965540 -15.634799 137.484233
-4.328248 -14.147943 137.185569
-4.811406 -12.284874 136.121974
-5.155034 -11.334281 135.152033
-4.818152 -15.133690 136.440381
-5.188758 -13.697894 136.010384
-5.537115 -12.622078 135.227153
-5.734582 -11.927205 134.562091
-6.542606 -12.517910 132.746110
-6.078775 -11.230199 133.333471
-5.635337 -10.393277 133.447338
-4.894434 -9.655886 133.807713
-4.463072 -10.337907 135.187697
-4.078596 -8.865019 133.538508
-3.593554 -9.745081 135.324503
-3.043595 -8.194025 133.571300
-2.514259 -9.191403 135.353311
-5.648647 -17.984061 122.060044
-6.053827 -16.967337 124.593055
-6.806861 -14.756722 124.590484
-7.073476 -13.310682 127.450762
-7.040139 -13.200165 129.420288
-6.996991 -14.206862 129.217929
-7.034158 -15.057079 127.229053
-6.922391 -13.228581 130.838582
-7.000094 -14.446531 126.235671
-6.980961 -13.430684 125.611475
-3.567725 -7.701632 130.064436
-3.689569 -7.953699 128.323568
-3.711648 -8.331331 126.797687
-4.126693 -8.923652 125.586175
-3.644202 -9.350840 124.196594
-4.372263 -8.333709 131.729534
-4.555534 -8.331212 130.144634
-4.660576 -8.550416 128.435756
-4.688786 -8.886493 126.883877
-4.574239 -9.819661 124.302929
-5.197873 -9.040692 131.713738
-5.366297 -9.015940 130.183823
-5.509011 -9.180419 128.515939
-5.550344 -9.680032 126.231254
-5.908667 -9.832245 131.760867
-6.053254 -9.748997 130.156999
-6.168575 -9.917831 128.527105
-6.182809 -10.187305 127.025223
-6.094852 -10.458945 125.634112
-6.392162 -10.635771 131.684351
-6.536035 -10.503025 130.079163
-6.601944 -10.618357 128.486257
-6.556797 -10.945041 126.267995
-6.829102 -12.143101 131.419315
-7.016442 -11.969874 129.223791
-6.976557 -12.278026 126.501627
-5.905198 -17.393219 123.306005
-5.766144 -20.582833 122.887397
-5.835819 -20.137381 122.170207
-6.080225 -18.147661 123.819579
-3.022265 -20.135152 137.147756
0.756123 -23.041730 137.143380
-0.099576 -23.132903 136.937302
-1.408584 -22.981689 136.475221
-2.419199 -22.562255 135.912486
-3.640340 -20.982199 135.658773
-5.843956 -19.093950 129.869175
-5.366479 -21.173508 129.147622
-5.016496 -21.349398 130.402543
-2.996226 -21.268103 136.374216
-2.145260 -21.763123 136.835176
-1.671191 -21.175506 137.604504
-0.785560 -22.645691 137.095132
-0.129383 -22.102209 137.620500
0.628679 -22.287153 137.600795
-1.884665 -20.223420 137.949675
-2.653650 -23.938111 133.687979
-5.165793 -21.917653 122.855514
-5.100192 -20.422398 120.607078
-5.534565 -19.926233 121.239628
-4.323250 -19.703545 119.803275
-5.809088 -19.066469 121.886579
-6.914242 -15.503959 126.481445
-6.654602 -15.807599 125.558019
-3.298368 -24.604210 130.266060
-5.133324 -22.045681 128.602937
-3.449452 -24.400138 126.156558
-0.489749 -26.263583 129.824974
-1.253657 -26.015124 130.395732
0.631556 -26.036720 121.754338
-1.049932 -25.628220 122.174045
-1.598962 -25.112544 121.705527
1.320362 -25.352952 121.474779
-0.627237 -25.631512 121.858632
-0.080002 -25.932010 121.229756
0.587299 -25.856344 121.274220
-0.683766 -25.747442 121.055682
-0.064619 -25.864162 120.773695
-6.454650 -17.721045 128.574674
-6.559617 -17.131076 127.656883
-7.031931 -17.219171 128.403037
-6.745022 -17.165871 128.801113
-7.049342 -16.934007 125.752161
-6.905345 -17.607365 125.933596
-6.228127 -17.940585 125.934749
-7.360126 -17.099259 127.098014
-7.756106 -16.209972 127.933510
-6.846010 -16.596006 129.446730
-7.466334 -16.682944 130.852966
-8.181064 -15.562119 130.618693
-6.752955 -15.694795 130.302794
-6.894929 -16.004531 127.366282
-6.913937 -15.328132 128.630743
-6.994423 -17.260783 127.177150
-7.573284 -15.218158 129.350491
-7.609723 -15.723789 128.026228
-7.470279 -15.530745 128.550651
-7.297631 -15.380643 129.541380
-7.367435 -15.398025 130.471234
-6.939821 -16.218451 130.923806
-6.493642 -16.931815 130.300923
-6.961400 -15.748509 130.313383
-7.859304 -14.837835 128.940922
-8.359087 -14.920495 129.841627
-7.845327 -15.788671 129.303091
-7.459395 -15.703810 128.942351
-8.021328 -14.774415 129.733633
-8.422552 -15.204947 129.670450
-8.058829 -15.607485 129.260975
-7.651310 -14.964758 130.645462
-7.987086 -14.932979 130.593127
-7.421220 -16.314161 129.858917
-7.836859 -15.220143 131.101584
-8.161994 -15.335332 130.902839
-7.013698 -16.060054 129.631841
-6.979366 -16.324451 131.339593
-7.468117 -16.387474 131.383370
-7.300738 -16.078299 130.806976
-6.727191 -16.917425 130.878419
-7.205311 -16.874535 131.108082
-6.940488 -17.210822 130.239918
-6.842259 -16.718761 129.020147
-7.126914 -15.983374 128.654575
-6.912624 -17.208806 127.764914
-6.937245 -17.554780 127.010623
-6.721353 -16.609382 126.688383
-8.003334 -16.142016 126.625105
-7.178366 -16.372385 126.805364
-7.710509 -15.671210 127.386703
-7.918159 -15.475564 127.368928
-8.143063 -15.732767 127.651341
-7.340391 -15.891310 128.235520
-8.170084 -15.618546 127.164632
-8.417340 -15.334565 128.273467
-2.160754 -21.859678 117.966704
-2.520219 -24.613473 128.574495
-2.194622 -24.845949 128.213962
-2.939818 -25.086386 130.027396
-2.851669 -24.450952 127.975847
-2.071466 -25.230819 129.116935
-2.430087 -24.386403 128.627702
-1.743252 -25.183741 128.994386
-2.893591 -24.367900 128.820505
-2.255501 -24.902210 128.696072
-2.561548 -25.177746 129.412223
-1.376137 -25.037785 128.675415
-0.891304 -24.848222 128.707134
-0.581366 -24.688158 128.419401
-0.711340 -25.093293 128.542486
-1.002186 -25.239419 128.909252
-0.170732 -24.845420 128.421288
-0.694204 -25.734869 129.174342
0.328771 -24.778224 128.048332
-0.176042 -24.652924 127.427011
-0.979367 -24.820437 127.361489
-1.424854 -24.760351 127.845033
-1.269321 -24.965694 127.739576
-1.827843 -24.818978 127.370154
-0.295675 -25.328238 121.926877
-0.431234 -25.311821 121.933297
-1.752507 -24.846345 122.105632
0.558400 -25.298629 121.699389
-0.380930 -26.220568 124.192390
-3.389933 -7.698767 131.661345
-1.018499 -14.098783 138.844697
-0.292517 -17.054981 139.040077
0.065583 -18.771202 138.860846
0.555788 -20.534711 138.405115
-0.073238 -24.871463 135.042001
-0.145985 -25.921224 131.531840
0.948634 -26.148122 126.551453
-0.547034 -25.389211 125.952397
1.086041 -27.540829 124.390360
2.396934 -25.072995 134.675405
3.403175 -24.412694 135.281831
1.915755 -24.888170 135.168891
0.150472 -26.202942 124.149745
0.214112 -26.119704 123.949380
0.841394 -26.803154 125.533908
1.291218 -25.984646 127.324642
0.714628 -25.544606 133.775640
2.112485 -24.273395 135.951854
0.782882 -25.234422 134.576271
2.153667 -25.817708 128.704514
1.746188 -25.761726 128.244379
-1.350266 -8.792817 135.338128
-1.866989 -7.735103 133.473103
-2.267448 -7.226841 131.523161
1.174807 -18.462590 138.919852
0.957891 -16.818977 139.081212
0.313766 -13.778474 138.865731
-0.091395 -12.469711 138.440396
1.231603 -12.499899 138.397369
-0.657031 -10.712832 137.422248
-1.004718 -9.694573 136.471172
1.883999 -23.047500 137.119810
1.800313 -22.187874 137.644889
1.453440 -19.980184 138.568351
0.435350 -26.400819 130.142402
1.017104 -25.722527 128.532860
0.678469 -26.248311 123.874226
0.650935 -26.692801 124.014746
1.601152 -25.839561 127.753401
1.189084 -25.596073 128.039604
0.977825 -27.421627 124.868146
-1.530395 -6.968652 129.752127
-1.999372 -7.672684 126.606421
2.820756 -20.922557 138.021801
-1.799715 -7.232725 128.088269
-0.743868 -7.462192 133.316945
-1.228371 -6.954623 131.328011
2.126223 -16.488786 138.949727
2.432522 -18.225774 138.768170
0.238799 -9.454394 136.367004
-2.358638 -8.949735 123.097043
-2.349037 -23.702461 134.671676
-4.002991 -21.792905 133.932403
-4.165019 -22.608421 131.688960
-3.559307 -23.628264 131.517518
-4.795662 -22.909100 126.127297
-4.565545 -23.277936 127.702627
-4.173228 -23.041333 130.684174
-3.983951 -23.986985 127.607918
0.189415 -25.471062 126.566652
0.289471 -25.930903 125.941814
-5.916441 -19.922487 127.862570
-4.562067 -21.398145 132.218247
-5.668908 -15.726077 134.631835
-3.620620 -16.953561 137.591400
-2.438573 -16.978263 138.345302
-1.492408 -16.425548 138.804022
-0.648732 -15.631577 139.019821
0.622070 -15.101800 139.046232
1.782941 -14.794959 138.908068
-6.142416 -17.004038 125.321873
-6.237442 -18.288097 126.816255
-5.979971 -16.387696 133.161146
-3.143283 -14.273423 138.073011
-4.590518 -13.081154 136.712055
-3.543375 -12.654278 137.476845
-2.601583 -12.271062 137.827669
-1.593349 -11.946463 138.048497
-0.341640 -11.660901 138.052318
-0.464319 -21.027912 138.112571
1.599611 -20.913993 138.247490
2.950476 -22.171387 137.415572
-4.672797 -18.216339 135.690373
-4.279447 -20.118550 135.191326
-6.015014 -12.780869 134.360141
-6.835225 -11.468821 126.918884
-6.835634 -11.214714 129.524121
-6.661914 -11.390538 131.532232
-6.421878 -11.815248 132.838379
-5.673431 -14.065668 135.084095
-5.273771 -15.792925 135.498050
-3.876655 -9.199497 134.347505
-2.813237 -8.577562 134.373284
-1.630707 -8.112294 134.323102
-0.503017 -7.839920 134.177944
-5.077848 -9.240603 132.601716
-4.239378 -8.547266 132.626515
-3.222680 -7.902563 132.645307
-2.064091 -7.450539 132.566124
-0.973972 -7.184446 132.409970
0.112564 -25.159679 118.191983
-1.148480 -25.120498 118.191081
-1.490323 -25.157804 118.824190
0.083739 -25.465399 120.397216
0.165392 -23.962779 117.521570
-2.044064 -24.334141 118.134207
0.366198 -26.823885 124.814970
0.575509 -27.039674 124.105089
-0.135439 -25.676923 125.165078
-4.336158 -23.658577 127.124415
-4.425276 -23.308285 124.663798
-3.659989 -22.586099 119.207510
-1.974065 -22.832690 117.856804
-3.353832 -23.452796 132.845656
-2.862892 -24.472943 131.520088
-0.625070 -25.317844 133.852391
-1.084944 -25.680952 131.552595
-6.137410 -18.615104 124.622582
-5.192849 -18.788901 120.940919
-5.391503 -20.847484 121.183220
-5.199933 -21.514522 121.441467
-5.671960 -20.748861 124.370743
-6.070034 -19.319286 124.655349
-2.025144 -20.752237 117.811516
-3.529889 -22.058289 134.812235
0.728128 -24.037018 136.306641
-3.581494 -22.636961 133.879371
-6.030083 -19.683559 126.226045
-6.238828 -18.351576 128.639272
0.701728 -25.006058 127.808034
-0.649264 -25.745727 123.131588
-0.492814 -25.467006 125.377134
-4.031645 -23.470521 129.702715
-1.620931 -24.518649 134.412823
-0.720836 -24.720628 134.950834
0.300056 -26.225173 129.205162
-7.079609 -15.943358 129.130357
-6.571926 -16.970739 128.440379
-6.916647 -16.792220 130.398157
-5.970320 -16.634970 127.914135
-6.421544 -16.678788 127.913717
-6.809085 -16.656561 127.592404
-7.316660 -16.855143 127.687843
-6.639371 -16.556407 128.187497
-7.367237 -15.509330 131.177960
-6.512886 -17.205078 129.504005
-7.185735 -16.860767 130.278983
-8.315980 -14.984566 128.612744
-8.030246 -15.847287 128.344850
-7.577702 -16.299248 126.200664
-7.135941 -16.495409 126.048623
-6.423610 -17.378851 125.977805
-6.510040 -17.210856 125.768906
-7.911623 -16.098777 130.979187
-7.636238 -15.741915 131.424426
-7.851968 -15.658082 130.182977
-6.419423 -17.833830 126.474906
-1.478508 -25.822426 129.639185
-0.146479 -24.490922 127.873054
-1.753927 -24.788805 128.844066
1.654126 -27.487333 124.670110
3.004346 -23.920832 136.057979
2.766889 -25.693976 132.255647
0.959589 -26.005730 131.328803
1.427362 -25.864542 132.413476
-3.038812 -23.198781 134.302810
-1.717845 -23.775548 128.174218
-2.074957 -23.825340 128.395459
-1.388287 -23.715129 128.038910
-1.108100 -23.626218 127.940735
-0.462348 -23.515406 127.906975
-0.018175 -23.494299 127.811813
-0.139545 -23.551150 127.902460
-0.292161 -23.496911 128.242975
-0.360646 -23.633199 128.479046
-0.434964 -23.648115 128.338300
-0.718709 -23.621525 128.838548
-1.135540 -23.705421 129.055498
-1.813179 -23.811062 129.146983
-1.992536 -23.894167 129.040742
-2.227028 -23.993165 129.008128
-2.141711 -23.913680 128.934762
-2.292394 -23.977798 128.729459
-2.341994 -23.885946 128.713171
-0.045311 -24.067312 127.834788
-0.445487 -24.519763 128.469407
0.557750 -26.515179 124.649841
0.862019 -26.695107 123.794764
1.082693 -26.420965 124.471396
1.075781 -26.452432 124.095587
0.877718 -25.576309 124.200269
0.393206 -24.969644 124.879765
0.163677 -25.530941 124.310586
0.962688 -25.453508 124.598723
0.276496 -25.487263 124.773589
-1.883073 -24.388652 129.079864
-0.989344 -24.375203 128.913759
0.706206 -24.994748 123.023870
-1.564253 -24.669708 122.051678
-0.506915 -24.928290 123.271513
-1.320492 -24.679784 123.277764
-1.733124 -24.362813 122.987415
-1.709566 -24.186151 121.657489
-1.162801 -24.736929 121.333340
-0.791489 -24.677672 121.053717
0.079606 -25.048674 123.183498
-0.183988 -25.244538 122.677162
-0.020084 -24.871448 120.925268
-2.183184 -23.629224 122.237546
-2.002748 -23.840982 123.337203
-2.406822 -22.831238 123.690380
-2.527794 -22.901944 122.333874
-2.717318 -21.998772 123.498220
-1.196772 -21.530518 120.352286
-1.699353 -20.466531 120.882048
-1.706816 -21.755363 120.567917
-2.204722 -21.425239 121.399724
-2.571203 -22.188904 122.053558
-2.424813 -21.055562 121.991927
-1.662216 -21.904613 124.743459
-2.188678 -21.875153 124.458665
-0.899285 -21.674556 124.987580
0.152687 -22.953451 124.612120
-0.777563 -22.971396 124.606653
-0.184080 -24.159521 124.095438
0.725438 -24.002635 124.034644
-1.067201 -20.975201 124.912408
-0.500433 -21.330634 124.985396
0.775852 -20.541959 124.653263
-1.732001 -21.129543 124.731495
-2.284462 -20.969408 124.302723
-2.552565 -21.955547 123.982190
-2.527258 -20.775602 122.636154
-2.700154 -21.658667 122.792083
-2.029728 -20.524129 121.119035
-0.920767 -20.034034 120.934250
0.313682 -21.838843 124.854112
-1.611375 -22.886916 124.397639
-2.055955 -22.866050 124.127814
-2.270952 -22.771262 121.684000
-1.515636 -22.502493 120.417610
-0.712600 -22.445611 120.088421
-1.526097 -23.983789 123.793551
-1.379517 -23.699986 120.885993
-1.039975 -23.883619 120.503219
-0.443671 -23.785409 120.143035
-0.755381 -25.060060 121.860986
-2.255152 -19.987921 121.428260
-2.585889 -21.069255 123.764580
-1.759033 -20.434291 124.357547
-1.078120 -20.389194 124.612309
-0.780667 -19.455473 120.884004
-1.956635 -19.800746 120.886545
-2.210132 -19.516760 121.399347
-2.252398 -20.319702 123.379958
-0.774104 -19.608329 124.134887
-2.119182 -19.218491 122.099106
-1.650107 -19.396945 123.400499
-1.019618 -19.068350 123.486415
-0.885274 -19.212321 120.594745
-2.044670 -19.498429 120.648444
-1.837079 -18.753391 122.111609
-0.964953 -18.376188 122.214947
-1.014345 -19.120055 120.018325
-1.560893 -19.251521 120.134166
-2.045279 -19.441000 120.237039
-2.178269 -19.208866 120.324258
-2.220254 -18.829528 120.389823
-2.193051 -18.472888 120.388636
-2.026285 -18.225770 120.347667
-1.607115 -18.021410 120.247270
-1.221848 -17.935083 120.154165
-1.714156 -24.381983 122.393700
-1.277402 -24.852196 122.211664
0.594601 -26.418126 129.841926
-5.245187 -21.900759 124.795359
-5.999333 -16.738018 128.194567
1.365383 -24.718419 119.781648
0.884598 -24.764903 118.062506
1.216829 -24.384363 118.102353
0.956121 -23.937510 117.611834
0.536388 -25.245091 120.020245
0.605294 -25.356899 118.938883
1.262090 -24.859182 119.010566
2.642667 -24.458916 121.648317
5.971562 -14.121036 123.641569
6.942381 -12.165389 126.257602
7.307246 -12.208911 127.467995
7.442239 -12.555229 127.930422
7.336865 -13.207372 128.286258
2.269350 -26.220863 123.757328
2.325509 -25.065645 123.564393
1.359550 -25.911952 122.501118
6.489856 -16.396101 126.749137
2.830137 -24.060625 126.932835
2.699391 -24.889612 126.039764
3.296328 -24.304834 125.887199
5.830717 -22.378633 125.666711
4.124010 -23.840236 125.063790
6.183310 -23.649795 130.255540
6.482245 -23.256445 131.817207
5.068961 -23.258470 135.423030
5.911212 -23.186551 134.419817
5.899770 -22.680963 135.091861
6.582952 -22.464445 133.878325
6.847623 -20.399049 127.670191
6.051552 -22.029765 126.724502
3.305179 -23.995856 122.190183
2.994434 -22.632754 119.776737
3.835857 -22.484162 121.079102
3.544824 -23.202236 121.226054
5.653502 -22.240631 124.802749
6.065154 -18.554426 124.437507
6.478370 -20.723609 125.956786
6.203130 -19.826200 124.784546
6.095408 -21.400753 125.076200
2.750902 -20.524611 118.456644
1.606212 -21.149772 117.785732
2.540602 -24.869955 124.145233
4.331732 -22.828187 122.576653
4.638810 -22.291758 122.512014
2.913372 -22.082606 119.062934
2.190823 -22.261551 118.140984
1.735403 -22.115004 117.766676
3.107944 -21.132812 118.915790
4.443560 -19.464507 120.437333
0.584984 -20.640634 117.683413
-0.196235 -20.483943 117.555410
0.987422 -19.834054 117.897892
2.451891 -16.700792 119.107784
3.033741 -15.726791 119.982604
3.264467 -16.239605 120.294640
0.808354 -26.184612 122.126708
2.199214 -24.407664 120.748349
2.771376 -23.854466 121.183855
1.189664 -25.223710 120.333811
2.438808 -24.632807 127.208546
5.354554 -22.922190 125.412361
5.084442 -25.007942 128.976484
6.763123 -15.676191 128.384631
6.193972 -15.235760 126.074953
3.276993 -10.721381 122.610639
6.770762 -12.831166 130.647087
6.098213 -11.034011 129.329718
6.413821 -12.939561 128.229175
6.794338 -14.094065 129.409140
7.351902 -15.284769 132.385749
7.115594 -14.976127 134.432984
7.455602 -17.511680 134.300551
7.515724 -17.203751 132.084748
6.253813 -10.799763 131.409193
7.114563 -15.351369 130.474523
-0.533010 -6.839999 129.549008
-0.918221 -7.141708 127.877165
-1.238956 -7.601141 126.410338
-1.101942 -8.062247 125.065491
3.591682 -11.833954 137.501963
2.986312 -10.021881 136.443805
2.581510 -9.099035 135.510737
5.700216 -18.772352 137.198623
5.456214 -17.148535 137.473006
4.794302 -13.019951 137.257379
4.498027 -11.775566 136.886880
3.913883 -10.000383 135.892717
3.593930 -9.169737 135.011670
6.293114 -17.395106 136.657989
5.763660 -13.701691 136.582619
5.308874 -11.724693 136.165826
4.748711 -10.116595 135.219672
4.462183 -9.293289 134.398617
7.068850 -16.986676 135.510039
6.514355 -13.568161 135.459706
6.170720 -12.069276 135.154722
5.522777 -10.245969 134.124672
5.120138 -9.306152 133.164992
6.685494 -12.857253 134.216336
6.323082 -11.422938 133.784356
5.947627 -10.356240 133.006683
5.623517 -9.686350 132.366646
5.881515 -10.067135 130.346137
5.221675 -8.999908 131.148028
4.574816 -8.377739 131.471902
3.799421 -7.941232 132.128262
4.174396 -8.633766 133.518599
2.711956 -7.525280 132.225647
3.259792 -8.392947 133.999641
1.589429 -7.279953 132.675706
2.141093 -8.272932 134.453716
4.167044 -14.997743 122.617418
3.908934 -12.633804 122.293726
4.725686 -10.982763 125.170262
5.362620 -10.752971 127.019075
5.623884 -11.719965 126.777649
5.252286 -12.634888 124.852184
5.782526 -10.721913 128.381964
4.643759 -12.149022 123.987675
4.032371 -11.256714 123.489941
0.599110 -6.879543 129.258899
0.170732 -7.192082 127.577074
-0.219625 -7.642372 126.123246
-0.861236 -8.987911 123.325090
2.119655 -7.052883 130.474711
1.706679 -7.095704 128.934837
1.263479 -7.381629 127.290996
0.853336 -7.793064 125.812172
0.400833 -8.253342 124.560789
3.081487 -7.407220 130.112679
2.667378 -7.430943 128.630798
2.251410 -7.649327 127.015943
1.862981 -8.056784 125.526114
1.439856 -8.501855 124.213006
3.998498 -7.877420 129.845162
3.516236 -7.860979 128.307789
3.091704 -8.090816 126.736933
2.663114 -8.442065 125.315098
2.186743 -8.825095 124.031641
4.680398 -8.450871 129.543034
4.179124 -8.389004 128.007808
3.705720 -8.584672 126.493956
2.989946 -9.061330 124.422428
5.513578 -9.708042 129.035009
4.822130 -9.634353 126.935633
3.922213 -10.129032 124.391911
3.730470 -15.492124 121.442490
4.259971 -18.073250 120.225201
4.441332 -16.225221 121.862542
5.187436 -17.105136 122.801646
7.233320 -18.108665 135.166363
5.055430 -22.192248 136.313167
5.750761 -21.978223 135.805011
6.650604 -21.390473 134.918897
7.162096 -20.670013 134.062358
7.536396 -19.494855 131.764257
7.539734 -18.774000 133.499635
6.811035 -17.829319 127.761480
6.639412 -18.657814 126.201558
7.144820 -19.153336 129.174276
7.348873 -19.228587 134.373479
6.965321 -19.959437 135.077394
6.620005 -19.539812 136.000925
6.216367 -21.266909 135.739002
5.642441 -20.963761 136.503998
5.050524 -21.409596 136.748867
6.578307 -18.553448 136.313924
7.068863 -22.019848 131.807972
5.236120 -21.371298 123.037156
4.545380 -21.519626 121.658530
3.159352 -18.829274 118.984658
2.181737 -20.058529 118.216662
1.929231 -18.307764 118.610879
3.597840 -17.679023 119.660907
2.786421 -17.199282 119.406995
5.044115 -13.145956 124.168193
5.014972 -14.034324 123.933058
6.581480 -21.198529 127.362255
6.637634 -22.642700 128.345697
6.822409 -22.134146 129.615304
6.658097 -19.580985 126.202983
0.085809 -22.822493 117.456081
5.075803 -22.935020 124.723756
4.500269 -25.433398 129.146508
2.116850 -25.113094 121.594121
1.515006 -25.324917 120.617828
1.638831 -25.298478 121.274673
0.759677 -25.811913 120.651412
5.759222 -14.700690 125.275532
6.464883 -14.556255 125.793929
5.403649 -14.504520 123.343094
5.133864 -14.939408 123.789373
5.183604 -14.542420 123.551237
5.611586 -15.137615 123.513806
6.301111 -14.318894 124.610309
6.547374 -13.389044 125.168269
6.412345 -13.970069 126.664619
5.235342 -15.294818 123.781993
7.520835 -13.726680 127.955650
7.639486 -12.441070 127.560947
6.439368 -13.346831 127.816540
6.066819 -12.881675 127.119024
5.355588 -14.222051 124.352197
5.519213 -13.590139 124.922968
5.708656 -12.915108 125.970703
6.320366 -14.796435 126.648693
5.240378 -15.025673 123.472182
7.068699 -13.621773 128.534155
6.007037 -14.695587 124.664769
6.521272 -12.432817 126.556364
6.275214 -12.818897 125.893263
6.434103 -12.668069 126.883214
6.909825 -13.503557 128.226979
6.568240 -14.435268 127.703519
6.770007 -12.760951 127.692048
6.555191 -13.805983 127.969367
6.422229 -12.143910 125.925775
7.120575 -11.831790 126.425601
6.961995 -12.867395 126.441512
6.469920 -12.955657 126.250158
6.760459 -11.974569 127.142426
6.830479 -11.812202 126.465484
7.375106 -12.088067 126.616667
7.063908 -12.623777 126.339358
6.990086 -13.470695 127.073049
7.199123 -12.684210 128.489310
7.181330 -12.154621 128.087960
7.603573 -12.632910 128.374946
7.157613 -13.825506 128.088473
6.466179 -13.400788 127.027159
7.532257 -13.360016 128.573113
7.096953 -13.182944 127.726186
7.136767 -14.146116 128.342143
7.548125 -13.842209 128.230242
6.498182 -14.564096 127.015901
7.042940 -14.451971 127.536334
6.183746 -13.356918 126.081165
6.034592 -14.478599 126.034408
6.333189 -14.142885 126.456387
6.000496 -15.011419 124.641060
5.586839 -14.071257 124.114680
6.115152 -12.943021 124.715961
6.205918 -12.719924 124.576443
6.395097 -13.060265 124.067502
6.194146 -13.144923 125.124991
6.603460 -12.823477 124.800184
6.182389 -13.223700 125.620899
6.593020 -12.375464 124.864308
6.916097 -12.309749 125.308169
0.048280 -21.543173 117.551211
5.464125 -22.742424 126.374261
6.436354 -23.214373 128.238402
4.763276 -23.353603 126.143855
5.081269 -23.385188 126.829143
5.222887 -22.889991 127.140037
5.389251 -23.004955 127.084909
5.257067 -23.412453 127.223002
6.181377 -22.084166 127.160878
4.269530 -24.178293 127.642712
4.024535 -23.904219 127.725122
4.479473 -24.684231 128.164387
3.199224 -24.068821 127.643207
2.763211 -23.494289 127.296228
4.117384 -23.914462 126.666986
1.428860 -25.162494 121.498709
0.589321 -25.241873 121.703566
2.459087 -24.014129 121.306580
1.644364 -24.609241 121.456079
2.413979 -24.983963 122.682019
1.019125 -6.828881 130.808779
3.911334 -13.129297 137.892654
4.443849 -16.132388 138.124787
4.698465 -17.856625 137.965282
4.760970 -19.704082 137.592018
5.455093 -23.853496 134.144556
3.017597 -24.682165 125.270744
2.389184 -25.737694 125.584256
3.752130 -25.634018 128.620702
1.242749 -26.036740 123.455597
3.911654 -25.017339 133.575493
4.064006 -24.410151 134.840740
4.192056 -23.612405 135.743246
1.931423 -25.769959 123.626787
1.858682 -27.277008 124.127516
1.918134 -25.874351 127.521396
2.131647 -26.211426 126.203017
2.003238 -27.300829 124.617091
1.513996 -26.079040 123.744060
4.795585 -24.740272 132.987203
3.916825 -25.344682 131.956169
4.913436 -24.418276 133.780946
0.990368 -8.331021 134.885819
0.376055 -7.292553 133.038813
-0.166742 -6.812382 131.117895
3.656329 -17.980275 138.438626
3.295239 -16.354566 138.630002
2.655634 -13.311888 138.412353
2.372143 -11.983653 137.964085
1.847762 -10.218676 136.937921
1.431322 -9.213953 135.999868
4.080991 -22.614884 136.694039
4.025800 -21.747265 137.215329
3.845953 -19.508122 138.106056
3.400093 -25.818241 129.825989
3.817220 -25.780649 129.386780
4.111546 -25.344302 130.673369
2.549021 -25.853482 130.866183
1.270683 -26.964880 123.671270
2.350988 -25.501312 127.965808
2.761401 -25.312899 128.163184
7.074635 -21.843007 132.849921
7.138851 -20.401206 129.328677
5.966055 -20.834831 124.439683
5.151638 -19.794405 122.284018
6.084514 -21.854736 125.489985
4.577372 -18.466805 120.745368
7.287655 -18.644252 130.338500
6.177959 -16.057408 125.858985
5.950045 -17.591438 124.401137
6.966185 -13.831344 130.659972
6.985176 -13.230727 132.186758
6.743055 -14.925581 135.588817
6.007589 -15.325531 136.713355
5.158225 -15.122366 137.517456
4.218135 -14.675943 138.079460
2.944132 -14.649332 138.598001
4.499525 -13.152225 123.258756
4.520086 -14.899594 123.271801
5.605325 -15.949946 124.528722
5.520693 -12.564023 136.397913
5.836968 -11.023854 134.696721
5.056574 -10.957574 135.814740
4.233576 -10.922556 136.505800
3.328858 -10.975347 137.097873
2.151027 -11.169144 137.570006
5.710980 -19.810053 136.919860
3.947326 -20.450729 137.793197
7.422692 -15.825195 133.352285
7.603730 -17.774026 132.894815
6.104294 -10.389158 132.016725
3.253492 -9.669087 123.868278
3.978866 -9.178889 125.814908
4.600960 -8.955474 127.686863
5.134614 -9.063462 129.252151
5.553718 -9.453144 130.524829
6.543167 -11.657373 132.722495
6.980992 -13.373331 133.128342
2.951734 -7.852291 133.027636
1.820426 -7.663369 133.477705
0.616876 -7.668853 133.888811
3.370792 -7.573731 130.968637
2.405921 -7.236181 131.341674
1.303651 -7.009534 131.769732
0.115090 -7.020594 132.144843
0.939093 -23.069505 117.494355
2.138781 -23.265722 118.878862
-0.104472 -24.842984 117.822499
2.537333 -25.667463 123.627691
2.466129 -25.208833 124.703868
2.259316 -26.716585 124.523437
1.767128 -25.603197 123.419254
3.570393 -23.770477 122.645521
-0.811347 -23.124811 117.552828
0.826893 -22.188612 117.501582
7.170940 -21.392435 130.702448
5.892995 -24.031530 132.593031
5.648391 -24.304530 130.334563
5.923691 -24.153660 129.068227
6.599136 -22.759933 129.773968
5.123912 -15.749712 123.695032
3.801178 -16.990304 120.238049
3.865178 -18.595323 119.533794
3.830384 -19.446966 119.462334
4.012584 -20.521857 120.008036
7.523725 -19.864932 132.803696
7.427765 -20.576277 131.592350
2.512103 -24.593702 127.499452
2.738767 -23.666994 120.630175
1.612766 -23.284046 117.870268
1.848578 -24.045442 119.585955
3.379974 -23.707708 121.572834
6.001957 -23.878232 128.322529
6.656519 -22.884236 132.813044
6.221854 -23.387790 133.337389
5.242309 -24.642943 131.898003
5.018373 -24.857457 130.416130
1.494066 -25.908453 122.060198
0.569443 -25.713709 121.538302
6.299140 -13.303597 126.543297
6.272768 -14.517800 126.310903
6.926320 -14.061305 127.722391
5.164220 -14.438155 125.761389
5.567354 -14.313509 125.596380
5.776045 -14.173637 125.159505
6.319929 -14.162510 125.052898
5.807337 -14.100589 125.781182
7.139135 -14.034443 127.510308
5.820189 -13.556059 123.651351
6.797871 -12.921703 125.479087
6.150896 -14.599644 125.297149
7.734472 -13.011132 127.954620
7.652813 -12.257388 127.958414
7.306919 -11.860753 127.405247
7.264690 -12.633924 127.379719
5.561621 -15.485592 124.421217
2.667643 -25.723859 124.004980
5.375234 -24.310483 128.183507
3.908696 -23.824690 126.308590
3.042512 -23.854998 127.294612
4.086633 -24.299228 127.939062
4.873483 -23.475950 127.563407
5.251648 -23.638811 127.590352
5.858547 -23.385472 127.637801
2.721605 -25.935353 129.263315
1.816229 -26.777791 123.726387
2.159784 -25.522810 133.525022
0.943634 -26.280509 129.367692
2.281054 -25.408359 127.526773
7.349335 -21.148669 132.296026
4.219225 -22.599796 127.019714
4.631451 -22.501761 127.099944
3.872057 -22.678120 127.024263
3.558327 -22.707869 127.042993
2.959615 -22.839905 127.245574
2.713104 -23.004841 127.351257
2.923080 -22.862622 127.619764
3.117137 -22.946347 127.805920
3.136056 -22.947176 127.642564
3.553768 -22.778761 128.013846
4.022835 -22.687705 128.058992
4.668544 -22.533090 127.894991
4.816154 -22.550860 127.724873
5.043293 -22.558554 127.601053
4.913244 -22.521687 127.570865
4.992136 -22.540626 127.322114
4.995679 -22.440782 127.295840
3.995767 -23.734714 126.768096
3.512116 -23.738843 127.704339
2.011007 -26.228163 124.369291
1.693270 -26.502461 123.844654
1.464281 -26.358366 124.414930
1.426578 -26.465695 123.789237
1.263586 -25.492634 124.515875
1.237890 -25.506042 124.121618
1.865717 -25.184149 123.988834
1.615154 -24.698981 124.665805
1.919583 -25.158561 124.453487
4.918602 -23.046165 127.764585
4.086604 -23.374126 127.933064
2.606920 -22.977404 127.328956
2.063292 -25.875119 123.740972
2.217941 -23.444545 121.143365
1.635365 -24.772162 122.361749
1.848088 -24.463501 122.816601
2.457638 -23.934076 122.546708
2.590937 -23.509682 122.150858
1.643166 -24.183485 120.789648
1.203012 -24.283824 120.667546
0.597765 -25.210673 122.500568
1.319188 -24.819298 122.932473
1.085509 -25.057581 122.411355
0.518677 -24.931859 121.080845
0.516001 -24.617030 120.695149
2.438419 -22.716792 121.342786
2.756737 -22.902010 122.416500
2.860358 -21.792455 122.672895
2.502569 -21.909675 121.361136
2.760308 -20.911595 122.501066
-0.210037 -21.190586 120.223291
0.444371 -21.289015 120.039658
0.863256 -21.269057 120.169930
1.347926 -20.723338 120.712741
2.081622 -21.230040 121.057426
1.645330 -20.057965 121.375962
2.259844 -21.128718 123.985171
2.598517 -20.931330 123.532755
1.691786 -21.119011 124.449381
1.199739 -22.744661 124.381008
1.843442 -22.453516 124.100482
1.587327 -23.810204 123.751669
1.120142 -21.019147 124.673904
1.846546 -20.402302 124.177297
2.293031 -20.066710 123.418673
2.768863 -20.904169 122.953406
2.370906 -20.208214 122.423171
2.429626 -20.896236 121.715597
0.794221 -19.697652 120.649843
0.393206 -20.034025 120.480022
1.248341 -21.616289 124.611139
2.454366 -22.082486 123.609783
2.729040 -21.922025 123.203209
2.001510 -21.929036 120.858811
0.922807 -22.068924 120.047376
0.396220 -22.208688 119.908177
2.565225 -23.175143 123.001870
1.371258 -23.150029 120.420810
0.927764 -23.495143 120.121919
0.232518 -23.652807 120.014317
1.340878 -24.991400 121.695454
2.357660 -23.584169 121.573962
2.147367 -24.073559 121.343341
0.640227 -25.041645 121.475460
-0.403608 -19.830358 120.833500
2.369574 -20.056694 122.870462
1.606590 -19.771313 123.774726
0.617634 -19.958336 124.363616
-0.308747 -20.126777 124.554535
0.354538 -19.342923 120.438756
0.658041 -18.959153 120.848858
1.695916 -19.541398 122.616417
0.471285 -19.345277 123.857193
0.717231 -18.658854 121.550702
0.847435 -18.904238 122.918530
0.081992 -18.827295 123.311648
0.234425 -19.048535 120.207054
0.309922 -18.330169 121.696319
-0.343150 -18.288777 122.060830
-0.402576 -19.027156 119.911248
0.069481 -19.017094 119.830199
0.126128 -18.748455 119.880451
0.045144 -18.372603 119.953001
-0.246362 -17.899497 120.011674
-0.826893 -17.867403 120.096208
2.102340 -24.184046 121.560225
5.127089 -18.688483 122.232076
5.326857 -14.503173 126.005145
1.586547 -13.916127 138.786427
0.911204 -11.371563 137.889154
-0.162848 -8.524247 135.238967
-13.639347 6.152185 111.091408
-3.883475 7.172132 113.324645
-4.578924 8.226706 112.051020
-2.197962 7.818468 110.412276
-3.412113 8.311399 110.801542
-2.188525 8.325977 109.510811
-2.386258 9.215073 107.255803
-3.748767 9.241142 108.737307
-3.100523 9.594267 106.370860
-2.516281 9.458942 105.862693
-1.268197 8.814739 106.126789
-0.290034 8.254449 105.083817
1.064483 6.950159 106.649151
-1.158770 8.178096 108.329777
-1.185356 8.531910 107.254778
-0.312515 8.100827 106.467470
-9.174845 9.962088 115.750270
-9.216142 9.918994 114.439099
-15.405224 3.554740 112.431578
-15.084769 3.211433 112.119033
-14.612881 3.786678 111.739702
-15.305547 4.403274 112.237097
-15.109688 2.301351 112.280419
-14.764514 2.522279 111.562433
-14.690269 0.917991 112.059011
-15.552237 2.261237 113.273744
-14.785727 1.606164 111.587901
-15.860897 4.292250 112.660052
-13.705385 4.575552 111.328670
-13.215322 3.899134 110.985511
-13.065994 4.388782 110.722502
-12.684730 3.505200 109.762638
-14.574486 1.652618 110.444018
-14.226377 2.511264 110.517411
-13.424133 2.891042 109.911690
-13.843972 3.119001 110.716634
-12.114575 4.169272 109.456492
-12.244130 4.777539 109.942171
-11.359763 5.285044 108.765114
-12.811211 7.717232 110.620517
-12.250053 7.425499 110.405279
-11.736333 8.666196 110.540721
-15.328925 -1.576925 105.551194
-15.206621 -3.145584 104.731202
-11.284752 9.400663 110.935549
-12.966763 5.812581 110.764193
-10.648120 8.857469 110.462104
-11.086576 8.224506 110.116565
-11.642606 7.065739 109.888575
-11.804953 5.952937 109.721874
-12.401980 5.445991 110.247227
-10.167704 9.314475 110.938449
-9.970302 8.653325 109.569585
-10.426894 7.978291 109.282745
-10.971197 7.104703 109.148335
-11.401652 -1.656158 115.620700
-12.026646 -1.705110 114.635605
-12.582428 -1.628516 113.923786
-12.894590 -1.645804 113.055598
-13.644056 -0.598171 113.224122
-13.393780 -1.718891 111.827926
-13.941527 -0.747357 111.981915
-9.588990 8.551292 104.681711
-10.403632 6.801981 103.962533
-9.570731 8.794616 102.661836
-12.777848 -0.876110 115.405171
-12.126583 -2.121854 113.594999
-3.721224 9.857813 105.473924
-4.684625 9.907789 106.268988
-10.957003 5.622803 103.776407
-9.938082 7.671650 105.520641
-10.591510 6.058346 105.391510
-10.509074 6.363598 107.415938
-10.494448 6.953156 108.284142
-9.628612 8.344335 106.343559
-9.811719 8.115096 107.499743
-10.049896 7.976115 108.492748
-8.590357 9.826766 102.295802
-8.753499 9.488197 104.662478
-8.990788 9.173439 106.653267
-9.525222 8.733563 108.660685
-7.063787 10.318748 103.338602
-7.409740 10.012188 104.868324
-8.163555 9.656439 106.797838
-8.614602 9.387398 108.119400
-8.976594 9.171456 109.119426
-5.525614 10.276905 103.980124
-5.881019 10.176216 105.304115
-7.163888 9.866528 106.992225
-7.994331 9.551363 108.552288
-8.410525 9.309969 109.605322
-5.471169 9.695558 107.698330
-7.286791 9.433670 109.056206
-8.702818 9.206667 110.757158
-5.333658 9.123761 110.140255
-7.174081 9.033327 111.061168
-8.010335 9.072149 111.976204
-8.908261 9.432442 112.791210
-9.530211 9.525815 111.757312
-9.682033 10.087417 113.452168
-10.290891 10.203767 112.574844
-6.332472 8.488218 112.547093
-7.000754 8.490503 113.461163
-8.220367 9.117352 113.924137
-7.975768 3.880743 118.937312
-8.985698 5.392004 119.430166
-6.694928 4.620668 118.199541
-7.339476 3.270954 118.699698
-5.679196 3.954922 117.926054
-4.153056 3.314938 117.521557
-7.813248 8.835094 115.208723
-7.968491 8.560035 116.741060
-6.686825 7.777746 115.816713
-6.687065 7.336923 116.659736
-6.687630 8.131611 114.359099
-5.413361 7.965518 113.091682
-5.704312 7.714004 113.950277
-3.860202 6.560233 114.267372
-5.537700 7.202503 114.939801
-5.614692 6.849168 115.595404
-2.713469 5.291510 115.020427
-3.096998 4.881021 115.828049
-5.617616 6.379008 116.319724
-8.615072 8.521095 117.630713
-3.588643 4.517597 116.546469
-5.034554 5.410494 116.844220
-5.957688 5.921348 117.172230
-7.283910 6.552472 117.940171
-8.396785 7.453989 118.315206
-9.195019 8.097682 118.490182
-4.049460 4.003982 117.164433
-5.323154 4.701218 117.419328
-6.356824 5.129122 117.831389
-8.310954 6.411113 118.804344
-9.537440 7.396087 119.201183
-10.121772 5.988834 119.736833
-10.149946 5.437668 119.731631
-11.976623 5.676521 119.847812
-10.987034 4.383004 119.682877
-12.764564 4.548880 119.634009
-13.989935 2.958801 118.814645
-11.507565 2.978848 119.400319
-12.497904 1.381466 118.597767
-10.286653 1.668404 119.046984
-11.540046 0.352900 118.218609
-10.814152 -0.489298 117.770376
-10.092019 3.158946 119.394068
-8.880580 1.602346 118.899101
-9.305464 4.279325 119.465987
-8.503019 3.131597 119.050833
-7.960023 2.428075 118.899887
-10.721198 9.959194 111.584378
-9.446413 9.123438 110.062441
-12.485458 -2.864394 112.069453
-12.915105 -3.909264 110.432858
-12.651460 -2.267625 112.544152
-13.955077 -1.335194 110.963557
-14.373854 0.135408 112.246755
-13.669772 -3.164386 109.747600
-14.343031 -0.674695 110.569939
-13.396788 2.571835 109.088880
-14.084463 1.908531 109.166054
-14.559064 0.952622 109.005815
-14.613743 0.438187 110.342280
-14.626651 -0.182926 109.438415
-15.852776 2.155647 114.393279
-15.101250 1.200983 115.541301
-14.633043 1.135397 116.581353
-14.199655 0.391941 115.744381
-14.884743 0.929480 113.719624
-14.900918 -0.700166 107.967008
-14.916708 0.205234 107.048306
-14.251145 1.473556 108.013707
-13.529983 2.216858 108.116198
-13.244275 2.407329 106.927190
-12.624518 3.168753 109.025716
-12.343980 3.214447 106.886760
-11.980874 3.794177 108.654568
-11.419678 4.625439 108.138691
-11.337529 4.535676 106.339613
-15.209316 -0.493759 105.453367
-14.882428 0.527042 105.467332
-14.139602 1.600872 106.104262
-13.706811 2.088346 105.225490
-11.887736 3.748249 106.402774
-12.189477 3.828646 104.072821
-11.510977 4.683329 104.182518
-15.493210 -1.056485 103.958463
-15.282428 -0.151090 103.897028
-14.942359 0.631579 103.568413
-14.384949 1.454505 103.510875
-12.731205 3.509020 102.438731
-11.595428 -0.981303 116.628723
-12.220350 0.136611 117.716455
-12.804515 0.769014 118.004015
-13.926379 1.429807 117.677688
-14.834561 2.507591 117.880090
-13.754960 0.620901 116.920508
-14.864187 1.904738 117.348866
-14.369554 -1.833765 109.115171
-14.971685 -1.750841 107.144700
-14.667030 -3.131959 106.925250
-13.397940 -0.700336 114.285953
-14.503877 0.506610 112.877544
-13.972056 -0.147510 113.936468
-10.721240 -1.895435 116.008525
-11.573474 -2.566395 113.521180
-10.155649 -2.340723 115.755232
-2.914098 9.721080 104.585898
-2.797916 1.101283 117.660334
-1.282580 7.499158 110.074472
-1.604011 6.872420 111.686696
-1.950826 5.669262 113.838968
-1.650065 6.363877 112.603781
0.738947 4.917442 111.824131
-0.400910 5.600695 112.473649
-0.178916 6.400274 110.845825
0.816037 5.801959 110.364827
-0.214449 7.130166 109.382589
0.715379 6.425082 109.283799
0.588106 6.961488 108.177016
1.270881 6.491351 107.711795
1.856394 5.093128 109.323732
1.406760 5.872719 108.996820
1.473545 5.306184 109.934851
1.640025 3.582415 112.090229
1.937452 3.225376 111.856512
-11.817637 -4.619268 111.157424
-12.300696 -5.158295 109.980890
-12.697697 -5.453882 108.922018
-13.296815 -4.367801 109.173082
-14.312902 -4.415927 106.195037
-11.377873 -7.538960 108.221225
-12.010211 -6.681127 108.409381
-13.152510 -5.521462 107.596689
-11.378377 -6.195027 110.226801
-10.629349 -3.823027 113.411739
-11.086248 -2.887656 113.694425
-10.101643 -5.272973 113.106539
-9.361570 -3.482080 115.112220
-10.093897 -3.071250 114.905298
0.854868 4.073201 112.745254
-0.648533 4.713841 113.820916
-0.755888 3.544107 115.120505
-0.178544 2.517508 115.308204
-1.156552 3.088612 115.843202
-0.349093 1.701442 116.005319
-1.555376 2.465536 116.497308
-0.968118 1.165502 116.754424
-2.020977 1.806662 117.077431
0.701515 0.577109 115.610054
0.763865 2.142915 114.639458
0.574853 3.362073 113.868662
1.480487 0.835484 114.590454
0.249504 -0.218333 116.478521
1.861984 1.298524 113.701339
1.447348 2.702536 113.361389
1.945973 2.453349 112.711104
2.259239 2.371311 112.049964
-0.558274 0.037545 116.995543
-0.370487 0.840152 116.432425
-11.728908 -6.286769 109.650714
-10.556278 -8.682818 107.801330
-9.834280 -9.068576 109.205820
-10.649045 -7.794233 109.534969
-9.907672 -8.205985 110.854160
-9.303233 -9.312917 110.564411
-8.828330 -10.171882 110.058280
-9.636586 -8.257287 111.317009
-9.968826 -7.195902 111.811423
-10.381203 -7.036593 111.010988
-10.451442 -5.556486 112.146541
-9.209291 -7.940277 112.134850
-8.695571 -9.564527 111.235741
-8.343484 -10.621237 110.081816
-4.756611 10.132083 104.554036
-6.605917 9.281098 109.887119
-5.661466 9.514716 108.867262
-3.970438 9.668208 107.274777
-2.187644 8.747206 108.501790
-5.026435 8.646706 111.391283
-3.717083 8.696829 110.123171
-3.086654 8.759759 109.530837
-11.228657 4.927268 105.162479
-10.451393 6.310023 106.497448
-11.438812 4.296406 107.342032
-6.726434 9.633555 108.290151
-7.530214 9.674914 107.659263
-6.606635 9.997482 106.197176
-7.750878 9.910618 105.790332
-0.139882 7.507457 108.138775
-7.047343 3.863978 118.515184
-9.299540 6.408655 119.420565
-8.018902 5.485755 118.876432
-7.061296 7.026367 117.440037
-6.510180 7.870543 115.047093
-10.126021 -0.037976 118.272425
-10.960708 0.974675 118.703433
-11.989950 2.018429 119.016322
-13.974161 4.188657 119.273078
-11.167633 -0.910905 117.098678
-14.175439 2.350938 118.396920
-9.763430 -4.928514 113.690837
-7.941995 -10.993041 110.328034
-14.568723 1.014518 106.682349
-11.697423 4.162371 105.432628
-12.084461 3.476503 107.854668
-12.734315 2.871276 108.134814
-13.060017 3.610217 110.567489
-13.839309 3.970458 111.273625
-14.388762 3.197387 111.258640
-15.043274 1.689638 112.549947
-14.647164 0.587167 114.574095
-16.067658 2.298004 115.097809
-15.586252 2.038114 113.709492
-16.124681 2.864864 116.758253
-13.325741 -0.086488 116.306262
-14.041959 1.797970 104.473757
-14.595520 1.089833 104.799430
-11.322866 7.736307 109.946772
-16.321614 2.749662 115.837892
-16.036872 3.365945 113.310738
-17.850194 5.425289 114.167624
-16.575744 4.701718 113.078268
-17.232215 5.190317 113.462914
-17.051309 3.754918 114.867061
-16.251211 3.533142 117.390638
-16.257334 4.499404 118.238379
-15.423573 4.723048 118.920088
-13.954973 5.892467 119.655440
-13.012232 6.665244 119.846492
-15.535214 7.245577 111.446013
-15.973537 8.283096 111.392287
-15.112869 9.190252 111.125844
-17.926874 10.507467 111.562984
-18.818104 10.408496 111.827165
-16.724116 6.928740 118.908383
-18.235248 9.374920 119.072972
-17.693295 10.858897 119.208772
-15.870582 8.321322 119.352117
-18.688095 7.928713 118.396930
-18.928322 7.391288 117.858150
-19.257519 6.817044 116.752959
-19.000594 6.436185 115.214407
-18.450978 5.954241 116.438945
-18.214330 6.379242 117.545740
-17.391200 4.990615 117.412313
-14.082858 8.591657 110.935358
-16.868467 7.366246 111.865606
-14.222092 5.366936 111.544235
-19.253673 7.007545 114.382607
-18.349375 6.374707 113.924625
-18.291252 6.999357 113.120561
-19.366739 7.614354 113.611559
-18.278096 7.608171 112.592493
-19.699067 8.426675 113.123862
-18.948578 8.639259 112.426951
-18.467092 9.271029 111.928734
-16.892857 6.837246 112.091995
-17.150727 5.915188 112.927741
-15.922789 5.690365 112.234254
-15.444144 5.074420 112.212491
-17.781524 6.643494 118.167009
-17.713094 11.550267 111.299824
-16.404583 10.090510 111.242975
-14.995954 5.514499 119.288720
-16.471172 7.874400 119.203016
-17.917733 10.079484 119.228732
-16.065456 4.692869 118.529691
-17.339668 6.856554 118.575352
-18.450194 8.665071 118.818619
-19.121207 6.533799 116.061582
-18.501833 5.884293 115.888151
-17.540550 4.428270 115.856203
-18.423744 5.808469 115.047371
-17.456612 4.512372 114.507037
-16.431571 3.207163 114.068392
-19.187574 7.137982 117.403455
-18.309145 5.950731 116.934491
-16.439729 11.017407 111.130525
-14.350125 9.762553 111.004406
-19.448222 11.590328 111.873959
-18.855411 12.360149 111.530244
-21.358170 10.213631 112.963278
-21.231435 8.817570 114.235855
-21.114362 8.297914 115.046431
-19.900842 8.773611 118.388738
-11.230325 6.844002 119.850579
-12.534636 8.629517 110.699808
-11.384515 11.748483 115.501004
-10.382347 10.944780 115.211625
-10.248878 10.734888 116.035389
-11.443896 11.610416 116.281750
-10.086464 9.637711 117.650995
-11.212918 9.592212 118.460183
-11.691368 8.982259 119.136541
-12.224454 7.537047 119.794439
-13.843775 8.841364 119.517390
-10.321021 8.022493 119.209023
-9.956046 8.720021 118.456968
-8.938452 9.388246 116.751331
-9.465982 10.152795 115.800021
-22.652359 12.956696 112.708369
-23.139017 14.374531 112.763733
-16.005012 9.697218 119.306326
-15.987876 11.752605 118.818139
-15.182946 11.062295 118.936773
-14.339479 13.433105 117.096994
-11.987578 11.383773 117.180131
-13.519068 13.851041 115.825685
-12.295035 12.628292 115.706960
-13.481145 13.941331 114.867931
-11.979213 12.285321 114.690370
-13.118202 13.130584 113.690066
-13.590001 12.934939 112.601189
-19.264746 10.948591 119.357265
-19.663026 9.494008 118.900072
-20.909277 8.206414 117.184471
-21.228266 8.209825 116.216553
-12.715450 10.408308 118.547344
-12.744368 11.375338 111.695460
-13.204702 10.512595 111.069903
-23.678091 11.116393 114.427564
-24.050155 11.086926 115.664575
-21.712980 9.686213 113.719494
-14.647089 13.023864 111.771355
-15.592332 12.144297 111.128091
-12.120152 11.566213 112.467066
-11.715471 11.659018 113.431130
-13.658503 11.104412 118.536209
-12.838124 9.524157 119.154731
-14.766161 8.408945 119.531040
-10.746548 11.052360 114.119740
-17.422664 16.153150 112.686926
-18.084614 15.456521 111.981322
-15.892761 13.935721 111.812326
-15.309192 14.460205 112.608148
-20.149965 14.660483 111.819117
-16.840309 12.788195 111.167624
-21.586909 11.323319 112.621987
-16.246301 16.487751 115.975093
-16.389049 16.735475 114.944814
-14.849591 15.307997 114.876110
-15.204833 15.195665 113.655327
-16.818368 16.587501 113.686942
-16.253733 15.529174 117.262877
-16.820399 12.342397 118.885915
-17.919169 17.885944 115.970271
-18.323237 18.306536 114.903786
-18.768346 18.174373 113.710905
-20.543620 15.562711 119.416704
-18.601366 14.987333 118.968498
-18.215242 16.932056 117.969844
-18.021048 17.370920 117.300652
-22.645767 11.150836 113.334519
-23.247339 12.392973 113.083302
-21.515983 13.848449 112.254918
-19.386726 17.604174 112.803100
-19.470562 16.261135 112.113484
-23.590738 10.475097 116.931429
-23.343226 10.606157 118.070332
-22.453435 12.723576 119.568083
-22.911047 11.976441 119.210624
-21.608414 13.873358 119.779969
-27.898719 17.914432 117.533765
-27.683897 18.052542 118.827059
-28.060956 23.490602 118.344387
-28.565979 22.797687 120.117445
-27.815381 22.495502 120.012938
-26.813796 22.743978 118.386257
-27.985340 23.888597 117.305471
-27.561250 23.631190 116.244737
-28.398363 23.751550 115.691473
-26.493951 22.633900 115.446965
-28.031848 22.961367 114.952069
-28.607784 22.434454 114.496815
-28.424807 21.664008 114.157144
-29.920718 20.493465 113.863295
-30.331706 19.587647 114.015796
-29.590648 19.063865 114.013568
-29.947025 18.790801 114.107812
-29.035170 18.051175 114.162091
-29.295280 18.031889 114.521855
-27.951418 17.025098 116.335730
-28.747098 17.475816 115.059804
-27.097098 17.432189 120.444494
-27.402890 19.219297 121.041438
-26.707272 17.786276 120.503960
-27.197672 20.381460 120.811135
-27.118517 15.482484 116.392580
-27.824176 16.389810 115.568559
-27.017057 16.856093 119.848041
-27.730862 18.448133 120.307872
-27.379517 17.018759 118.950063
-26.423907 14.461976 117.130976
-27.685092 17.341841 118.105328
-25.989342 17.388597 120.272760
-26.027109 18.939441 120.239841
-25.379974 18.126757 120.058330
-25.920892 20.797129 119.674071
-24.685051 19.132959 119.600492
-24.548830 20.485633 119.025586
-24.618504 21.282903 118.277766
-25.884217 22.503481 117.221597
-28.198179 19.777234 121.439912
-26.937079 21.867912 119.877691
-24.044383 21.673636 115.159882
-26.745229 22.030893 114.547487
-25.150840 21.612952 114.380747
-27.333079 21.280231 114.014286
-24.709785 20.509369 113.518248
-28.589118 20.054789 113.772808
-25.372969 19.080631 113.085821
-28.099456 18.510906 113.675533
-26.846524 18.005738 113.356124
-28.318818 17.058032 114.732466
-27.900819 16.644633 114.396501
-28.521510 17.609419 114.077299
-27.759506 16.701884 116.612144
-26.256187 22.842996 116.122163
-29.927272 21.996585 114.298453
-31.374044 20.768264 113.939486
-30.772735 20.544035 113.920817
-30.844266 19.933633 113.829826
-24.871184 15.555911 113.160763
-24.618104 14.274701 113.291134
-19.276529 18.908673 115.848090
-22.319999 20.816839 115.822318
-22.740593 20.994941 115.026947
-19.784407 19.333530 114.840938
-23.651790 20.973481 114.113018
-20.350254 19.240601 113.744054
-22.789509 19.447571 113.135065
-21.375700 18.725081 112.927139
-23.510968 18.107560 112.685305
-22.309837 17.450382 112.429451
-24.021485 16.546135 112.726622
-25.192698 13.044613 114.264335
-25.324837 12.808007 115.226614
-27.191043 15.511733 114.816803
-26.989724 15.131348 115.484525
-25.099849 13.533211 113.737275
-26.753587 15.022891 114.495471
-26.804704 15.507495 114.007153
-26.128178 16.335660 113.447976
-24.369262 11.917413 118.507290
-24.221550 13.706258 119.635556
-25.640797 14.049794 119.074669
-26.383738 16.435024 120.123087
-25.244170 12.749616 117.702378
-26.055276 14.229529 118.193187
-25.109109 12.384233 116.213334
-25.557674 16.375966 120.097031
-23.978024 14.378380 119.811714
-24.744736 17.002004 120.025092
-24.074777 17.979894 119.699236
-22.092307 15.921051 119.690675
-22.495793 19.139220 118.911644
-20.832860 17.686786 119.010611
-21.036533 18.989151 117.975108
-19.309709 17.857271 117.985248
-19.212485 18.292034 117.292606
-24.454105 11.877322 114.735411
-25.708524 13.243163 116.591258
-24.315455 11.394317 117.244359
-24.404187 12.294978 113.910383
-26.012153 14.291849 114.106245
-25.745003 14.930446 113.647142
-27.073803 16.861288 113.661993
-11.741480 8.216755 119.501307
-10.529287 7.371623 119.609583
-13.895940 10.179172 119.105348
-10.289317 10.379396 116.849810
-11.016598 10.828832 116.934036
-12.034291 10.939580 117.692761
-16.470950 11.122296 119.051512
-18.617745 13.873226 119.115435
-21.373450 17.322428 119.272324
-24.035115 19.593468 119.252477
-25.871837 21.258631 119.364684
-14.805197 9.676246 119.307507
-21.522476 14.564279 119.760409
-26.101313 20.183181 120.051117
-27.015824 21.284083 120.344639
-19.305808 9.883029 119.134966
-20.719156 11.742358 119.498613
-22.518047 13.955811 119.827116
-24.040473 15.723795 119.967594
-26.302646 18.319710 120.401592
-25.053870 21.157320 118.796934
-25.256820 19.784412 119.665379
-27.099364 19.646839 113.499582
-26.273736 21.016314 113.849272
-25.005311 22.096165 115.356910
-24.264985 21.896650 115.951173
-22.688547 20.581114 117.282510
-23.723487 21.491730 116.516954
-20.887159 19.881074 115.789311
-21.118580 20.062707 114.872822
-21.701065 19.914970 113.837950
-23.079674 20.218740 118.329250
-19.797165 16.504667 119.051029
-20.367964 18.224372 112.856111
-21.120308 17.245549 112.310357
-20.679145 19.349558 116.946650
-27.889622 23.915768 116.890697
-26.406298 22.957437 116.621926
-17.798349 17.504801 116.676284
-19.155230 18.583899 116.595452
-21.616576 20.176864 116.546787
-27.725926 23.484317 117.847487
-25.727093 21.965541 118.419346
-20.964587 18.544386 118.475792
-19.817228 17.668622 118.523376
-27.790890 18.849265 121.129284
-13.877753 13.937461 113.679024
-14.383852 13.661921 112.594169
-26.606272 16.273096 119.935453
-25.363932 14.126311 119.605983
-24.073601 12.390906 119.153909
-22.835879 10.961120 118.667198
-20.588716 8.489304 117.849365
-13.271783 11.801466 117.823090
-14.834178 12.966950 117.769755
-16.799879 15.368978 117.928807
-18.494682 16.262178 118.540948
-15.311649 12.399925 118.330931
-16.042465 13.090678 118.423071
-16.223191 16.047456 116.643828
-14.846478 14.597413 116.528090
-13.112216 13.062192 116.394955
-22.176773 15.695934 112.224844
-20.370108 14.119531 111.869169
-17.214102 12.265927 111.175745
-16.059990 11.676593 111.091257
-14.029094 10.504325 111.054673
-12.295672 9.467748 110.827505
-21.587712 16.597404 112.181680
-19.321268 15.150478 111.809824
-16.405393 13.333696 111.393483
-15.395358 12.724693 111.333472
-13.583924 11.362910 111.332751
-20.927848 10.136176 118.791243
-22.853297 9.965442 114.916519
-22.808139 9.735361 115.504520
-22.577942 9.425024 116.596495
-22.164048 9.455169 117.633402
-18.413589 16.855782 112.759113
-17.804105 17.354190 113.710926
-17.584249 15.136105 118.507025
-17.361294 17.475860 114.932806
-15.341904 14.457092 117.189945
-15.625333 13.828026 117.855041
-18.020924 13.454415 111.349640
-17.552415 14.050403 111.513496
-16.989189 14.707118 111.884322
-19.065651 11.694679 119.391569
-21.727296 9.786740 118.259278
-18.417715 12.902552 111.372767
-11.734281 10.160227 111.270474
-11.276309 10.654313 112.048316
-27.042631 18.011568 118.816865
-27.464187 18.103365 118.808215
-27.743919 18.046953 117.411053
-27.517552 18.048866 117.202359
-29.162059 18.286355 114.630791
-28.372958 18.044654 115.512509
-27.892865 17.961551 116.377300
-30.417446 21.683980 121.282276
-30.002140 20.754573 121.680357
-28.789125 20.187061 121.763568
-27.972705 19.629459 121.474065
-27.688317 18.787484 120.557431
-27.627462 18.390898 119.794579
-29.392770 20.275392 121.742365
-28.223626 19.984079 121.633189
-27.753235 19.169412 121.088378
-29.598506 18.654878 114.105156
-28.013654 17.491711 116.322180
-31.923202 21.209022 114.553815
-28.810358 20.978804 121.673734
-28.092122 21.490713 121.038707
-27.742142 21.929302 120.527991
-28.427786 22.277325 120.696003
-29.121092 21.731867 121.385132
-29.347115 22.346180 120.955083
-28.440097 24.088413 116.492927
-28.965217 23.852886 115.520544
-29.381116 23.493446 115.073175
-29.890717 23.208646 114.911284
-30.761459 22.848575 114.972776
-31.030140 24.904949 116.916013
-31.134995 24.717493 116.185128
-30.483949 24.575756 115.983093
-30.430082 24.776238 116.594030
-30.816563 24.406534 115.736163
-31.874875 24.178342 115.935527
-29.527341 24.473917 116.477987
-30.342686 24.066602 115.390049
-31.069210 23.551719 115.344337
-30.153121 24.783436 117.292965
-29.222549 24.408066 117.494917
-29.441766 22.922563 120.331034
-29.452929 23.949956 118.602962
-29.434255 23.416202 119.409003
-29.377575 24.252675 118.151925
-28.750777 1.578987 113.634709
-28.443146 -1.253740 113.498143
-27.916375 -0.621800 113.740818
-27.925261 0.809311 113.868475
-30.720645 -2.808149 115.572157
-31.023375 -1.393703 115.652059
-30.774222 -1.353089 116.505221
-30.960551 -1.262198 115.040000
-28.686877 -1.288345 119.064292
-27.961564 -1.028792 119.138063
-26.797847 17.970962 117.859605
-27.120033 18.012024 116.903675
-31.719342 20.749496 120.941575
-31.421245 21.466351 120.899438
-32.035211 19.623563 120.855462
-29.114688 19.022539 121.778318
-29.672212 17.463125 121.691717
-30.148355 19.478738 121.712559
-31.175763 19.051291 121.421524
-31.091727 20.311775 121.419549
-27.062544 -0.479074 114.723038
-27.357125 0.863278 114.523773
-27.515694 2.201023 114.501572
-26.501773 -1.164596 115.528632
-26.873271 1.355945 115.609711
-26.541759 0.077188 116.374306
-26.585744 0.386313 116.840514
-30.545061 -1.037020 114.241030
-29.109907 0.203393 113.622381
-28.703248 -2.606990 113.386235
-29.790625 -1.918275 113.715456
-26.160984 -1.361701 117.003557
-26.639983 -0.367539 117.686313
-27.304843 -1.159707 118.940749
-27.227559 2.514792 115.091731
-26.864497 2.312684 115.969032
-28.212419 2.174514 113.874305
-27.048346 -0.004149 118.301310
-28.348401 0.874324 118.940288
-27.773950 1.000712 118.694217
-27.289126 1.080969 118.169176
-26.938509 1.063909 117.542170
-28.299280 2.238547 118.906076
-27.777239 2.306990 118.545026
-27.317220 2.351476 117.987997
-26.988110 2.323473 117.275999
-26.795497 2.130816 116.463225
-28.210856 3.508821 118.926879
-27.732921 3.606305 118.507833
-27.344802 3.696100 117.890802
-27.095608 3.739608 116.990808
-27.016102 3.697603 116.098490
-27.143955 3.553341 115.524011
-27.826846 3.634368 114.458018
-28.591572 3.556712 113.895133
-29.349459 3.471215 113.714235
-27.997017 5.520698 119.000548
-27.552494 5.585156 118.468517
-27.283781 5.584813 117.749520
-27.147888 5.524694 116.817557
-27.210057 5.395392 115.914914
-27.477247 5.456772 115.205676
-27.796022 5.579447 114.743874
-28.398716 5.432885 114.168821
-29.173716 5.350126 113.849931
-29.950385 5.272892 113.825024
-27.697493 7.293467 119.034246
-27.314783 7.337135 118.353230
-27.118581 7.361372 117.500246
-27.177580 7.345343 116.558297
-27.430779 9.101909 115.419821
-28.194242 8.601717 114.317624
-28.892587 7.146621 113.924633
-29.757658 7.095376 113.827736
-30.543305 7.004693 114.005819
-32.505471 6.765784 117.285922
-32.185799 4.941615 116.586188
-32.100612 6.326566 117.985231
-31.945611 5.016073 117.496114
-31.524214 2.286961 116.444181
-31.766326 3.112435 115.895447
-31.344231 1.427463 115.367915
-31.242472 0.204435 115.772077
-30.852834 7.016183 119.242614
-30.852230 5.186761 118.681916
-30.732441 3.221454 118.058226
-30.624594 1.340639 117.590431
-30.322058 -1.788210 117.284806
-29.894397 -0.436160 113.871877
-29.980274 0.589340 113.845733
-30.729696 0.561503 114.278796
-30.210138 7.122657 119.455525
-30.269321 5.257303 118.987829
-30.244020 3.262564 118.467154
-30.261152 1.467513 118.089137
-29.856308 -2.026510 117.909794
-29.276059 7.186066 119.654405
-29.426325 5.318902 119.316718
-29.536202 3.310136 118.923044
-29.605744 1.966791 118.744260
-29.648488 0.592953 118.570482
-29.424397 -0.959868 118.583112
-28.421802 7.303501 119.568301
-28.645358 5.405314 119.324617
-28.878309 2.544236 119.058688
-29.012973 0.717789 118.963376
-31.110226 1.857724 114.524632
-31.547142 3.124400 114.892469
-32.074922 4.911199 115.482235
-32.535091 6.729310 116.177979
-30.285324 1.937078 113.958557
-30.738550 3.276413 114.196392
-31.378742 5.069198 114.614172
-31.963727 6.776649 115.126956
-29.499186 2.013668 113.675477
-29.958523 3.399675 113.816311
-30.593432 5.210604 114.070093
-31.217031 6.925102 114.422884
-28.082967 17.109584 114.532942
-28.533028 18.378761 114.405882
-28.941441 18.377222 114.097941
-27.434728 17.442903 115.353319
-27.701937 18.098794 115.552979
-26.910345 17.145638 116.096820
-26.807459 17.672364 116.810635
-26.457882 16.843109 117.883740
-32.685623 22.039681 115.769720
-32.734060 23.523061 116.318970
-33.051953 22.781916 116.471719
-33.216502 23.247040 116.973879
-33.791199 20.693983 117.231170
-33.627919 22.265005 117.825442
-32.609427 20.583742 115.076961
-33.283409 20.448494 115.951013
-34.005766 20.644288 117.884972
-31.855362 19.534420 114.125023
-32.539773 19.602256 114.878104
-30.781153 16.558258 113.553436
-31.698543 18.116460 113.906281
-32.176552 18.221261 114.547286
-31.636260 16.534054 114.072505
-33.264862 18.486662 115.831308
-32.831194 16.516539 115.136589
-33.857698 18.877237 117.031255
-33.750021 16.729126 116.326604
-34.089896 19.008459 117.861225
-34.122015 16.875549 117.148583
-31.334034 19.589253 113.694125
-30.594420 19.689657 113.536636
-31.128796 18.140610 113.649232
-30.541926 18.202086 113.598160
-30.022791 16.647733 113.508346
-29.566998 16.671539 113.619289
-29.928472 19.063886 113.635013
-29.518379 17.821086 113.825554
-28.586013 16.301713 113.991255
-32.799372 24.002845 116.760390
-32.888485 23.986074 117.461847
-33.295094 23.264553 117.741825
-32.156889 21.429451 120.314983
-32.950410 20.536828 119.980355
-33.776437 20.243211 119.282940
-33.240707 19.685816 119.884944
-31.841157 18.641946 120.954400
-31.379534 16.341202 121.031192
-32.022951 16.371949 120.599277
-29.140725 16.393241 121.612226
-27.877840 18.660641 121.390815
-28.192439 16.294297 121.402845
-27.177950 18.471828 120.402456
-27.070971 17.804403 120.311324
-27.458898 17.280243 120.879076
-27.082428 18.214140 119.754511
-26.782462 17.782438 119.650552
-26.801917 16.656846 119.813275
-26.634953 17.848711 118.837560
-26.600754 17.119122 119.028834
-32.430426 24.024406 118.319589
-33.009109 23.369812 118.326438
-33.843446 21.447600 118.714967
-33.536566 22.139839 118.733659
-32.245380 23.501779 118.915308
-34.158423 19.005461 118.525205
-34.248758 16.922522 117.622567
-34.056787 20.487606 118.614963
-33.597634 21.516013 119.125930
-33.107538 22.391277 119.089189
-32.638345 22.428024 119.424781
-31.755275 23.014329 119.487767
-32.861656 16.568390 120.164358
-32.630106 18.094561 120.447089
-33.734488 16.763490 119.434451
-33.334327 18.467575 119.895138
-34.244747 16.938573 118.634520
-33.909157 18.806881 119.297169
-27.690514 15.999823 114.769925
-26.994073 14.811722 115.786593
-26.506011 14.694503 116.786468
-26.355801 16.155735 117.096316
-26.299115 14.725890 118.353433
-30.170523 15.092394 113.427597
-31.189946 15.045961 113.730700
-31.747822 13.956090 114.153336
-33.191464 15.014473 115.532831
-33.822634 15.141421 116.474837
-29.030442 15.144512 113.712451
-28.137078 14.337929 114.298976
-27.148477 9.183404 116.249034
-26.947591 9.236190 118.065924
-26.954889 9.256849 117.133964
-27.617832 10.498593 115.066605
-28.799052 8.967679 113.937342
-29.517943 8.924564 113.727435
-30.404388 8.898086 113.884531
-31.134422 9.040461 114.221067
-26.566110 11.878186 117.557506
-26.760709 11.881837 116.535578
-27.222689 11.867806 115.593669
-27.806446 12.867513 114.685931
-28.121481 11.787744 114.374831
-28.936108 11.724175 113.784957
-29.870596 11.646457 113.518074
-30.740140 11.584802 113.689173
-31.591444 10.278798 114.417668
-32.129760 11.432308 114.829292
-26.398903 13.793401 117.400105
-26.890021 13.252815 116.124401
-27.370697 13.157295 115.224505
-28.541185 13.770503 113.998282
-29.316387 12.999994 113.575809
-30.396544 12.937411 113.532935
-31.308464 12.875889 113.912029
-32.051259 12.830307 114.590079
-32.753643 12.822440 115.379121
-27.282085 9.135422 118.945932
-26.660986 11.779264 118.703483
-26.468282 13.236671 118.540250
-32.101642 14.575375 120.281957
-32.573819 12.669660 119.490939
-31.009754 13.934091 120.985220
-32.188484 11.300406 119.808388
-32.732383 11.290165 119.088180
-32.259062 8.692626 118.950228
-32.738441 8.627881 118.062626
-30.152648 13.809469 121.159190
-31.673240 8.706905 119.458441
-28.231102 14.624914 121.175983
-29.118270 13.922331 121.177304
-29.771583 10.813476 120.392848
-30.786243 8.814145 119.804316
-27.687390 14.504171 120.848839
-28.688291 11.607520 120.575734
-26.704605 15.000888 119.975203
-27.072510 13.443726 120.101210
-27.763086 11.361698 120.191183
-28.418336 9.064648 119.877021
-26.413064 15.093305 119.334928
-26.626077 13.793926 119.448963
-27.136967 11.713116 119.626499
-27.464822 10.403168 119.602561
-32.903949 8.542981 117.011708
-33.142153 11.235651 118.251272
-33.260846 12.786683 118.926025
-33.175619 14.865811 119.750664
-32.555489 8.616422 115.815715
-33.319772 11.327671 117.061328
-33.698142 12.825623 117.811110
-33.896869 15.152587 118.910739
-31.825724 8.753684 114.840655
-32.805027 11.395069 115.803325
-33.473884 12.827834 116.581146
-34.165775 15.187328 117.820808
-26.716599 10.687182 117.818691
-26.626471 17.499770 117.796658
-26.233093 16.153455 118.003808
-26.934784 10.577344 118.833685
-26.439159 15.876454 119.223819
-27.208536 17.795692 115.944761
-26.647247 16.301907 116.341911
-26.817002 10.682234 116.815749
-27.153782 10.656706 115.912830
-27.188820 16.273783 115.431010
-28.446343 17.716797 114.401891
-27.089658 14.943355 120.465884
-30.524114 -2.463296 116.469970
-27.802704 -1.985791 119.156233
-26.642874 -1.546100 118.617334
-26.981941 -1.390025 114.559485
-26.104669 -1.610027 116.404487
-30.441182 -3.392016 115.217464
-29.916615 -3.336351 114.281201
-30.703970 -2.772551 115.008645
-26.849711 -2.054084 114.343248
-26.657681 -2.243070 119.023473
-25.766521 -1.995274 117.124203
-26.187470 -1.941442 115.547849
-27.436170 -2.252887 113.439382
-27.986793 -2.457406 113.233037
-29.347166 -3.226278 113.741422
-27.786544 -1.577426 113.597835
-30.424674 -2.295851 114.204198
-28.964241 -2.733743 118.623870
-28.736132 18.625162 121.729710
-28.347341 18.231835 121.618221
-28.697309 16.164684 121.589922
-30.290063 18.433364 121.641445
-30.388048 16.274232 121.353081
-27.705564 16.003888 121.066228
-27.480868 18.680114 120.998431
-32.280761 12.921518 119.832048
-31.593000 14.658424 120.643484
-31.894874 13.488598 120.343748
-31.451676 11.422150 120.380943
-29.596406 14.025613 121.179735
-27.423069 13.196684 120.380080
-29.279087 8.969826 119.988122
-30.144062 8.914287 119.871231
-31.651755 6.899349 118.739740
-30.714664 10.605934 120.331039
-29.388062 11.578618 120.632717
-31.603661 10.117827 119.964197
-32.269088 10.025412 119.417026
-32.780353 10.027351 118.611399
-33.079442 9.911982 117.672487
-32.898785 9.979066 116.412520
-32.277735 10.086734 115.246491
-30.115299 10.290139 113.628299
-29.332228 10.345029 113.678208
-28.580521 10.415668 114.062095
-27.900883 10.537942 114.680980
-31.565688 2.257290 116.088974
-32.068647 4.987999 117.108149
-31.550169 5.090104 118.047032
-31.327989 3.184511 117.347328
-31.150167 1.866436 116.944525
-30.981340 0.444033 116.597736
-26.549683 -0.613240 115.769770
-29.726163 14.066334 113.447699
-30.806198 14.009980 113.592820
-32.669662 13.956036 115.031957
-33.377433 13.999884 115.940989
-33.889072 14.005586 117.228979
-33.841749 14.003063 118.410928
-33.240074 13.861404 119.388838
-26.321235 -1.952354 118.408241
-31.783096 22.368803 115.228949
-32.051562 24.685644 117.059190
-32.068534 24.533051 116.394252
-31.764514 24.641226 117.637144
-31.509275 24.613094 118.115096
-31.026456 24.457255 118.533056
-30.779925 23.876952 119.042090
-30.516476 23.190682 119.728138
-30.513494 22.523248 120.641191
-28.764658 -5.271752 113.861206
-24.704942 -4.464164 115.381741
-24.903562 -3.788350 115.400115
-25.583319 -2.939436 115.189231
-26.436996 -2.837136 113.659888
-23.420056 -10.100059 117.775743
-28.045404 -4.274338 112.906608
-28.881404 -3.955704 113.522696
-29.064316 -5.625334 116.492093
-28.032062 -5.725323 118.299191
-27.020084 -4.777172 119.317136
-26.306777 -4.396994 119.661158
-25.818979 -3.294019 119.586610
-24.858505 -8.401216 119.763704
-25.586613 -7.147939 119.602163
-25.084298 -7.315020 119.485715
-23.315875 -7.862324 118.153248
-22.723641 -7.450502 116.947322
-25.173162 -2.534133 118.734347
-24.759280 -2.680477 118.883702
-25.186173 -2.377374 117.364018
-24.268527 -2.707020 118.274039
-25.182678 -2.603455 116.384420
-24.445262 -2.915364 116.609873
-23.971325 -3.593415 119.197850
-24.466085 -3.039226 119.219258
-24.038106 -2.966038 118.647709
-23.581654 -3.216620 117.573711
-23.252075 -8.102369 117.552956
-26.545092 -8.431531 118.224124
-27.167783 -7.357388 118.138012
-25.969656 -10.126613 118.014426
-25.753396 -8.982279 119.299338
-25.652114 -9.876380 118.846265
-24.653663 -10.050221 119.994052
-24.639697 -9.150710 119.981549
-23.500114 -9.474579 119.823669
-25.797245 -8.092844 112.113070
-25.377757 -6.398932 112.785601
-23.364263 -9.115674 117.280060
-24.529414 -7.862837 115.447918
-24.696827 -8.535989 115.213962
-23.982337 -3.815452 116.399198
-24.111122 -4.492909 116.069022
-23.879173 -6.606838 116.509189
-23.600994 -7.905461 117.043961
-24.276720 -7.506877 116.089471
-24.820909 -7.080966 114.780915
-26.044976 -5.079199 112.574446
-26.209769 -6.809351 112.091591
-25.817900 -8.248930 112.344393
-25.192821 -7.933893 112.752327
-26.131893 -8.404599 112.204244
-25.994973 -8.698012 112.437554
-25.314091 -7.888594 112.958974
-23.054154 -9.547718 117.522826
-22.824939 -8.966787 118.717942
-26.896799 -9.424308 113.295005
-27.083792 -8.783904 114.096734
-26.717755 -9.609180 114.475167
-27.111501 -8.866689 116.049573
-27.292654 -8.683955 115.249591
-26.686284 -10.316534 115.244781
-26.767884 -3.604565 119.445751
-28.086197 -3.416411 113.030976
-27.951121 -7.285966 117.171240
-23.574637 -9.142031 117.152681
-27.081294 -3.039129 112.986662
-26.484475 -3.692357 113.000178
-27.091347 -4.375229 112.469889
-24.955161 -6.786295 113.738330
-25.397249 -5.311757 113.233746
-25.483429 -7.216912 112.263137
-24.870302 -8.314556 114.555514
-24.637765 -8.736449 113.757288
-24.640947 -9.380694 114.997479
-24.647007 -8.296813 114.049873
-24.754709 -9.150772 114.064408
-22.931465 -8.516609 118.500931
-23.017037 -8.763464 118.909185
-23.139771 -6.966858 117.259665
-22.886151 -8.081222 117.997114
-23.223666 -9.139615 117.710594
-23.921938 -9.158484 116.653827
-23.874318 -9.496721 115.748815
-27.660822 -3.740303 119.147944
-26.382077 -5.700662 119.428210
-29.008012 -4.135373 118.037563
-27.000665 -9.025873 117.217997
-23.125964 -9.071392 119.482604
-23.014138 -7.568263 117.459570
-29.556531 -4.541141 116.825266
-27.812419 -7.671156 116.404654
-28.388328 -6.896495 115.600879
-29.241830 -5.169344 115.005439
-27.724593 -7.438287 114.102635
-28.212723 -5.529891 113.134657
-27.030862 -8.427288 113.001174
-27.585204 -5.389160 112.586253
-25.405003 -10.265191 119.464922
-25.051477 -10.602689 118.643102
-25.134485 -10.636964 118.340480
-23.962256 -10.711146 117.863558
-26.571720 -10.225564 116.953297
-26.715212 -9.431576 112.864869
-23.005603 -7.566586 117.581908
-23.778218 -10.769969 118.139032
-23.679360 -9.633664 117.507181
-23.476261 -9.410838 117.212317
-24.206209 -9.727739 115.696718
-24.802245 -9.824936 115.916581
-24.753644 -10.083619 113.459640
-24.502274 -9.235587 113.658452
-24.903269 -9.128027 114.010979
-27.865864 -6.832041 113.563437
-29.536643 -4.878660 115.887673
-29.671898 -4.331739 115.255126
-25.319856 -8.441189 119.736500
-26.139906 -7.117207 119.546655
-26.734989 -5.964612 119.297647
-29.425289 -4.405837 117.297019
-26.397869 -10.185005 117.493317
-26.814330 -6.819695 119.122178
-25.261450 -9.093486 119.695486
-25.145908 -10.107531 119.795520
-24.522678 -3.982141 119.654521
-24.866464 -3.333357 119.551360
-25.801953 -5.246104 119.576374
-25.566015 -3.903238 119.787136
-29.291336 -4.258210 114.148657
-28.033886 -4.712960 118.687907
-26.564535 -7.734974 118.895393
-25.082830 -4.422678 119.785927
-25.207133 -2.947187 119.380379
-26.230669 -2.563521 119.079908
-26.203205 -8.771783 112.370879
-24.748845 -7.332345 115.004416
-25.847488 -10.847554 117.612601
-24.029674 -9.696564 115.587789
-24.147748 -9.189003 115.768428
-24.761347 -9.122881 114.580449
-23.818233 -9.030406 117.342821
-23.137451 -9.591656 116.994254
-24.054786 -9.100622 116.509528
-23.856165 -7.664131 118.872689
-25.122886 -10.422096 113.499547
-24.504480 -10.744201 115.557870
-25.687712 -10.295435 113.668243
-23.265874 -10.751755 118.046023
-23.677314 -10.232151 117.672875
-25.174770 -11.242332 115.868236
-24.747453 -11.049197 115.745349
-26.637474 -8.988839 112.603628
-26.368291 -9.987401 114.206659
-23.955056 -9.579066 120.010081
-26.024156 -11.012049 117.009712
-26.596065 -10.042182 116.411639
-25.944254 -10.871959 116.366248
-26.990857 -9.371926 115.155939
-26.350782 -10.560951 116.019375
-25.822288 -10.964561 115.626612
-25.831653 -9.790098 118.483151
-25.533012 -7.925994 112.844682
-26.865439 -6.145845 112.272935
-26.505157 -8.284923 112.393695
-25.848718 -6.954644 112.128736
-27.402888 -4.618598 112.499621
-26.713485 -4.369676 112.523213
-24.089769 -8.465603 119.452977
-23.726212 -8.196269 118.915500
-24.505660 -9.514220 115.263128
-23.319146 -5.195805 116.685226
-23.564456 -3.577025 117.082498
-23.194530 -4.414862 116.849624
-23.952687 -2.850298 117.897029
-24.667171 -8.345684 113.431212
-24.929683 -8.026636 113.601969
-24.759635 -8.060891 113.415494
-25.076211 -7.353427 112.703226
-24.987772 -7.763344 112.820713
-25.470060 -7.785619 112.164082
-24.265729 -8.761579 115.835565
-24.772938 -5.806927 115.376929
-25.795225 -4.787008 112.892935
-25.593695 -4.536564 113.401055
-25.139915 -4.739820 114.474620
-25.851719 -3.926392 113.643450
-25.126764 -2.959866 115.832521
-24.184222 -8.031136 116.133552
-23.896539 -8.729371 116.724977
-24.336018 -5.683794 115.797255
-23.185725 -6.309877 116.968127
-23.560875 -3.551099 118.722526
-23.302348 -3.916951 116.790214
-23.038107 -8.610522 117.642307
-29.867220 -3.792553 114.945182
-26.156290 -2.390592 115.093611
-25.781761 -2.170104 116.150497
-30.218704 -3.630198 115.882379
-25.727019 -2.240310 118.230677
-27.304217 -3.071000 119.242787
-30.112770 -3.519396 116.426439
-25.298845 -6.456541 119.298041
-24.559103 -7.478325 119.193292
-23.102639 -6.256334 116.495742
-22.850676 -6.329862 116.146750
-22.818464 -6.888031 116.485599
-22.713046 -4.681877 118.752747
-23.591018 -7.293271 118.628040
-22.409414 -5.069080 116.316070
-22.905687 -5.855479 115.971293
-22.664762 -7.023817 116.349279
-23.979443 -7.003442 118.915462
-22.417206 -4.514843 118.218245
-24.605773 -6.335113 119.343807
-23.160978 -4.149271 116.613286
-23.069874 -5.256489 116.759119
-23.193513 -5.123455 119.216727
-21.800852 -6.215355 118.406812
-25.008562 -5.854456 119.532598
-23.679778 -5.738575 119.359594
-22.825979 -6.501584 118.967653
-24.719010 -5.159849 119.657144
-22.175259 -6.705438 118.508674
-21.395846 -6.088668 117.758830
-22.146077 -5.270345 118.292049
-21.853725 -5.284177 117.447950
-22.183641 -5.638579 116.345137
-22.209281 -4.555206 117.455821
-22.062357 -4.962524 116.807068
-23.043354 -4.615201 116.204609
-22.987909 -5.259076 115.916901
-23.370175 -3.607381 117.106170
-23.320718 -3.509773 118.098987
-22.948504 -6.451558 116.221284
-22.560447 -7.024665 115.577963
-22.495798 -7.397172 115.665403
-22.366297 -7.553569 116.418110
-22.946544 -7.068343 116.397905
-22.175794 -7.593600 117.720932
-22.960844 -7.603757 117.870394
-22.157106 -7.629148 115.472897
-21.858183 -5.441668 116.868807
-21.302419 -6.525374 117.640147
-20.589475 -7.300467 115.149202
-20.628241 -6.879555 115.135480
-21.505648 -5.875273 116.224729
-21.611405 -5.910699 115.317476
-22.288467 -6.000173 115.612943
-22.385183 -6.516346 115.325507
-21.098590 -7.553057 115.823863
-21.410236 -7.372156 116.747137
-21.786222 -7.942262 114.671382
-21.018190 -7.832034 115.094956
-22.202874 -7.664972 114.429636
-22.268936 -7.367280 114.603471
-20.726186 -6.225914 114.445093
-21.067550 -6.083632 114.880429
-20.556423 -6.659636 114.673622
-20.566920 -7.309576 114.522483
-21.841681 -6.448485 114.869397
-20.899871 -7.761659 114.432975
-22.588610 -7.321659 118.471954
-21.711330 -7.139576 117.904682
-22.839303 -7.409875 117.021628
-22.403859 -5.824895 116.239846
-21.556983 -7.559431 116.089907
-20.683487 -7.003574 114.000447
-20.677564 -7.599107 115.058074
-21.287451 -7.085004 117.047574
-20.996567 -6.900739 116.105312
-21.062936 -6.326637 115.911501
-21.006806 -7.295064 113.809272
-21.417678 -7.680269 113.894002
-21.923038 -7.926382 114.423794
-22.483172 -5.584700 113.454422
-21.989616 -6.024938 114.715647
-22.721081 -6.282857 112.418092
-22.582881 -6.555899 112.506783
-22.102628 -7.437494 113.676977
-22.782506 -6.736758 113.106421
-22.570339 -7.181183 113.991740
-22.465106 -6.994314 114.496477
-21.846568 -5.476153 113.878048
-21.750767 -5.978987 112.642497
-21.731591 -6.804002 113.172990
-21.666600 -5.432725 113.000170
-21.654018 -7.161081 113.480509
-20.663290 -6.583701 114.170608
-21.946643 -5.471213 112.419032
-21.364815 -6.015733 113.349392
-22.045202 -5.282407 113.068132
-22.301831 -5.400030 112.602027
-22.592582 -5.747995 112.403969
-22.251720 -6.094354 112.134487
-21.185688 -6.772999 113.568196
-21.438132 -5.863228 114.685704
-22.499793 -6.295700 114.207266
-22.884762 -6.271820 113.119408
-21.286917 -5.661678 114.011754
-23.694028 -11.033635 118.531113
-22.616768 -10.734417 118.058897
-23.371243 -9.946405 119.869378
-24.586552 -11.088299 119.311965
-23.026541 -10.373767 117.621635
-20.469340 -10.180298 118.298490
-20.301155 -10.313711 117.451690
-20.585929 -10.348766 116.971141
-21.572430 -10.282187 117.195522
-22.698162 -9.247172 119.089185
-23.179268 -10.462153 119.580287
-23.709308 -10.864620 119.565366
-22.533506 -10.720307 118.755258
-20.288643 -9.438045 118.409614
-19.933908 -9.677956 117.130257
-20.731856 -10.044941 116.747710
-21.138354 -9.912366 116.862642
-21.433214 -9.756945 117.550546
-22.937753 -8.994108 118.157849
-21.280381 -10.205657 118.617611
-21.496939 -10.548647 118.196341
-23.046498 -9.952042 117.467041
-21.237352 -9.176576 116.939671
-21.022411 -8.770833 117.778181
-19.934955 -8.962715 117.662376
-25.085832 -10.725379 119.385027
-22.379027 -9.117243 117.503281
-24.189876 -10.497655 119.903330
-24.404745 -10.854873 118.298422
-23.619825 -11.096294 119.027589
-24.234593 -11.138743 119.351323
-19.871925 -9.384626 118.007082
-20.121669 -9.234026 116.850370
-19.850491 -9.417336 117.562891
-20.909049 -10.543983 117.445685
-24.649670 -10.768302 119.747191
-20.779669 -10.529342 117.897783
-20.162764 -10.053074 117.964888
-20.381853 -9.873069 116.665146
-22.684104 -9.679215 119.337963
-20.188092 -9.759912 118.340440
-20.899567 -8.838953 118.106974
-22.528839 -10.156950 119.232448
-21.386749 -9.261478 117.468431
-21.581491 -8.845977 117.615272
-21.210294 -9.459287 116.863649
-21.154540 -9.377126 118.308009
-20.283019 -8.881588 118.138233
-20.660282 -8.962572 116.624879
-20.545211 -8.384741 117.755734
-21.488211 -8.004125 117.970848
-21.524829 -8.104151 116.313028
-22.025815 -8.695180 117.097803
-21.755922 -8.114393 117.960296
-20.734495 -7.972718 116.964789
-21.810996 -8.757576 116.767703
-21.767181 -8.645287 117.986613
-20.618299 -9.081658 118.404094
-20.351908 -8.597374 117.167073
-21.992846 -8.889344 117.454128
-21.715657 -9.383453 117.162316
-21.990315 -8.615214 116.620979
-21.044291 -8.102088 116.502628
-21.617673 -7.722573 116.439196
-21.602189 -7.299421 117.386529
-21.147401 -7.461965 117.214776
-20.835088 -7.796713 117.323368
-21.337740 -7.620972 117.714591
-21.454548 -9.493471 116.761443
-21.914952 -8.373639 118.273097
-21.663758 -8.679253 117.922119
-21.686930 -8.852429 117.375167
-22.089404 -7.726106 116.650235
-21.968754 -7.390299 117.204095
-23.685353 -9.158789 118.256444
-23.439921 -9.422399 117.818260
-23.052413 -9.088016 118.685645
-22.127573 -8.124487 116.499847
-22.329530 -9.233600 117.692509
-22.515778 -9.135805 117.193223
-22.924183 -8.521879 118.590504
-22.218063 -7.740425 117.889408
-23.652435 -8.740801 118.433464
-23.690599 -9.095918 117.805421
-23.042041 -8.548826 117.410780
-21.681980 -8.336561 117.704435
-21.924039 -7.914515 118.134433
-21.837578 -8.366844 116.384341
-22.874356 -8.163425 117.945516
-22.772496 -8.115490 117.265245
-23.329692 -9.274872 118.458395
-22.963074 -9.455063 118.096667
-23.534545 -9.435522 115.677553
-23.003906 -9.649647 117.067900
-25.300222 -11.411906 116.700627
-25.374194 -11.318772 117.367720
-23.740090 -11.045265 116.055942
-24.499888 -10.770538 115.811448
-24.658622 -11.338557 116.315692
-24.093829 -11.005923 117.491860
-22.828568 -10.860199 115.729683
-23.370750 -10.123041 117.303030
-21.051678 -10.346231 114.872438
-21.415938 -10.523645 116.261471
-20.739018 -10.100110 115.222580
-23.370631 -10.538840 117.163740
-24.356706 -11.386714 117.074445
-25.019723 -11.473316 117.133677
-22.188773 -9.217576 115.190720
-22.037015 -9.137708 115.873454
-21.699649 -9.130082 116.310088
-24.414231 -11.485558 116.686232
-22.899803 -11.035941 116.152015
-23.107237 -10.891452 116.695967
-21.552535 -10.801655 115.765350
-21.645626 -10.830172 115.417089
-21.199206 -10.663482 115.240229
-21.551940 -10.634233 115.037932
-21.659143 -9.896689 116.660669
-21.914689 -10.018007 114.757244
-23.709153 -10.446338 115.557870
-25.056881 -10.958220 117.912721
-23.798590 -9.904154 115.424420
-25.080275 -11.173944 116.111384
-24.470039 -11.058874 117.772848
-23.460599 -9.417092 116.437197
-22.138973 -9.431030 114.916306
-20.567595 -9.818104 115.807683
-20.938186 -10.173389 116.302023
-21.058308 -9.753048 114.604837
-21.478343 -10.338493 114.760381
-21.050853 -10.490082 115.966496
-22.021372 -9.575526 116.318848
-22.344763 -9.672029 115.802380
-22.254436 -9.007163 115.909481
-21.383513 -7.432098 115.773279
-21.631215 -6.948082 115.355458
-21.217094 -7.528791 115.261237
-21.827131 -6.873145 115.075032
-21.347821 -7.671470 114.866705
-21.967494 -7.126481 114.764705
-21.653263 -7.548395 114.723042
-22.829470 -7.956992 115.112127
-22.589209 -7.950310 115.869177
-21.414692 -9.498640 116.501190
-22.381548 -8.109006 115.856857
-20.565506 -9.381416 115.622117
-22.349983 -9.774942 115.144649
-22.204760 -8.464263 116.377566
-20.737602 -9.597088 114.830347
-20.880442 -8.790332 115.619894
-20.906151 -8.795816 115.085514
-21.224202 -8.912548 114.738939
-21.850045 -8.790697 114.643716
-21.110978 -8.747615 116.113581
-21.032756 -9.697978 116.480421
-20.745122 -9.586492 116.199189
-22.579429 -7.869116 114.825937
-22.339528 -7.377171 114.654672
-22.431998 -8.730248 114.895550
-21.413021 -8.787505 116.378469
-22.203002 -7.602735 116.335287
-22.235745 -6.733511 115.600474
-22.324057 -6.959666 116.042103
-22.563804 -8.004970 116.162130
-22.840477 -8.077369 115.689810
-22.422203 -6.948987 114.949586
-21.757773 -7.081576 116.062720
-22.549717 -6.764787 115.406017
-23.666039 -8.217708 115.326189
-24.823196 -7.413418 116.636137
-23.151064 -7.164783 116.573341
-24.933053 -8.011264 116.205037
-25.006427 -7.615120 116.330178
-24.460061 -8.171240 115.661036
-22.572894 -8.170307 115.208601
-24.821425 -7.796715 116.738447
-23.776491 -7.122922 116.083768
-24.871363 -7.744369 115.860249
-24.124605 -7.374024 116.885435
-22.142144 -7.517966 116.377830
-24.850962 -7.304913 116.368847
-24.946398 -7.493919 116.085871
-24.193725 -7.614762 115.508114
-23.804983 -7.708550 115.197654
-24.478946 -7.633071 116.949603
-23.494114 -7.654347 116.837476
-24.290742 -8.384250 116.486109
-24.239103 -8.096807 116.854620
-23.916988 -7.302939 115.532710
-24.263835 -8.444343 115.974961
-23.048452 -8.092305 116.435742
-23.643330 -8.420250 116.044270
-23.986379 -10.212815 115.446542
-24.168889 -9.756493 115.455556
-24.853923 -9.271114 114.518663
-24.770459 -9.749605 113.787306
-24.668923 -10.113632 113.782589
-24.152669 -10.638497 115.283735
-24.195183 -10.845321 114.612582
-24.961072 -11.223750 114.742361
-24.444813 -10.496882 113.994230
-25.200607 -11.029690 114.318891
-22.767649 -9.069157 114.971187
-23.516853 -8.703617 114.035494
-23.129384 -8.772536 114.779555
-23.346711 -8.906954 114.322236
-25.940175 -11.010418 115.048357
-25.773994 -10.957900 114.522233
-25.416857 -11.228268 114.918084
-22.821389 -10.253893 114.037339
-23.144761 -9.997081 113.673520
-22.004149 -9.627480 113.625303
-22.568266 -9.681497 113.363038
-22.204133 -9.584055 114.782805
-22.589172 -10.177585 114.334591
-23.090626 -9.053211 113.311466
-21.969491 -9.140857 113.511828
-23.484293 -9.051824 113.735179
-25.016762 -10.241032 113.652295
-24.914182 -9.389436 114.147335
-25.392041 -10.832589 114.101942
-24.893568 -11.106999 115.513076
-22.091570 -9.953401 113.869629
-22.510346 -9.138083 114.954249
-21.996458 -9.787310 114.395494
-23.507864 -9.069761 114.163784
-22.706018 -7.029559 114.126347
-22.359896 -7.034379 114.553141
-22.330374 -7.189055 114.883094
-23.257723 -7.592390 115.399175
-22.871147 -7.236664 115.358845
-23.543327 -7.748055 115.211586
-23.814495 -7.395203 114.134011
-22.655626 -6.658400 114.863259
-23.012470 -6.739690 114.212300
-23.508434 -7.145444 113.936845
-23.924619 -7.740714 114.482127
-21.972580 -9.149111 114.738665
-21.722113 -8.619601 113.840948
-22.355854 -8.979350 113.323964
-21.821655 -8.442812 114.382190
-21.674291 -9.348195 114.186381
-21.741052 -8.450903 114.114586
-22.813719 -9.167351 113.215480
-23.315913 -8.926973 113.473154
-22.116497 -8.135796 113.850774
-23.311476 -6.549873 114.539109
-23.278599 -9.132980 114.685269
-23.777323 -7.780152 114.872374
-23.440940 -7.770075 115.251463
-23.004307 -6.561516 115.091299
-22.761923 -6.826499 115.233709
-24.180828 -6.722634 114.967842
-25.751410 -7.233205 115.227199
-23.613698 -7.909988 114.859810
-24.355311 -7.865838 115.736713
-25.559308 -7.971527 115.373081
-24.551467 -8.025027 115.285660
-25.433097 -7.992396 115.966374
-25.186513 -7.267459 116.407366
-25.896826 -7.153613 116.231666
-23.742730 -6.633977 115.218519
-24.821045 -6.846766 115.589750
-26.052736 -7.590248 115.548666
-24.945464 -7.026595 116.151205
-24.405506 -7.020512 114.543026
-23.595515 -7.364287 115.664912
-26.045420 -7.123586 115.801972
-25.932177 -7.578404 116.098691
-25.063725 -6.952026 115.197399
-25.633447 -7.638245 115.088017
-24.850553 -7.489607 114.623737
-23.803848 -7.758320 114.466630
-25.389080 -7.676169 116.349521
-25.585269 -7.095517 116.367490
-26.328121 -9.360822 112.500866
-24.892419 -8.523960 114.259342
-26.355702 -9.879450 113.620638
-26.384278 -9.729399 112.932975
-25.618934 -10.135117 113.386738
-24.107553 -8.585170 113.994479
-24.042580 -8.951481 113.626273
-24.347204 -8.099749 114.113567
-25.454745 -8.386030 112.647699
-24.572643 -9.556917 113.338378
-23.447214 -8.144950 112.513910
-23.522887 -7.731799 112.573081
-23.926639 -7.672471 112.701817
-24.283235 -7.646987 112.978153
-23.274260 -8.392817 113.787332
-23.019615 -8.477877 113.450274
-22.832915 -8.108080 112.985414
-23.399282 -8.626968 112.648905
-25.739182 -9.076143 112.459708
-24.911883 -8.912882 112.616914
-25.694082 -9.532617 112.573047
-25.836999 -9.857703 112.898422
-25.201641 -9.828115 113.097414
-24.013524 -9.006904 113.131420
-24.760677 -7.658915 113.366348
-23.047289 -7.990383 112.632309
-24.198746 -8.833811 112.686800
-22.851760 -7.885127 113.400709
-23.181803 -7.665054 114.161800
-23.170667 -8.662987 113.081590
-23.709917 -6.951793 114.950791
-23.281033 -6.904022 114.545636
-23.550292 -6.402068 114.748278
-23.381985 -6.508897 114.103980
-24.405471 -7.220603 114.359928
-24.052517 -7.664324 114.568269
-22.995540 -7.199428 113.636114
-24.495501 -7.313697 113.623398
-23.039344 -7.501494 112.948451
-23.466880 -7.829006 114.382929
-23.812742 -6.373167 113.966065
-25.083062 -6.376915 115.058512
-23.843070 -7.316123 114.854597
-24.269918 -7.972507 113.815259
-23.890856 -8.237560 114.041361
-24.200534 -7.387600 114.669602
-24.700245 -6.543020 115.502171
-24.842868 -7.198557 114.314762
-26.019599 -6.632380 114.994871
-26.173430 -6.848145 115.591183
-25.856481 -7.127530 115.837755
-25.325103 -6.937044 115.920102
-25.431052 -7.351381 115.533108
-25.817800 -7.307786 115.187310
-24.397268 -6.417816 113.992675
-25.907862 -7.006002 114.856311
-26.018172 -6.467742 115.315900
-25.832065 -6.523695 115.825990
-25.619781 -6.754899 115.996633
-24.518222 -6.794463 113.852454
-23.834420 -6.224005 114.343529
