10.293048 -12.591877 53.975529
9.611034 -14.129842 54.771043
9.642414 -14.054060 52.810388
11.316332 -7.971426 49.581354
9.979918 -12.975083 51.999930
10.688621 -11.628832 51.116690
11.247443 -9.804009 50.348748
10.861510 -6.753476 49.028666
8.211732 -16.890594 52.103160
7.447005 -17.873698 53.195316
8.690701 -16.041820 51.299749
9.360540 -14.227857 49.625402
10.042846 -12.280232 48.555557
8.922044 -15.184583 50.575898
9.781711 -8.986274 47.052353
10.113686 -10.394595 47.662806
9.186888 -7.920789 46.617185
-7.008037 -24.781024 31.296135
-6.815542 -23.793742 31.812428
-7.040959 -22.381847 32.436724
-7.002934 -22.904850 32.293246
-6.362810 -21.388955 33.056739
-5.151964 -21.429868 33.693143
-0.365944 -27.424195 36.046037
-3.428661 -30.250183 34.063705
-2.480619 -29.756757 34.965209
-1.925967 -29.614791 35.573816
-0.880336 -29.004900 35.907304
-4.026104 -21.773795 34.230365
-1.412463 -22.872288 35.194836
-3.050017 -22.296910 34.761787
-0.638153 -23.759735 35.491912
0.451102 -22.345911 35.256237
0.497356 -21.163879 34.624253
-0.038309 -25.713909 35.757448
-5.514036 -24.107079 30.645644
-5.217759 -20.569136 33.034179
-4.561389 -20.630511 33.579688
-3.989928 -19.906771 33.261018
-4.573535 -19.780564 32.828883
-1.943861 -19.137966 33.438018
-2.828381 -20.651727 34.164530
-0.866914 -20.005169 33.986144
-1.935723 -21.315772 34.678923
-5.923614 -21.362132 32.099664
-5.130581 -20.639430 31.490915
-4.151542 -20.752071 30.110263
-5.823005 -22.130348 31.582050
-4.049402 -21.487817 29.807079
-5.520678 -23.241075 30.977865
-5.858677 -20.967754 32.436156
-3.646186 -21.115404 34.186857
-2.479717 -21.744025 34.622423
-4.902908 -19.989111 32.196776
-5.660028 -20.718755 32.676479
-0.341047 -22.565169 35.188125
-2.474609 -18.411676 32.442049
-3.197558 -18.612889 31.611037
-3.835768 -19.853379 30.245860
-4.208727 -19.522476 31.414757
-0.248298 -24.127359 35.512611
0.147235 -24.723729 35.576228
0.657040 -24.512162 35.537483
1.000106 -25.619481 35.648298
-0.092546 -28.071484 35.810406
0.257096 -27.989236 35.744465
1.111866 -26.594177 35.702069
1.831653 -26.446622 35.377674
1.281890 -27.331140 35.270000
-2.650951 -29.850947 33.409090
-1.255304 -28.968907 33.523337
-1.709312 -29.286276 34.461043
-0.106156 -28.410170 33.945454
-1.136111 -29.063985 34.928538
0.213046 -28.267640 34.863459
-0.439969 -28.684072 35.806412
1.037746 -27.682803 35.050373
2.766153 -26.019440 35.198023
2.678814 -24.761194 35.241051
2.029108 -23.083109 35.170880
-2.927265 -21.998657 34.588122
-1.032668 -22.708240 35.134119
1.790423 -25.188220 35.532384
1.227757 -23.620799 35.535402
-0.173252 -21.853271 35.101433
-2.423796 -20.034703 33.829757
-3.521722 -19.339375 33.103203
-3.949331 -19.269218 32.283627
-6.822293 -21.769451 32.694345
-0.336800 -24.646647 35.791767
-0.547306 -28.333879 36.066145
-6.576435 -19.952926 35.319537
-5.491976 -17.313381 37.543966
-4.366780 -17.481603 37.131123
-5.149707 -19.076745 36.039669
-3.239135 -17.678952 37.306678
-4.259305 -19.321615 36.209671
-1.599915 -19.987957 37.482634
0.317108 -21.883414 38.069710
0.864296 -24.037608 38.390805
1.530512 -24.377134 39.212096
1.531776 -25.508574 41.032522
2.144282 -24.804202 41.888689
2.289880 -24.416852 40.732470
2.848582 -22.947804 40.484196
3.193058 -21.040423 40.521876
1.629202 -19.624389 39.371179
0.173365 -19.244698 38.641214
-1.721461 -18.916420 37.680251
-0.677060 -17.526038 38.567470
-2.577362 -16.620245 37.963794
-3.820654 -16.389199 37.886906
-5.222946 -16.594626 38.209749
-4.361814 -14.482498 40.455561
-1.972583 -15.515127 38.661871
2.950792 -15.345664 41.163453
4.338263 -21.203291 42.087945
3.631796 -22.824431 43.526419
5.297176 -20.500901 44.160738
5.880105 -19.884850 45.795929
5.348665 -19.875673 43.330231
6.309326 -18.598316 44.722888
5.266357 -18.771952 42.640921
6.346715 -17.477247 44.014820
4.056195 -16.809155 41.485563
5.799401 -14.986103 42.669753
4.538199 -13.375357 42.076729
1.554909 -14.290016 40.718889
3.020317 -12.479662 41.754723
-0.583219 -13.127861 40.575671
0.240502 -11.656458 41.906333
5.947870 -20.008527 51.271649
6.810606 -19.034956 50.043724
7.146334 -18.473287 49.366894
7.372193 -17.817566 48.651923
7.911793 -16.651840 47.258348
7.733235 -17.249700 47.933642
8.049839 -12.125062 44.601542
6.881429 -10.336448 43.862369
5.345166 -9.502229 43.671934
3.864048 -9.052608 43.648794
8.142074 -15.269187 46.392756
4.326880 -21.057555 52.662607
2.582441 -21.438332 53.671859
-8.563247 -23.605956 44.227218
-8.924534 -22.398407 43.954252
-9.264837 -23.809420 42.720877
-9.159674 -25.304909 41.981263
-8.609732 -24.642386 43.379486
-8.021272 -25.257723 43.679077
-7.454982 -23.458806 46.084067
-8.173078 -28.445622 40.632439
-7.832077 -27.501470 41.888609
-8.954430 -27.348036 41.030314
-9.248512 -28.074751 40.056112
-9.717064 -26.694305 40.308891
-9.998554 -27.378787 39.314994
-10.166156 -26.314377 38.882876
-10.176214 -25.701074 37.973804
-10.161622 -25.738864 36.193964
-8.530990 -26.563188 42.089052
-7.101165 -25.425786 44.525890
-9.820884 -25.029694 40.268606
3.055573 -23.522155 41.625638
-0.091868 -27.157144 39.667047
0.650219 -26.392897 39.597297
3.321665 -23.199484 44.215514
1.237106 -25.845697 43.339701
-0.666860 -27.315162 42.221698
-0.068023 -26.944836 42.621734
0.880496 -25.992790 44.431300
-0.033344 -26.473744 44.457260
1.585147 -25.101645 46.124524
0.004921 -25.470445 46.898866
0.879286 -26.183881 41.290946
0.404723 -26.661434 42.240729
-0.346809 -27.223061 41.229358
-0.193584 -27.124113 40.448570
2.537034 -24.384690 45.495017
-6.721291 -24.979438 45.502102
-7.242688 -24.462450 45.448037
-6.296322 -26.074383 44.397758
-5.140241 -24.434456 47.613914
-6.163228 -23.981183 47.220530
-5.883998 -25.338476 45.758168
-9.992390 -24.630475 39.000965
-9.991515 -24.757501 36.523027
-9.684979 -24.004838 35.894313
-9.653279 -24.532789 34.765626
-9.727120 -23.381934 38.468731
-9.521077 -23.503432 41.997816
-10.407520 -27.586214 35.992609
-10.211944 -26.661166 35.253446
-9.162406 -21.487312 42.648549
-8.407318 -19.662469 44.774549
-8.982294 -20.626792 41.911896
-8.354166 -20.479481 37.607518
-9.263951 -22.382727 37.632602
-9.453017 -22.220721 39.447048
-8.671391 -21.575677 36.211781
-8.450936 -19.988847 39.064769
-7.851102 -18.572557 39.634514
-7.522293 -18.967771 37.849314
-7.228664 -17.968063 38.973778
-6.645595 -16.536684 40.718338
-6.691329 -23.418922 47.122168
-4.728283 -26.055685 45.438465
-4.705119 -26.485242 44.685388
-8.225298 -18.882571 40.538173
-8.649787 -19.654714 41.152837
-8.314747 -18.804546 42.716968
-6.531137 -17.354348 38.708707
-8.044411 -20.680835 46.534512
-7.470229 -21.753124 47.363311
-3.938449 -25.222430 47.204976
-2.872046 -26.542543 45.013962
-2.210642 -25.719885 46.659986
-2.675431 -14.220147 39.780033
-1.294119 -14.373493 39.509878
4.354185 -19.805855 41.747503
-0.987184 -26.380612 45.272460
-1.493676 -28.177267 39.357187
-1.865688 -28.183369 39.727599
-0.900534 -27.839297 39.344430
-2.007933 -29.280332 36.996012
-6.881111 -29.210563 40.054797
-6.513248 -28.067311 41.779039
-8.316087 -29.100000 39.701211
-5.057352 -28.352790 41.188163
-5.436860 -29.055134 40.130586
-3.574302 -28.296647 40.722995
-5.689917 -27.286735 43.101912
-4.354285 -27.714489 42.372243
-3.340862 -27.085104 43.748292
-5.868468 -29.777996 39.153387
-1.260941 -27.679739 41.136601
-9.156267 -22.992999 35.609652
-8.687827 -22.078825 35.055994
-8.163256 -20.890355 35.593569
-8.409698 -21.868998 34.448897
-7.903544 -21.399646 34.366691
-6.970306 -20.859515 34.459281
-5.962511 -20.397241 34.968647
-5.036018 -20.446907 35.286122
-4.325495 -20.605122 35.578663
0.908914 -25.886609 39.016627
0.811960 -25.280574 38.480360
-9.437116 -28.672667 39.162420
-10.148262 -27.850432 38.490519
-7.883932 -20.080940 36.525909
-9.758675 -23.273126 40.354190
-4.852912 -21.472461 34.320889
-5.621722 -21.339769 33.941011
-5.868540 -20.813253 34.585748
-4.572724 -20.935982 35.163857
-7.158564 -19.361062 36.399062
-6.832253 -18.330322 37.527412
-0.381163 -23.936429 36.886878
-0.469548 -24.418228 36.219734
-0.491215 -27.960869 36.541843
-0.285033 -25.369138 36.931192
-0.031263 -24.443301 37.334020
-0.268298 -25.593638 36.115018
0.674113 -22.941773 38.170477
-0.132609 -23.054889 37.445301
-0.165548 -26.807093 37.291175
-0.398360 -27.718753 36.969684
0.096818 -26.956306 37.883652
-4.629133 -29.447519 39.117881
-2.554104 -28.209564 40.071976
-3.075250 -27.882584 41.604939
-1.837864 -27.451667 42.647299
-1.645379 -27.179384 43.212297
-3.068897 -29.264200 37.934605
-4.447346 -29.883363 37.977530
-5.195483 -30.176853 37.913422
-5.923133 -30.406374 37.760559
-6.534907 -30.514906 37.671387
-0.783811 -28.290031 37.806708
-1.413484 -29.411670 36.215249
-0.809373 -28.652499 36.728416
-0.150441 -27.514881 38.171874
-0.900159 -23.509946 36.026136
-0.951659 -22.980214 36.545214
-0.896328 -22.536837 36.945501
-0.569083 -21.581631 37.569661
-1.918992 -21.351506 36.810751
-1.973660 -21.958624 36.397238
-3.790842 -21.867408 34.839309
-8.297232 -26.048612 31.765678
-9.019757 -26.008760 32.635843
-9.596648 -26.032238 33.625594
-8.038043 -25.280569 31.869841
-8.670630 -24.524308 32.743686
-7.862230 -24.513103 32.111879
-6.412176 -21.336922 33.728278
-6.066522 -21.446677 33.362935
-8.163306 -22.476614 33.122795
-8.466370 -23.078185 33.081405
-7.862759 -23.746904 32.444688
-8.917115 -22.812493 33.923191
-8.634093 -22.566171 33.533930
-8.115919 -21.964702 33.555091
-7.100361 -21.722975 33.008539
-7.249447 -21.539644 33.387888
-7.838680 -22.056708 33.084650
-6.375071 -30.882402 36.314939
-5.472146 -30.734790 36.349820
-4.594528 -30.333052 36.693434
-3.745400 -30.296850 35.665694
-5.326380 -30.901369 35.332454
-4.595306 -30.714570 34.745196
-3.039129 -30.090912 35.838571
-2.169988 -29.856899 35.932261
-1.547974 -22.913038 35.404395
-0.779570 -23.765892 35.724465
-1.870328 -22.693747 35.558572
4.659416 -21.575796 45.615812
4.376193 -22.202685 48.381786
5.195016 -21.156045 47.360786
-1.995138 -22.578871 51.880915
-0.408284 -23.095952 51.589303
3.142744 -22.974547 49.629878
1.427821 -23.294111 50.747511
-7.108771 -26.818975 43.111612
-7.881020 -26.184229 43.093103
-6.717866 -28.647770 41.009277
2.701339 -26.589219 34.787303
-3.988193 -28.669750 40.133941
2.343865 -24.487458 43.748598
1.810490 -25.157788 44.284394
-1.359553 -26.925964 43.952019
2.295678 -24.164539 47.773753
0.660630 -24.458714 48.719672
-1.157169 -24.224931 49.504282
-2.841283 -23.795724 49.930498
-4.081388 -23.184721 49.980912
-2.048468 -13.026368 40.926454
-3.729929 -13.282866 41.731321
-4.996702 -22.628058 49.811009
-8.048047 -22.667921 45.839268
-8.596719 -19.822158 43.472480
-7.954990 -18.052386 41.983052
-6.017349 -15.948400 40.372433
-4.833713 -15.528771 39.316946
-3.266092 -15.332697 38.724467
7.579740 -10.984060 44.075717
5.151257 -14.007386 42.266469
3.642444 -15.807180 41.412642
1.313644 -18.263811 39.509202
6.248882 -10.035531 43.813100
3.948348 -13.067531 41.999612
2.515957 -14.844794 41.098705
1.321978 -16.413755 40.065484
8.266308 -13.510732 45.328951
4.945568 -17.640050 42.054102
3.223524 -19.439090 40.520242
2.207926 -20.577127 39.597220
1.704227 -12.028982 41.730334
0.680421 -13.579473 40.560632
-0.170680 -14.855620 39.661972
-0.956673 -15.964824 38.891069
-2.450397 -18.025135 37.529645
-3.718276 -19.828505 36.280136
-0.630857 -21.454266 34.854266
-8.970258 -23.238626 33.526609
-9.319690 -24.540691 33.475797
-9.413344 -25.119604 33.585650
-7.855190 -22.773022 32.694088
-9.262642 -21.478063 40.581751
-9.527123 -22.471851 41.326385
-8.801063 -20.344800 40.027112
-5.952972 -18.459140 36.553143
-6.824601 -16.374600 42.522703
-7.260195 -16.833951 43.150371
-7.515196 -17.509963 41.432035
-7.594055 -17.342316 43.666707
21.054357 -7.643971 9.853825
21.120548 -8.989726 9.705630
14.432251 -9.860228 7.207597
14.115124 -10.933359 7.320412
14.028965 -11.969253 7.527555
14.144376 -13.180322 7.337485
14.831066 -13.631795 7.886922
16.045774 -13.963741 8.044522
17.270236 -13.648818 8.301487
18.997992 -12.789821 8.657918
18.637905 -13.191016 9.757812
18.295600 -13.152304 9.085344
21.756596 -11.647129 7.663796
21.130478 -12.033515 8.348266
22.002902 -11.359499 8.631468
20.830579 -12.282638 9.147617
20.286594 -11.660414 11.238407
20.803422 -10.735409 10.870467
20.189619 -10.877275 11.729030
20.748366 -9.940962 10.808336
20.505051 -9.082854 11.052105
20.676980 -7.962789 10.598396
19.887093 -8.523787 12.368471
20.508331 -7.412018 10.227811
19.785148 -7.680508 11.772864
20.132566 -6.846634 9.635783
19.145611 -7.122110 11.201047
19.709851 -6.870488 9.220983
18.586698 -7.241872 10.961624
18.378356 -7.420622 9.814991
17.340849 -7.782773 9.376424
16.719610 -8.174330 10.219071
16.075101 -8.479548 9.380041
15.246243 -8.714269 8.628995
14.824670 -8.894294 8.078060
14.407378 -9.344287 7.810919
14.137341 -10.110049 7.737598
13.921323 -11.124260 8.258703
13.959385 -12.280966 8.688223
14.171995 -12.968332 8.211291
14.658348 -13.588660 8.639970
15.682842 -13.788583 8.543246
16.911282 -13.686830 8.841943
17.810193 -13.465116 9.461915
19.286511 -12.972334 9.944589
20.558505 -12.275433 10.105743
19.639169 -12.639089 10.759973
19.795316 -9.765592 12.545076
19.778837 -11.202257 12.309059
19.514053 -12.098097 12.023981
19.063478 -12.818449 11.342538
17.134760 -13.868826 10.008375
16.347903 -13.935302 9.614010
15.398015 -13.843585 9.279134
14.472637 -13.429684 9.093088
14.171670 -13.070528 8.979358
13.643488 -11.645026 9.278710
14.019174 -10.257044 9.041673
14.750067 -9.534820 10.353418
15.355172 -9.055146 10.346403
17.890379 -7.587205 11.906134
18.472242 -7.442751 12.253657
14.943065 -9.380927 10.929648
18.806124 -8.307960 13.533296
18.537651 -13.148020 11.999416
19.216621 -11.663046 13.079654
18.926063 -10.624295 14.234095
14.054581 -13.294607 9.540618
15.214194 -9.067630 12.335576
17.767860 -13.726652 10.943156
16.274412 -7.892428 7.338285
15.364916 -8.330681 7.449309
16.641482 -7.858850 8.188965
17.145636 -7.507080 7.503604
22.097020 -11.341202 7.574549
22.304604 -10.556290 8.082247
22.188506 -10.737819 8.722309
21.443100 -10.348171 9.819827
18.776669 -7.302132 8.888581
14.706356 -8.936137 7.325615
19.622534 -12.564305 8.512151
21.191096 -11.269502 10.322148
21.556977 -9.517098 9.162035
14.724931 -14.098285 10.256545
-7.715545 -28.811558 31.073135
-6.458899 -30.352409 31.980397
-7.866045 -27.345102 30.850120
-7.666147 -26.598130 30.872420
-7.175151 -25.646028 30.952020
-5.733746 -30.760539 32.426608
-5.009579 -30.977646 33.633797
-5.148078 -30.944789 32.957639
10.020394 -15.654274 27.897904
11.083032 -14.848730 26.298872
9.321028 -15.129026 27.874403
7.725302 -13.432453 26.391065
10.368572 -19.665924 29.214035
10.530360 -21.199317 28.393444
11.297798 -18.730098 27.911119
11.049014 -16.724495 27.663081
9.635989 -17.955076 29.574239
8.625402 -16.657878 29.584297
7.861576 -16.070537 29.496923
11.410815 -20.296100 27.211237
10.950006 -21.280783 26.970313
11.632111 -20.640811 25.411609
12.365331 -19.407059 25.576551
7.615750 -21.733450 32.129035
7.779801 -23.313661 31.399661
11.867828 -20.364505 23.409756
6.035850 -14.325373 28.089345
6.883771 -13.028297 25.244356
5.070882 -13.874733 27.084896
5.683163 -13.236662 24.250531
4.097757 -13.895084 25.848164
4.926914 -13.850860 23.096034
3.331184 -14.470254 24.659618
4.684434 -14.812232 22.032336
2.908460 -15.677070 23.560289
4.715636 -15.476436 21.548172
2.965123 -16.798165 22.984848
3.237353 -17.758836 22.644438
4.954266 -16.582693 21.079395
8.869890 -13.024539 25.064066
11.412488 -13.635832 24.924668
12.357902 -13.396978 23.825113
11.253385 -11.832816 21.983582
13.179574 -18.430989 24.202208
13.126475 -16.776103 24.911347
12.537551 -17.510632 25.872319
12.519486 -15.428542 25.301322
11.875052 -14.098861 25.011585
10.414221 -14.162590 26.082303
8.074212 -12.639536 23.917651
9.328711 -23.054388 26.664801
9.976041 -22.423052 27.692941
6.895290 -24.961770 29.556038
11.978293 -18.019700 26.851420
2.897720 -20.330287 34.028311
9.623462 -11.858659 21.802217
2.592346 -16.112702 30.727358
4.664819 -17.857057 32.029642
5.972122 -14.972418 20.501791
7.582565 -14.472158 18.772695
6.043162 -14.367898 20.872167
7.810104 -13.207465 19.516178
7.559660 -12.911989 20.522248
-0.556684 -19.028083 26.288904
-0.095246 -17.201983 26.197977
8.096142 -12.365762 21.521234
7.173730 -12.766951 22.715686
6.407749 -13.392476 21.692691
10.630436 -12.468651 15.468205
11.234800 -11.246894 16.084727
12.148745 -11.512796 13.682785
13.831741 -10.065821 12.557775
13.567082 -10.592180 11.979998
10.941662 -11.346362 20.524161
13.131673 -10.719048 19.335297
12.357627 -10.625997 18.723640
14.799441 -9.573772 17.071050
14.063307 -9.589772 16.591361
9.826244 -11.646509 19.140213
12.419966 -10.396288 15.768617
9.278199 -12.293952 18.350258
8.447640 -21.329129 20.270468
7.610451 -20.297080 19.256942
9.018733 -18.988972 17.692794
9.980098 -19.834132 18.437204
10.362906 -17.703154 16.079195
11.286232 -18.488795 16.721886
11.813525 -16.372019 14.277446
12.687533 -17.048594 14.821006
13.089663 -15.276951 12.598164
13.979703 -15.772962 13.039346
6.209523 -20.012971 19.805118
8.760244 -17.729022 17.011009
11.273742 -15.597228 14.050190
12.499643 -14.580766 12.352932
6.336252 -18.400742 19.275917
7.922181 -17.018314 17.598426
9.339357 -15.914181 15.948431
10.875242 -14.668537 14.081817
12.142650 -13.577300 12.331361
5.279449 -17.894803 20.495264
7.611156 -15.853921 18.212283
9.113831 -14.717154 16.530302
10.687260 -13.503641 14.641263
12.048555 -12.487898 12.774283
9.048416 -13.557761 17.277216
13.422801 -12.633143 22.108974
14.686773 -11.663616 20.132721
16.949036 -9.793871 16.626995
13.266270 -14.639825 23.878236
14.211522 -13.753070 22.224154
15.407056 -12.631423 20.185603
16.825379 -11.289271 17.864898
13.786990 -16.067989 23.646633
14.649095 -15.076076 21.905146
15.760701 -13.870778 19.826045
17.073403 -12.466978 17.544695
14.712160 -16.449088 21.194147
15.768950 -15.110084 19.055450
16.948039 -13.819248 16.764471
13.317660 -18.659376 21.196104
15.274887 -16.321899 17.748521
16.487468 -15.069346 15.597595
12.568312 -19.217966 20.218067
14.638237 -16.844727 16.865713
10.694759 -21.302035 22.818490
8.481382 -22.614054 22.528543
11.956007 -18.965306 18.034803
13.576277 -17.229151 15.585525
14.816730 -15.984749 13.573643
17.097653 -8.209528 14.112888
15.803569 -8.653438 14.454168
14.234452 -14.408034 11.001191
15.168054 -14.697036 11.366205
13.516637 -13.804971 10.803481
13.138884 -12.678280 10.778070
13.157285 -11.745098 10.980453
18.972573 -9.280988 14.126686
18.257785 -11.289904 15.422236
18.051095 -12.727246 14.767000
17.564412 -13.993252 13.644485
16.253808 -14.490232 11.347422
2.888846 -26.954451 29.141092
1.947959 -26.989543 27.805451
4.027187 -25.533025 25.612245
4.965012 -25.683684 26.803899
5.989395 -23.471176 22.745484
7.056515 -23.923596 24.152988
-6.862779 -26.574101 30.321726
-6.549609 -27.287642 30.036745
-7.267672 -27.480456 30.376817
-5.004346 -30.384686 31.554864
-5.498514 -29.940328 31.014501
-4.696205 -29.474465 30.436127
-4.255217 -29.830490 30.877972
-3.042606 -28.413785 29.513120
-2.657044 -28.684166 29.956485
-6.159862 -29.211723 30.555690
-5.168347 -28.793152 29.996133
-3.678269 -27.979847 29.226173
-4.718448 -27.686277 29.399613
-3.924305 -27.024448 28.935755
-6.079277 -28.042867 29.939796
-6.828417 -28.427025 30.369872
-4.199063 -25.924513 29.028247
-5.014593 -26.623159 29.477686
-5.702503 -25.101551 30.240618
-5.140470 -25.775708 29.665161
-4.499364 -24.701810 29.526543
-4.470847 -23.754452 29.891293
-3.386806 -23.551865 28.880705
-0.235159 -17.773618 32.488297
1.502382 -15.540975 29.706686
-1.209414 -17.339679 31.541016
-1.915308 -17.414919 30.560801
0.647569 -15.506087 28.591530
-2.329886 -17.925162 29.516783
0.038482 -16.033357 27.410329
-2.344906 -19.001909 28.432698
-1.270065 -27.892432 28.801615
-2.193152 -27.180250 28.212606
-1.088723 -26.524621 27.337599
-0.227561 -27.321139 27.852175
0.072643 -25.890676 26.240242
1.543259 -26.362537 26.242071
2.339880 -24.496876 24.026680
3.186916 -25.310252 24.720860
4.988003 -22.543702 21.795550
-2.765204 -26.170685 28.069670
-1.657782 -25.409039 27.201530
0.232891 -24.257056 25.562755
1.962262 -23.242754 23.981603
4.420753 -21.520112 21.570454
-3.095399 -24.959815 28.253039
-2.001128 -24.134903 27.391988
-0.719711 -23.286262 26.377408
1.512856 -21.650199 24.371723
3.947191 -20.451257 21.698858
-2.304020 -22.801577 27.902961
-0.314405 -21.569899 26.043897
3.521478 -19.117665 22.217373
-2.487116 -21.484621 28.183412
-3.998554 -30.082685 31.357118
-1.979418 -29.328324 32.389210
-3.842231 -30.439933 32.600083
-3.452691 -29.969438 31.658322
-1.856773 -28.936116 31.249372
-2.332340 -28.870558 30.490896
-0.785222 -28.614674 32.653052
-1.036224 -28.514010 30.572383
-0.276638 -28.300180 32.101038
-0.119548 -28.062769 29.650242
1.417814 -27.597483 30.391725
2.542191 -27.291416 31.938598
3.734763 -26.744256 30.950089
-4.560194 -30.697292 32.376226
3.099251 -26.736281 33.720659
5.589372 -18.582116 32.265781
4.003665 -21.669867 34.394946
6.792639 -19.975506 32.405862
4.845046 -23.444811 34.433562
5.047852 -24.894721 33.841777
4.733884 -26.143568 31.625679
6.142737 -25.419131 28.539619
8.842291 -23.260015 25.257868
3.880456 -25.446469 34.683628
3.717965 -24.167525 35.013983
6.319608 -22.521294 33.242806
6.522385 -24.068441 32.560557
5.429633 -20.781233 33.402032
2.966677 -22.449896 34.742608
1.974708 -21.099952 34.427592
4.196692 -19.435421 33.208322
8.186133 -19.005180 31.163761
7.073798 -17.660482 31.122977
6.286053 -17.077817 30.956164
4.242026 -15.283507 29.610965
-0.093841 -19.225726 33.661028
-1.163535 -18.442605 33.091064
0.060383 -16.368168 30.645625
1.047177 -16.936328 31.647708
3.172139 -14.757196 28.662279
-0.663214 -16.357845 29.594708
2.221827 -14.738686 27.462668
9.008719 -20.791371 30.844098
9.073143 -22.459311 30.095163
-7.326834 -29.509050 31.475695
-7.816484 -27.961660 30.823996
-10.410119 -27.897227 36.752258
-10.209476 -27.306577 34.984330
-7.140079 -29.932809 38.945335
-8.413113 -29.677094 38.726594
-7.565000 -30.334291 38.036827
-6.976997 -30.585060 37.619553
-8.506797 -30.056833 37.871935
-9.498381 -29.147316 38.261634
-9.501079 -29.474852 37.455080
-10.263524 -28.645279 36.914236
-10.274356 -28.232201 37.587620
-8.710651 -28.322021 31.944600
-8.540708 -29.088993 32.236333
-7.725708 -30.620187 37.076340
-7.711563 -30.808809 35.594911
-7.090035 -30.908937 35.795238
-7.677813 -30.658594 34.311872
-7.462653 -30.439685 33.192417
-6.750934 -30.806786 33.446149
-8.277616 -30.515050 35.346908
-8.493569 -30.334704 36.813588
-9.375875 -29.737484 36.366763
-9.029844 -29.917070 34.958505
-8.556152 -29.880329 33.713508
-8.074169 -29.807474 32.671115
-9.101347 -29.173467 33.329812
-9.617908 -29.138469 34.506222
-10.129427 -28.818977 35.921889
-8.678731 -27.559044 31.794258
-8.530275 -26.812906 31.761114
-9.220352 -26.961622 32.757848
-9.285938 -27.664771 32.835100
-9.284606 -28.432726 33.036489
-9.786981 -28.352920 34.089546
-9.773509 -27.387563 33.786349
-10.224518 -28.212293 35.239167
-10.393243 -28.215146 36.063803
-5.711393 -31.030222 33.502169
-5.951961 -31.061339 34.776009
-6.822379 -30.934904 34.480667
19.861722 -12.660506 9.165148
18.521612 -13.308086 10.506977
20.187016 -12.363774 8.258865
21.057408 -12.075718 7.773346
22.242350 -10.291037 7.393389
22.010207 -9.769446 8.301011
21.388503 -11.733329 9.512050
21.533123 -8.727939 9.051807
21.625581 -7.315645 9.090694
21.246597 -6.766709 8.856375
21.262996 -6.248533 7.991745
20.285571 -6.576298 8.543857
19.292008 -7.022780 8.159498
21.671661 -11.045533 9.708803
16.849948 -14.299801 11.543160
14.187917 -17.003969 16.167271
12.793705 -18.543718 18.349913
9.706304 -21.959951 22.691375
8.359936 -23.340475 24.470103
5.605320 -25.566723 27.770905
17.001475 -14.355306 12.377877
15.674183 -14.342548 10.671578
13.862911 -13.502985 10.113227
13.450859 -12.228066 10.029110
13.637293 -11.065325 10.128949
14.121300 -10.155432 11.162496
14.409726 -9.755405 11.692793
18.657721 -12.192198 13.887781
18.893188 -12.560109 12.729371
17.900499 -13.477887 14.236139
16.770379 -14.516560 16.175836
15.575750 -15.780489 18.418260
14.444208 -17.174564 20.589433
12.827087 -19.240162 23.510633
7.317694 -19.013877 18.637934
6.438691 -15.389337 19.773543
10.413067 -21.968031 25.420949
8.560793 -23.672772 28.971031
8.017942 -24.207090 28.176833
7.289898 -24.614214 27.140581
6.710986 -24.777115 26.423740
5.994191 -24.870150 25.525923
4.976335 -24.641030 24.330762
4.443313 -24.434985 23.718090
3.642894 -23.563085 22.875916
3.224664 -22.387174 22.789434
2.838393 -21.279240 22.947730
2.384945 -19.920529 23.473754
1.963582 -18.591360 23.938011
1.613722 -17.684171 24.268052
1.308660 -16.446561 25.026223
1.533370 -15.284713 26.241753
5.181640 -25.995261 29.490948
3.964849 -26.353082 28.001528
3.039700 -26.283342 26.708388
1.216367 -25.202894 25.102127
0.507308 -22.606229 25.333274
-1.153851 -18.002415 27.186345
-1.119822 -16.865266 28.359697
2.863161 -27.051723 33.066454
3.777044 -26.163703 34.035517
4.891754 -25.646120 33.159153
7.265356 -24.361743 31.019030
8.836153 -23.300808 29.473763
10.556251 -21.650966 27.815818
1.085010 -20.112694 34.045349
1.963350 -19.424513 33.711523
3.387615 -18.733398 32.957946
5.260344 -15.655554 20.970081
0.845228 -18.425913 33.123605
3.515510 -16.777706 31.386923
5.074265 -15.933238 30.228008
6.841220 -14.950976 28.733417
8.428408 -14.036571 27.086827
9.227321 -13.721993 26.126069
10.614918 -13.018753 24.508041
11.780703 -12.443991 22.952453
13.925867 -11.034481 19.809680
15.523114 -9.838658 17.448231
17.555464 -8.412332 14.487299
19.163251 -7.413406 11.950290
20.023811 -7.158065 10.350879
-3.376588 -18.865687 30.656458
0.856573 -27.568455 28.770223
-2.502724 -20.450971 28.250348
0.301105 -18.422641 25.457590
15.662111 -8.396932 7.197847
22.269414 -10.968711 7.748689
9.111889 -12.963947 17.716762
11.546199 -11.328467 15.224713
7.678110 -13.859869 19.060458
14.419759 -9.712360 9.080897
14.119590 -10.260460 9.705664
13.265762 -11.353551 11.242163
16.940098 -8.039497 12.083355
15.096973 -8.960262 14.076717
13.419121 -9.836366 16.037745
11.260038 -10.972112 18.851637
22.016207 -8.652703 8.037203
22.036789 -6.636593 7.895824
15.025297 -9.204000 7.102272
14.243924 -10.987176 6.916036
13.990733 -12.295694 7.054266
16.312483 -14.294255 7.694520
21.791198 -11.259188 6.320162
13.849360 -12.482774 6.797272
13.352864 -12.511246 6.675095
17.393194 -14.358353 7.545878
18.709673 -13.135387 8.136689
18.362067 -13.777631 7.559224
17.417608 -15.257345 6.609179
18.222589 -14.743486 6.505302
16.930568 -14.139179 7.839614
13.909000 -13.553668 6.885564
15.517180 -14.203986 7.500591
22.184853 -9.923831 6.651679
20.571173 -12.464161 6.967915
19.630271 -12.875270 7.582907
20.505097 -12.550979 5.540308
19.646071 -13.391472 6.022033
16.166663 -15.618630 6.652463
14.620717 -14.168739 7.100318
14.319510 -15.397031 6.599153
13.781894 -14.961331 6.578559
15.083611 -15.608313 6.644766
22.369098 -6.307046 6.919602
22.675023 -6.119816 5.945455
22.838669 -6.539884 6.166166
22.894128 -7.563770 5.394887
22.506223 -7.622385 6.707589
22.357167 -9.295666 5.056707
22.266953 -8.731497 6.554849
21.237535 -11.906480 6.343995
21.658691 -10.969230 4.968184
20.960830 -11.963704 5.270542
13.297953 -14.254321 6.556382
13.598296 -11.472872 6.738925
14.186816 -10.293794 6.543319
14.675686 -9.950318 7.006086
14.742184 -9.436169 6.301707
15.610464 -8.598795 5.960362
17.139121 -7.410959 5.610249
16.489914 -7.808299 6.753251
21.996267 -5.657515 5.842216
21.661498 -5.921920 6.915290
20.888946 -5.985826 7.119440
21.158156 -5.538830 5.423536
19.754014 -6.389361 6.464312
19.794943 -6.077041 5.393446
17.754128 -7.201348 6.593103
18.322377 -6.774962 5.432549
14.866632 -19.051222 3.570441
13.404830 -19.552624 3.701311
11.865095 -19.781139 3.769382
9.685788 -18.940690 3.872623
11.040273 -18.157533 4.811484
9.280465 -17.576565 4.794695
7.853283 -17.872889 4.290903
9.204569 -17.127543 4.941943
9.122267 -18.499989 4.188193
16.269323 -18.707978 3.012521
14.944828 -19.835296 2.994771
15.950759 -18.401342 3.584545
8.991685 -16.459083 4.699211
7.227122 -17.254207 3.858345
8.535732 -16.195775 4.208777
15.952579 -20.135084 1.099274
15.850875 -19.992742 0.763823
7.442434 -16.386505 3.367960
8.734996 -15.561232 3.766692
9.342495 -16.298508 0.839054
9.331938 -15.741313 1.422877
8.080705 -16.331773 0.982267
15.715903 -20.505479 1.636015
15.504267 -20.436917 2.289390
14.314548 -21.013925 2.516910
12.395901 -18.781019 4.433498
15.489152 -19.634863 0.397839
14.121327 -20.192719 0.157748
13.457426 -19.031685 0.288753
14.402959 -20.625833 0.199539
13.949697 -18.584866 0.399369
12.564456 -18.402713 0.428324
13.124079 -17.908799 0.647182
11.345582 -18.050063 0.610544
10.059157 -15.947810 1.208318
10.313301 -17.239995 0.616022
10.877359 -16.606365 0.949365
8.695107 -16.903485 0.560170
7.924921 -16.897386 0.646526
15.726481 -18.450075 0.435894
11.991585 -17.412618 0.894014
8.706078 -15.475063 2.148145
8.630940 -15.450241 3.097219
15.448822 -16.797235 0.513714
16.807321 -17.114539 0.510327
17.549066 -15.300153 0.662998
16.630580 -14.453613 0.731069
11.531154 -12.724022 3.885577
11.708281 -12.746373 4.696579
12.735139 -11.495559 3.466034
11.756836 -12.806222 3.171469
12.504397 -12.300005 5.848799
11.524427 -13.368009 5.399048
11.907718 -13.387711 6.076095
15.891882 -11.489778 1.476760
15.281250 -10.924363 1.883074
14.215881 -12.585492 1.817623
16.560799 -12.197854 1.097339
15.719065 -13.734851 1.131714
12.878096 -13.569507 1.947829
11.351030 -14.821068 1.606098
12.201483 -15.527763 1.351036
13.648543 -14.414785 1.473788
15.494978 -8.710148 2.996614
14.031089 -10.561415 2.937396
14.668060 -10.731693 2.327239
15.753030 -9.109165 2.186134
13.016190 -11.910934 2.731408
12.248946 -13.155511 2.430866
13.679532 -12.208143 2.196647
9.951689 -14.596442 4.165398
9.996107 -15.084517 4.837681
11.751455 -14.228404 6.144997
10.069811 -15.626712 5.305215
14.234868 -9.790229 3.734041
13.371496 -10.787875 5.437992
13.186214 -10.839187 4.266242
15.430247 -8.587427 4.574649
14.217681 -9.606766 4.765162
10.006714 -14.341682 3.510035
10.276653 -14.228433 2.788157
10.807152 -14.456501 1.993611
16.337960 -16.439741 5.484281
17.134624 -16.077612 5.196302
13.678209 -16.322942 5.973090
13.017271 -17.538975 5.338036
11.787224 -17.243152 5.528323
12.955486 -16.105600 6.041916
21.411391 -7.186812 0.671200
20.255200 -6.467589 0.780948
19.246307 -7.263731 0.759977
20.495190 -8.213264 0.604864
13.339198 -16.411460 1.102087
14.579609 -15.304886 1.128380
17.348280 -10.802771 0.938122
16.657217 -10.129559 1.208439
18.728798 -8.151125 0.774769
17.712632 -7.577802 1.083427
18.432143 -6.720582 1.012256
20.765037 -5.587353 1.040581
19.595944 -5.889189 1.004813
19.883217 -9.271621 0.619405
18.414133 -11.678064 0.740393
17.428694 -12.983830 0.842510
15.246932 -15.733194 0.712338
14.152001 -16.885060 0.721220
17.188889 -17.551747 0.774347
18.104467 -15.684897 0.952342
18.329292 -13.746884 0.833765
18.922422 -14.154563 1.068577
19.862912 -12.717123 1.091889
19.369202 -12.373087 0.846644
21.618508 -9.268588 0.677586
21.502219 -10.575977 0.952019
22.277603 -9.282495 0.843505
22.497355 -7.713705 0.733220
22.026152 -6.401084 0.885575
20.574426 -12.560794 4.054450
19.484306 -13.855638 4.273283
17.977748 -15.521294 4.814649
15.691966 -16.547873 5.707755
14.548071 -16.461948 5.919068
10.675585 -16.766593 5.555120
22.990231 -5.930082 2.393277
22.595304 -5.944277 1.595439
23.187106 -6.842975 1.688801
23.347215 -6.565550 2.418041
23.293307 -7.712039 1.773778
23.392608 -7.690316 2.797142
23.127364 -7.565214 4.026613
23.272826 -6.349124 3.398819
23.009976 -5.833335 3.495553
22.938246 -9.159542 2.624183
22.871631 -9.244447 1.828717
22.133575 -10.666532 2.062609
21.871024 -11.099950 2.868315
21.729301 -10.937583 3.641530
20.589508 -12.926104 2.901671
20.502469 -12.968960 2.057715
21.749120 -10.895927 1.310860
20.158581 -12.904623 1.411970
22.598949 -9.320286 1.135079
22.901308 -7.845596 1.053508
22.820019 -7.198451 1.031790
22.330770 -6.192472 1.113970
22.565169 -5.493631 2.476841
22.519337 -5.455966 3.574253
22.313714 -9.764715 3.909384
11.893613 -15.275502 6.110306
10.296954 -16.321087 5.602962
16.538116 -19.003131 2.400475
17.174419 -17.198788 3.499044
17.534141 -17.673637 2.577305
17.657690 -17.766848 1.878237
16.649783 -19.189341 1.711175
17.397551 -17.682008 1.103722
18.568703 -15.925458 2.817493
18.694092 -15.905279 2.023092
19.134635 -14.475222 1.410513
19.550037 -14.352361 1.990379
19.616115 -14.155817 2.872400
18.398517 -15.947326 3.120058
18.074331 -15.964941 3.649815
16.976732 -16.847101 4.032479
16.654203 -17.143783 4.126061
15.596803 -17.598672 4.466579
14.095362 -17.678131 4.970403
19.513374 -14.138326 3.446824
17.267794 -7.032054 4.301405
21.836616 -5.422009 1.664832
20.817712 -5.033877 1.692672
20.757491 -5.261626 1.282739
21.615909 -5.642822 1.213250
19.321192 -5.321520 1.713168
19.335754 -5.568252 1.288673
17.836408 -6.247001 1.833263
18.056441 -6.440061 1.299320
19.371670 -5.207640 2.569865
17.761157 -6.197542 2.648866
16.632184 -7.454590 2.862502
16.702769 -7.632616 2.054844
17.437042 -7.259965 1.334874
22.084979 -5.198346 2.534094
20.966377 -4.914991 2.495059
22.065616 -5.264560 3.474630
21.086981 -5.218149 4.086515
19.652277 -5.465093 3.929806
15.426108 -8.580114 3.801666
16.671580 -7.494148 3.661835
17.888025 -6.325507 3.416620
22.175358 -7.136613 8.011245
18.221999 -7.162661 7.464296
14.787305 -13.833299 7.464561
21.060679 -5.067390 3.334108
22.054839 -10.521943 6.210580
22.031966 -10.188970 4.989789
22.447454 -10.147909 2.774374
17.198036 -6.726109 2.783136
17.222574 -6.902797 1.933808
12.149435 -21.211436 2.893324
11.413473 -20.982091 3.005134
10.122460 -20.192564 3.185146
9.349765 -19.552536 3.387955
14.863890 -21.293081 1.041767
14.685347 -21.190265 0.643978
13.088863 -21.642817 2.449385
10.783891 -18.730976 0.446536
7.438822 -16.582305 1.019660
7.429529 -16.251540 1.743907
7.373678 -16.269030 2.718230
7.353114 -19.140492 3.619041
12.234515 -22.195439 2.040587
11.423942 -22.900678 1.503166
10.697737 -23.528144 0.704451
11.340335 -22.707777 0.848763
11.538380 -24.101508 0.524131
11.376074 -23.793237 0.147130
12.134427 -23.521632 0.245562
12.858980 -23.415063 1.053855
13.707207 -22.208489 2.225003
14.002502 -22.175215 1.799812
13.122439 -23.155563 1.807138
11.785570 -23.231425 0.106031
10.954556 -23.632746 0.304262
11.101948 -23.296103 1.426029
12.112799 -23.909347 0.774006
10.941419 -24.079357 0.619232
11.644846 -22.776357 0.494339
11.202689 -24.149727 0.817289
11.822122 -23.788489 1.495671
11.558243 -23.968697 0.809646
11.046587 -23.746574 1.240298
10.769991 -23.898844 0.934557
11.870994 -23.368534 2.002931
12.721293 -23.084940 2.129995
12.627590 -23.604884 1.492533
12.407887 -22.675117 2.304505
11.016695 -23.176317 0.461948
12.691070 -23.164218 0.629752
13.247283 -22.502470 0.776671
10.224490 -22.136518 2.402477
9.620091 -22.409819 2.394994
9.921271 -22.427139 2.088275
9.235150 -22.749395 0.761413
9.281084 -23.038435 1.382690
7.841876 -24.529567 0.928264
8.503794 -24.380813 0.705360
7.304810 -24.283544 1.112246
7.251942 -23.869457 1.252634
7.706953 -24.062208 1.463465
8.253398 -24.402687 1.188182
7.897617 -23.297811 0.804341
8.409828 -23.542221 0.668094
7.805046 -23.734684 0.334031
7.381708 -23.616735 0.556710
7.186127 -23.717885 0.726837
7.516062 -23.332506 1.225729
7.690589 -23.734872 1.799735
9.472106 -22.838648 2.083376
9.214038 -22.133879 2.572870
7.405221 -24.063108 0.348326
7.270048 -24.245110 0.779839
7.858919 -24.417946 0.381898
8.049044 -24.082892 0.251179
8.532128 -24.038153 1.834461
8.748599 -24.107177 1.169815
8.285304 -23.903320 1.955470
8.891724 -23.594440 1.115550
8.906280 -23.743409 1.888443
8.001001 -22.609062 2.003632
7.879159 -22.757588 1.474590
8.577056 -23.293204 0.856138
8.504318 -22.604402 0.847806
8.105748 -23.046506 0.951356
8.155006 -22.379282 1.218664
8.169713 -23.019255 2.316248
8.584747 -22.109574 2.476940
8.629724 -21.582616 2.235668
8.694677 -23.116397 2.440180
8.944933 -23.338066 2.267891
7.131936 -21.323435 1.095490
7.348705 -21.914765 0.905483
7.246802 -20.713960 1.842552
8.019819 -22.310298 1.343233
8.254253 -22.035591 1.769100
7.965662 -22.153172 0.864294
8.286583 -21.561281 2.550832
6.033658 -22.579182 1.257582
6.177933 -22.578700 0.831589
6.057236 -23.305246 1.527374
7.007878 -23.309247 2.050584
6.240310 -22.953503 1.933613
6.057146 -22.611267 1.666476
5.702819 -23.561303 1.143632
7.232816 -23.621629 1.514794
7.242785 -23.100714 0.965600
7.093308 -23.346549 0.671156
6.786805 -22.789514 0.664472
5.675530 -22.225132 1.953778
5.334674 -22.246144 1.931004
5.515229 -22.744666 1.752803
4.389206 -22.744745 0.753360
5.187770 -22.883718 0.890430
4.506747 -23.146400 1.073511
3.645058 -22.284357 1.999343
3.946535 -21.422782 2.051056
4.138731 -20.275169 1.976640
3.557503 -21.667194 1.673518
4.203368 -20.886824 2.257624
4.697706 -20.137700 2.704875
5.930771 -21.585238 2.381404
5.467826 -21.133037 2.758484
6.347024 -21.535130 1.808612
7.435361 -19.783773 2.973564
6.674582 -17.110407 3.167996
6.588763 -17.068106 2.595450
5.850678 -18.193050 2.843608
6.580708 -18.843832 3.648543
6.889129 -20.531893 1.583334
6.718840 -20.781516 1.251803
6.823896 -20.358657 2.597696
5.112109 -19.049694 2.260076
5.587059 -18.436533 1.760453
6.353100 -17.862088 0.850858
5.560558 -18.630198 1.235377
6.544423 -20.260010 2.883296
5.991439 -18.495449 3.278159
6.416076 -18.475611 0.554873
6.320294 -19.243755 0.544400
5.815633 -19.245489 0.915020
6.764453 -18.960318 0.440836
7.281713 -20.456120 0.395058
8.903855 -21.463838 0.380566
8.796539 -22.220281 0.451713
12.772846 -22.009042 0.179232
11.119570 -22.533154 0.650998
11.221451 -22.013443 0.400375
11.859352 -22.268081 0.315325
10.006576 -22.794120 0.549983
8.061926 -21.554211 0.439468
7.430704 -21.267312 0.611540
6.861838 -20.324187 0.556162
6.475631 -17.457897 1.148087
5.296717 -19.196017 2.789523
4.154850 -21.463465 1.968430
9.062233 -19.776525 0.407861
7.864995 -20.528521 0.342418
10.151787 -22.143644 0.374729
12.485591 -21.744802 0.141525
9.627626 -24.547740 0.497330
10.082120 -24.230691 0.433241
10.213502 -24.392054 0.878640
10.782857 -23.666903 1.395891
10.642876 -23.461657 0.921621
11.297797 -22.688366 2.457394
11.251673 -23.053638 1.899271
12.341010 -21.861956 2.341744
9.722798 -24.108781 0.216264
9.266084 -23.906505 0.257261
8.879716 -23.994675 0.949356
9.555204 -22.857623 1.209859
6.904875 -23.817439 0.539452
6.348261 -23.639495 0.277181
5.943189 -23.928643 1.055090
5.852321 -23.564120 0.415633
6.440763 -23.952475 0.463426
6.413215 -24.139187 0.904964
6.793684 -21.405592 1.648930
6.794332 -21.389462 2.140210
7.589697 -20.225611 2.493670
6.421995 -21.097792 1.217369
10.787104 -21.148477 0.359770
12.867665 -22.455208 0.453531
6.584773 -23.188770 0.383531
6.068516 -23.037509 0.467145
5.766293 -23.127512 0.720294
4.801627 -21.009228 0.577943
5.162891 -20.129848 0.863790
5.704688 -20.985211 0.920731
5.375323 -21.641843 0.602383
6.040066 -21.826537 1.159235
4.921254 -22.387880 0.572663
4.568726 -21.973240 0.492446
3.913482 -22.910061 1.182990
3.868868 -22.168102 0.728243
3.581598 -22.481667 1.149724
3.542140 -22.070303 1.070044
3.852281 -21.058846 0.941504
4.254607 -21.397984 0.546935
4.236475 -20.300927 0.943895
4.932615 -19.383651 1.155160
6.158784 -19.989856 0.923353
6.670493 -20.728627 1.034815
6.780633 -22.582618 0.912439
6.481916 -22.376541 1.037309
7.631221 -22.811977 1.583397
7.201718 -22.515655 0.964769
7.461078 -22.727087 1.160620
10.817545 -22.839027 0.840763
9.170045 -24.407763 0.519410
10.330832 -23.033242 0.695110
10.836416 -21.151531 2.801404
3.895652 -22.907592 1.852650
4.402375 -23.202047 1.687014
4.519152 -22.979687 2.140615
5.715472 -19.602565 3.129657
6.270717 -20.037550 3.103444
4.945922 -20.606613 2.829342
4.503583 -21.665108 2.232613
4.995418 -21.977506 2.209806
7.265930 -22.249062 2.651241
7.621084 -22.356234 2.531468
7.730715 -22.629340 2.245660
6.765019 -22.162287 2.493617
7.260720 -21.174574 2.713712
8.146931 -19.789632 2.998503
5.586385 -22.694063 1.296890
5.049682 -23.149632 1.254011
5.008988 -23.086863 1.887455
13.492503 -21.936343 2.465338
11.778922 -22.015323 2.586390
9.856003 -21.157258 2.803379
8.942232 -21.189067 2.539644
9.678739 -24.621169 0.929768
9.254160 -24.507246 0.985641
10.334040 -24.117097 1.507319
10.029057 -24.191401 1.623359
9.986328 -24.411755 1.091173
9.606381 -23.990851 1.688806
9.344922 -24.100139 1.316623
9.558746 -23.104136 1.778882
9.743414 -23.245430 2.048473
9.981743 -23.415023 2.195737
10.845476 -23.473364 2.067491
10.480496 -23.393984 2.222450
11.228121 -21.635162 2.749782
10.629415 -22.403206 2.556548
6.457563 -17.274820 1.717602
4.254705 -20.016643 1.161748
4.040950 -20.220331 1.596419
3.500598 -22.439670 1.696103
6.144348 -23.926118 1.253437
6.754799 -23.740535 1.463002
6.796413 -24.042024 1.176770
6.969833 -24.018307 1.023868
8.587813 -20.236893 3.016519
9.684185 -22.902236 0.771807
8.891318 -23.850095 0.610840
13.887680 -22.199659 1.169534
12.471745 -22.779511 0.569226
3.924631 -22.653679 2.224282
