14.935604 10.047641 54.430716
10.341400 9.395049 51.698254
13.973591 10.072485 53.768991
12.990962 10.210283 53.074049
11.661098 10.035589 52.408424
9.460201 8.528575 51.242988
17.813428 9.159707 53.734175
18.939558 8.759474 54.864838
16.885741 9.371451 52.934700
20.891457 7.365327 57.051027
19.743704 8.325728 55.699188
15.078034 9.356747 51.359045
13.625542 9.157707 50.568333
15.998075 9.341529 52.244670
11.217421 7.608127 49.443268
12.241015 8.455959 49.885257
9.998512 5.884559 49.102626
9.369233 4.445303 49.111904
10.447718 6.688828 49.179311
9.754187 5.283874 49.137852
27.479362 -7.150252 35.823302
26.631375 -7.060052 36.597688
25.472370 -7.539008 37.536648
25.880579 -7.379338 37.384478
25.070810 -3.722401 39.040930
24.222297 -5.671518 38.460676
24.590716 -7.059306 38.112202
32.108515 -1.540995 37.888119
32.013849 -1.014329 38.414725
31.410763 -0.290174 38.776826
30.449956 -0.005211 39.176383
25.328760 -2.045183 39.460384
25.172432 0.397335 39.776931
23.834849 0.239075 39.436266
26.365871 -5.726444 35.378934
23.508169 -5.771726 38.282974
23.603741 -5.085965 38.709243
22.736857 -4.516364 38.745101
22.566987 -5.079348 38.530926
21.829620 -2.473035 39.080182
23.185405 -3.705188 39.075806
23.612884 -3.086691 39.322058
22.712173 -1.297845 39.231322
24.197274 -2.279762 39.545005
24.094372 -6.306929 37.543019
23.116727 -5.634913 37.114939
22.837577 -4.869275 35.841120
24.549004 -6.166965 36.958653
23.433144 -4.666903 35.269823
25.098571 -5.961069 36.378411
25.603426 -5.793794 35.951519
23.826409 -6.295650 37.890758
24.113658 -3.855233 39.197823
22.639392 -5.418915 37.939640
23.621226 -6.189157 38.031053
25.284669 -1.192368 39.562763
20.866517 -3.086061 38.421650
20.757953 -3.755462 37.563930
21.797806 -4.467566 36.005252
21.891617 -4.839824 37.287896
26.077843 -1.015308 39.603524
26.684661 0.137324 39.622488
29.662757 0.813219 39.077646
27.970645 1.151949 39.469658
28.921515 1.434665 39.246583
29.676906 1.306829 38.915085
29.665401 1.725199 38.563992
31.837635 -1.643707 36.557246
31.142826 -0.832571 36.539249
32.185683 -1.830827 37.547106
30.745542 0.125789 37.206495
31.342075 -0.436117 37.867494
30.622467 0.634561 38.003890
30.291675 1.090476 38.391026
30.864004 0.313273 38.845751
28.477727 3.075546 38.761551
27.215568 2.837277 39.140037
25.688946 -0.536115 39.624404
25.645845 1.992878 39.463489
24.883123 -3.517327 39.102740
24.709201 -2.811047 39.298723
27.683928 1.975512 39.417122
26.224442 1.211833 39.759312
24.647370 -0.388835 39.771067
22.807782 -2.770576 39.160051
22.089473 -4.054144 38.852633
21.846369 -4.540770 38.152917
28.755157 2.234069 38.936614
26.263618 -7.165770 37.017500
24.954745 -7.494958 37.764995
23.660165 -8.148356 40.709683
21.157867 -7.320188 42.527385
21.176779 -6.448589 41.769491
22.678603 -6.922723 40.978802
20.806459 -5.229108 41.793222
21.027069 -4.145906 41.776683
22.660062 -5.773615 40.924575
23.015848 -3.278774 41.163488
23.521057 -1.459473 41.103897
21.232334 0.467386 42.289310
24.191023 1.402056 41.521310
25.569632 1.740824 41.380208
27.036197 1.673778 41.189855
26.527254 2.769022 43.016354
24.753633 3.409872 43.181047
25.593571 3.455089 43.998314
25.449828 2.899038 42.583103
24.676932 2.351226 41.946124
23.682772 3.101596 42.660941
22.790620 2.242233 42.321497
21.075976 -1.621517 42.094219
19.815953 -2.346958 42.413614
19.531449 -4.635642 42.316677
19.707698 -5.890094 42.523899
20.338919 -7.035014 43.144702
19.084760 -6.546431 44.255089
18.295877 -4.105494 42.873599
21.750882 3.020888 43.028281
22.798126 3.753114 43.346310
23.531926 4.603008 45.381193
21.495914 5.421540 45.695071
20.685309 6.380294 47.456457
20.619627 5.232664 45.116758
19.308794 6.215702 46.456462
19.574405 4.698093 44.609652
18.204443 5.813000 45.879620
17.747119 3.048848 44.172835
16.194830 4.283893 45.112309
17.404812 1.137547 43.902200
15.069113 2.530958 45.022610
16.287552 -0.529089 44.034587
14.426900 0.857738 45.009060
15.652105 -2.711967 44.472558
14.055287 -1.812691 45.629008
21.152058 7.615135 52.985968
19.980750 7.986240 51.683409
19.339692 8.051410 50.992241
18.629917 7.982700 50.290947
17.330712 7.963170 48.896491
17.974461 8.059808 49.554153
13.732319 6.184562 47.020187
12.442173 4.434473 46.704541
11.857950 2.807275 46.830770
11.555318 1.386421 47.053523
16.044892 7.665866 48.185746
22.562893 6.576983 54.577273
23.347033 5.200037 55.869978
28.434504 -6.209317 48.871083
27.708259 -7.128560 48.433557
28.863295 -7.165457 47.618223
30.271632 -6.817365 46.660339
29.470094 -6.134467 47.940474
29.864200 -5.320884 47.988159
28.001402 -4.829103 50.278418
32.884086 -5.362737 44.553373
32.030186 -5.028088 45.707782
32.142961 -6.266649 45.338525
32.874773 -6.640862 44.335888
31.852475 -7.458816 44.806934
32.416971 -7.766756 43.946734
31.371054 -8.355372 43.839934
30.733038 -8.877132 43.052383
30.400106 -9.585619 41.198279
31.272664 -5.821559 46.381255
29.735849 -4.217166 48.519507
31.094660 -7.100140 45.774849
30.155803 -7.994835 45.286755
23.597293 4.125081 44.073133
27.550260 2.262739 42.967891
28.632478 1.363500 41.894159
27.598875 1.778355 41.699980
24.227920 4.499039 45.947442
27.391993 3.089985 45.137178
29.247411 1.574482 44.237984
28.739858 2.109047 44.607632
27.975455 2.874693 45.765160
28.414369 2.468857 46.448225
26.718335 3.919632 47.998406
27.562425 2.775767 49.076139
28.257835 2.355009 44.170534
29.046070 1.444950 43.118944
25.758801 4.404993 47.205146
29.190341 -3.803264 49.412318
28.852548 -4.448305 49.568215
30.074695 -3.299348 48.116328
28.105479 -2.020192 51.242505
28.140360 -3.297853 50.924607
29.266402 -2.862173 49.400428
29.804204 -8.683863 44.117236
29.666455 -9.555122 41.738959
28.604032 -9.694545 41.331275
30.127940 -9.781201 39.657530
28.789592 -9.214264 43.127145
31.817931 -9.183805 41.393930
32.786659 -8.843603 41.456338
28.627837 -7.683495 47.064989
28.221900 -8.961230 43.986443
31.687448 -9.479081 40.202020
26.341883 -7.768182 48.007229
24.444099 -7.232722 49.631632
25.595645 -8.140453 47.189333
25.152462 -8.863301 43.410590
27.168937 -9.154001 43.277219
27.249333 -8.785438 44.818734
26.074755 -9.457592 41.416906
23.695961 -8.424520 45.772366
23.569730 -8.599630 43.054135
23.146677 -8.409140 45.072968
22.359276 -8.244128 44.241982
27.725942 -4.017927 51.031042
29.529452 -1.615810 48.766625
29.942540 -1.649353 47.917716
24.518511 -8.356045 46.494547
23.587669 -7.900434 47.835696
21.624219 -7.911300 43.800260
25.405284 -6.173632 51.124652
26.972762 -5.478048 50.839650
28.226276 -0.592268 50.859362
29.381512 0.095187 47.761904
28.611008 0.658364 49.086922
17.071220 -4.616234 44.300758
17.018042 -3.454850 43.560681
18.969947 2.128938 43.531545
20.715620 3.837811 43.821576
21.732551 4.476627 44.180014
28.642545 1.783164 47.548752
30.551447 -0.206235 41.118964
30.230413 0.121358 42.184185
29.823043 0.456781 40.945164
33.113283 -4.154944 43.550919
31.980389 -3.606349 45.311337
33.494024 -5.612405 43.564524
31.682625 -2.360370 44.325882
32.442171 -2.849784 43.305634
31.056674 -1.148743 43.499923
31.021940 -2.738675 46.475859
30.605065 -1.194834 45.744788
30.023335 -0.472257 46.516761
33.245899 -3.344714 42.338252
29.690188 0.878898 43.391839
30.698433 -0.348920 39.826144
28.143630 -9.789954 40.328297
27.175089 -9.878658 39.444664
25.359476 -9.394662 40.925817
26.913497 -9.820357 38.813739
24.035493 -8.756578 41.234458
25.813821 -9.369660 39.323312
24.941833 -8.647111 39.439001
23.593320 -7.391637 40.399401
24.493626 -7.792635 39.568440
23.924171 -6.517533 40.113596
23.245021 -5.999924 40.624053
23.939963 -3.954081 40.589932
28.014512 1.047849 40.388319
26.541532 1.166736 40.783518
33.439687 -6.932499 43.395348
32.848298 -8.032611 43.088102
27.955740 -8.323204 46.183292
24.615905 -6.376129 39.126637
24.770782 -7.229704 38.726095
24.295868 -6.791400 39.642326
25.482970 -8.738710 44.439989
22.905961 -8.321558 42.395064
25.725622 -0.800671 40.052815
26.026614 -0.785256 39.767720
27.204519 -0.441055 39.458967
27.044415 -0.237638 39.823527
26.492094 -0.101665 40.109532
25.438357 -0.027718 40.537133
25.440386 0.803941 40.921034
24.696434 -0.638204 40.674840
27.505446 0.715541 40.188611
29.718732 0.120536 39.248031
29.127395 0.364746 39.624959
32.502886 -2.350250 42.152374
30.546823 -0.423762 42.591688
29.924283 0.372058 45.142892
29.470423 0.973767 45.555778
29.641902 0.985899 44.661990
31.587729 -1.371215 40.838254
32.712101 -2.417839 40.981834
33.282104 -3.046452 41.013619
33.756617 -3.698995 40.943553
34.070433 -4.250521 40.929582
31.265379 -1.026600 40.399041
31.470715 -1.102378 39.492981
31.120405 -0.633996 39.204926
29.843171 0.368833 39.999423
31.035870 -0.288255 39.163420
29.004761 0.808634 40.260935
25.530862 -1.584047 39.613213
24.898898 -1.699619 40.238664
24.226334 -1.792176 40.674828
24.504912 -2.795223 40.310199
24.704254 -4.362211 39.747169
24.284517 -4.590828 40.224905
29.328537 -8.300161 35.979721
30.144193 -9.038228 36.944615
30.171227 -9.554555 38.090024
28.434631 -8.201403 36.290775
29.406030 -9.025909 36.995176
28.598900 -8.993757 37.185190
27.618023 -8.141848 36.801942
25.078523 -8.007605 38.433488
24.704152 -6.612017 38.556066
25.056483 -7.805561 37.865233
26.519559 -9.046626 38.008704
27.311743 -9.006869 37.841113
26.964995 -8.231591 37.367512
27.882882 -8.957449 37.508486
28.855227 -9.899495 39.414352
28.222732 -9.979989 38.982899
27.478723 -9.924032 38.753229
26.275080 -9.449413 38.292394
24.731682 -5.117902 38.704088
25.366944 -8.428945 37.877934
25.930370 -8.923085 37.864122
25.461832 -8.834858 38.369379
24.638098 -6.491678 38.234159
29.989805 0.173315 39.088770
34.203467 -4.427969 39.575636
33.861193 -3.757734 39.279295
33.406297 -3.165679 39.519891
32.987812 -2.712247 39.716456
32.365328 -2.091407 39.809600
33.482709 -3.368813 37.918437
32.828343 -2.438940 38.656134
33.697937 -3.875299 36.739361
32.489375 -1.942817 38.887198
31.882719 -1.383750 38.897901
31.808630 -0.936644 38.915422
24.971591 -3.775339 39.432437
25.089185 -2.783814 39.580147
24.822999 -4.969382 39.199253
22.889361 5.392673 47.028492
23.398042 6.143247 50.078794
22.191282 6.395998 48.988220
25.868573 -1.705858 54.173669
25.588978 2.573546 54.158003
24.504329 5.457749 51.491769
25.287929 4.172118 52.922248
31.054945 -4.157207 46.949481
31.057388 -1.707126 45.079540
30.559423 -0.566291 44.167566
30.711522 -5.065385 47.232782
32.572674 -3.849560 44.523581
28.959787 3.033105 38.195389
29.951179 0.457610 41.893524
31.568078 -1.655468 43.021313
26.639606 3.618429 45.911519
27.389201 3.348714 46.734621
29.186692 1.333837 46.253468
23.725636 5.311099 47.629950
24.676914 5.184143 48.483962
25.742424 4.648478 49.633811
26.509346 3.435120 50.893510
26.810600 1.859230 52.098952
26.890528 0.272469 52.943673
16.713004 -5.331635 46.278691
22.704344 -7.975223 47.219811
20.800768 -7.587432 45.789943
19.757160 -7.140725 45.559045
18.503839 -5.356837 43.225936
12.906091 5.290991 46.730809
15.517340 3.306308 45.014552
17.164144 2.150025 44.166945
19.983214 -0.149840 42.701467
12.230729 3.783274 46.779990
14.858775 1.905523 45.062945
16.525486 0.777201 44.206440
18.151363 -0.205012 43.470144
14.745508 6.980367 47.481882
17.067902 5.125749 45.333463
18.549873 3.978645 44.271416
19.694778 3.060481 43.570483
20.885626 2.088510 42.812851
22.841801 0.880971 41.752177
14.125864 -0.422545 45.175490
15.751376 -1.410488 44.157106
17.182808 -2.222819 43.443737
18.964564 -3.250885 42.595295
24.265973 -0.900782 39.649791
27.164192 -9.669389 38.257613
27.857335 -9.583658 38.432179
28.801270 -9.677524 38.099427
29.432258 -9.618446 38.122982
26.053270 -8.483089 37.735987
28.953002 -9.822953 40.526228
26.499297 -8.507148 45.925208
25.222816 -8.606789 45.413474
22.350782 -7.684854 41.653904
20.717429 -7.270897 47.534815
21.276470 -7.358862 48.220208
22.021239 -7.892736 46.638889
21.885947 -7.383178 48.745694
3.685704 17.233735 19.392879
4.374340 17.568286 17.813337
3.706697 10.848308 14.418226
4.500479 10.666748 13.819408
5.421609 10.667792 13.183310
6.541676 10.850989 13.450948
6.936494 11.612989 12.914232
7.368742 12.774759 12.843369
7.395781 13.648127 13.273776
7.210821 14.857560 14.170384
7.141134 15.590630 14.786992
7.671026 14.580010 14.856178
6.045826 18.130682 15.398955
6.664840 17.377659 15.206187
7.282207 16.813695 17.846336
6.614962 17.057724 17.939402
6.353753 16.701987 18.775048
5.620782 16.615231 19.271233
4.730789 16.561888 20.132991
2.772755 17.368172 19.245242
4.922826 15.646445 21.296490
2.760662 16.320391 19.583143
2.718515 15.789223 19.201501
2.909257 14.848213 18.467295
4.085716 14.225290 20.450437
3.509215 13.411050 18.334277
3.591368 12.575091 17.811494
2.988552 11.931779 16.716696
3.750431 11.655817 17.359685
3.565109 11.141315 16.439930
3.785897 10.705566 15.700076
4.356799 10.491229 15.107583
5.176418 10.431336 14.690733
5.774849 10.551913 14.124498
7.047066 10.829179 14.417224
7.462886 11.435197 14.126352
7.487858 12.538791 13.439054
7.713791 12.292172 14.013816
7.650092 13.473537 13.857501
7.959989 13.244182 14.373066
8.026813 14.027779 14.914120
8.132085 14.963019 15.958786
7.940479 15.737553 16.369383
7.821846 16.343129 17.130878
5.732275 15.974999 21.091154
6.190030 16.273255 20.071679
7.320576 16.393722 19.110954
7.856448 16.262899 18.556353
8.247584 15.771258 17.771437
8.751193 13.629495 15.804135
8.172768 11.981853 14.712809
6.941565 10.521980 15.037222
6.583539 10.111250 16.224592
5.716522 10.219244 15.910746
5.165728 10.447813 16.819673
4.927769 11.445926 18.580001
4.415818 12.041287 18.569778
4.418835 12.773286 19.533441
4.755290 14.347255 21.600719
4.949585 11.737568 19.121503
8.771649 15.359796 18.366916
8.124396 15.912101 19.932405
7.428770 15.763007 21.172741
7.936958 10.640923 15.474660
4.746725 13.770972 21.276045
8.989401 14.408923 17.250319
6.962751 17.452904 16.224703
2.255450 12.384612 15.966962
2.702131 12.765124 16.846138
2.154134 13.152180 16.313700
5.763458 18.210638 16.134216
7.290225 16.754642 15.765729
4.972996 17.723864 17.099304
1.769091 14.538513 16.478599
3.032614 11.046000 15.169335
2.650577 11.584704 15.694529
6.510886 17.701468 16.763193
9.504864 12.276272 16.457500
31.890782 -7.037756 34.772893
33.025358 -5.837832 35.352097
33.370028 -5.172199 35.590476
30.370920 -7.514562 34.744913
29.525078 -7.478181 34.900700
28.384132 -7.166889 35.203911
33.253981 -3.301647 36.533194
33.623962 -4.277907 36.051279
16.109567 9.053038 33.702117
15.752548 8.239047 34.002538
13.118910 7.218373 32.212168
13.811501 6.399863 33.233858
20.363014 9.660602 33.864320
21.579647 9.806264 32.640916
19.024928 10.392093 32.813365
17.073708 10.010922 33.186818
18.892902 8.883802 34.754566
17.737771 7.808941 35.224166
17.208740 7.022707 35.370141
20.308557 10.503406 31.691407
21.221163 10.063882 31.230381
20.107475 10.533770 29.862679
18.905237 11.227755 30.292503
23.367958 7.354685 36.311409
24.647601 7.526380 35.177967
19.270550 10.514794 28.021950
15.272932 4.934835 34.731308
13.163941 5.416105 32.357821
14.622906 3.842506 34.018355
13.103502 4.206963 31.397897
14.361142 2.743979 32.953421
13.491663 3.274837 30.285292
14.635739 1.884445 31.746856
14.136480 2.957868 29.027490
15.517612 1.405539 30.402585
14.634194 2.966686 28.372113
16.427734 1.453859 29.527774
17.233025 1.734112 28.900272
15.557647 3.199788 27.583402
11.916520 8.404292 30.697897
13.297086 9.812605 31.443455
12.761565 10.668368 30.351615
17.620172 11.782310 29.273869
16.046696 11.834466 30.239498
17.183123 11.333338 31.117305
14.958072 11.184101 31.115170
13.771579 10.385557 31.343174
12.336745 6.431532 31.117171
22.956507 8.506066 30.593169
22.593271 9.236344 31.684862
25.777780 6.523735 33.064771
17.985566 10.916790 31.945800
22.801337 2.627070 38.939444
10.873262 7.721055 29.172253
17.940634 1.840372 37.052817
19.857360 4.108400 37.568487
13.747497 4.082794 27.390656
12.665337 5.448477 25.740380
13.288977 4.149774 27.922603
11.650590 5.709151 26.792670
11.596260 5.644327 27.753451
18.996550 -1.074749 31.904954
17.903720 -1.247448 32.765178
12.120729 5.451730 29.882034
12.554275 4.567080 28.944687
9.553102 8.024183 22.926205
8.335517 8.880927 23.531730
8.004908 9.294017 21.379302
6.213064 10.815499 20.604394
6.522255 10.476212 19.910245
9.268853 10.667999 27.042156
9.949164 8.904126 27.983853
8.726398 10.072175 26.333066
7.400682 12.079375 24.800766
7.185559 11.393346 24.429199
10.911218 6.661704 28.196831
9.845175 7.695176 26.602208
7.240656 10.164943 23.213456
10.334631 7.019005 25.826497
19.547236 6.819835 25.075156
18.311320 5.845295 24.470588
16.566880 6.939480 23.248055
17.511123 8.027281 23.625411
14.767017 7.958956 21.865358
15.630831 9.002999 22.218282
12.860047 9.053991 20.243429
13.608717 10.033061 20.581815
11.204215 10.010800 18.606239
11.781711 10.970802 18.924578
18.366982 4.462869 25.256450
15.673211 6.222541 23.361465
13.923763 7.315108 21.978985
12.076810 8.485765 20.373481
10.484826 9.398862 18.680976
17.394069 3.944894 25.692492
14.737809 5.754672 23.849959
13.077599 6.890630 22.468003
11.209018 8.117117 20.915322
9.553121 9.062982 19.262525
16.608733 3.518574 26.622875
13.712244 5.531375 24.758350
12.122858 6.705007 23.401323
10.282189 7.987926 21.823741
8.649273 9.071075 20.234287
11.241403 6.698199 24.460630
11.591164 11.476316 28.795863
9.986751 12.556731 26.793401
13.352547 11.967005 29.347456
11.024566 13.195598 26.705748
9.207822 14.170077 24.729163
13.647010 12.872074 27.784427
11.945615 13.650264 25.976034
10.060756 14.522686 24.016735
14.746773 12.893275 26.696055
12.843286 13.633923 24.888315
9.603038 15.083839 21.545837
17.158040 11.501471 26.447602
13.636481 12.995105 23.339415
11.768705 13.867222 21.490173
17.437541 10.661504 25.376116
13.828966 12.298154 22.378759
12.519999 12.913750 21.073876
20.093820 9.325417 27.306319
21.438723 7.159340 26.871239
16.665930 9.752059 23.461648
13.948323 11.040440 21.221158
12.087216 11.933559 19.517988
5.677498 13.532707 22.664067
5.831381 12.648700 22.647626
5.383259 11.961693 20.768680
9.442720 11.072350 16.536568
10.135804 11.851439 17.238063
9.094997 10.180843 16.976604
8.113277 9.790402 17.680396
7.313744 9.894316 18.578952
6.441513 14.659414 22.848245
7.342763 15.129791 22.697811
8.427861 15.292577 22.228468
10.120511 14.637705 19.807652
10.350414 12.769630 17.843968
27.853360 2.657496 32.560335
27.652349 1.606307 31.357156
25.451352 3.248610 29.407438
25.850097 4.323005 30.406267
22.539353 4.736098 27.094852
23.258470 6.000067 28.180634
29.312115 -6.619232 34.242990
29.783956 -6.295793 33.962674
30.256284 -6.955903 34.270231
32.905412 -4.123540 34.962578
32.466357 -4.715878 34.488330
31.718787 -4.124319 33.928405
32.056178 -3.619680 34.275703
30.147640 -2.810898 33.104856
30.453061 -2.378774 33.467321
32.030964 -5.270087 34.263391
31.214324 -4.592503 33.695682
30.341438 -3.967996 33.247612
29.461248 -3.244762 32.751325
31.610236 -5.745785 34.128656
30.761881 -5.076369 33.621816
29.797475 -4.646489 33.279665
28.777570 -3.915336 32.882694
30.987807 -6.243497 34.015022
27.703225 -4.333158 33.242097
28.592354 -4.981164 33.545802
27.350307 -5.828327 34.669508
28.385507 -6.339930 34.458209
27.681545 -5.300371 34.049119
26.585456 -4.748543 34.069116
25.683287 -4.798749 34.720425
23.005099 -3.467246 33.836624
25.093517 -3.846722 33.743886
20.136668 -0.868988 38.470914
17.162353 0.607316 36.379045
19.527253 -1.964074 37.795286
19.391974 -2.751301 36.917193
16.870835 -0.363954 35.432371
19.644688 -3.216276 35.829904
17.096189 -1.060420 34.231506
20.408948 -3.239990 34.511143
21.798276 -4.106312 35.101180
29.200381 -1.275633 32.398219
28.496038 -2.296937 32.051235
27.474322 -1.396637 31.285697
28.272738 -0.432958 31.524848
26.427336 -0.450947 30.297852
26.650456 1.080724 29.988314
24.223314 1.388971 28.349747
25.107849 2.336941 28.705371
21.434979 3.611003 26.537295
27.521121 -2.990966 32.188040
26.385337 -2.089121 31.479805
25.190257 -1.080330 30.574170
22.994801 0.919116 28.708514
20.441908 2.970299 26.678007
26.360908 -3.451537 32.700198
25.167985 -2.552213 32.041672
23.909345 -1.473123 31.229172
21.874465 0.559195 29.355151
19.493507 2.465602 27.155491
23.841259 -2.816753 32.839999
20.648745 0.083477 30.211456
18.394628 2.037068 28.075257
21.019623 -1.739454 32.205835
32.354772 -3.286311 34.713838
32.537582 -2.795300 35.581323
32.525865 -3.100527 35.085792
31.230940 -1.286939 35.596062
30.695430 -2.024961 33.922562
30.538986 -0.882020 34.836244
30.846451 -1.535902 34.599905
30.190786 -1.015900 33.907974
30.070968 -0.089358 35.055352
29.388884 -0.090321 33.082761
29.260557 1.013295 34.161411
29.005262 2.594929 35.345193
28.046750 3.701820 34.280766
30.571690 -0.130902 36.243423
33.228069 -3.701383 35.634921
29.237213 2.760642 37.460984
20.562809 5.156060 37.486107
24.098326 3.894743 38.870480
21.845355 6.461607 37.122103
25.736195 4.894633 38.409685
26.949554 5.153942 37.465022
28.062001 4.303057 36.287857
25.985447 5.685549 32.028552
22.794611 7.869592 29.246063
27.766782 4.108737 38.267424
26.610814 3.853545 38.928361
24.466084 6.202278 37.328569
25.734800 6.438819 36.260357
22.928615 5.203688 38.003085
24.936984 2.890456 39.113320
23.653489 1.734926 39.185496
21.683314 3.846814 38.282257
20.464790 7.668790 36.089878
19.257852 6.479641 36.529545
18.717917 5.637799 36.613473
16.738510 3.344642 36.068171
21.835896 -0.552940 39.126023
21.006278 -1.733066 38.926372
18.278771 -0.772841 37.137470
19.042257 0.343876 37.809831
16.029149 2.144649 35.444741
18.032048 -1.592920 36.228733
15.735857 1.070908 34.425426
22.007721 8.550547 35.217358
23.378426 8.618686 34.038611
32.560864 -6.471290 35.092432
30.996222 -7.340612 34.631609
31.917300 -9.442121 39.463231
32.516432 -9.199549 40.569558
33.824921 -4.548641 42.401008
34.000524 -5.853389 42.522924
34.280799 -5.116306 41.522857
34.177424 -4.622213 41.381096
34.313901 -6.105489 41.625052
33.830211 -7.142906 42.431165
34.056329 -7.307896 41.566993
33.480317 -8.411646 41.399015
33.167790 -8.323886 42.156613
34.369020 -4.868470 40.583744
31.847560 -8.073503 35.754088
32.619741 -7.652458 35.936273
34.509768 -5.487396 40.544919
34.477129 -5.905268 39.064884
34.161156 -6.189866 37.906614
33.764737 -6.194404 36.754408
33.957045 -5.394266 36.918885
34.347260 -6.552325 38.967770
34.454747 -6.348931 40.514539
34.132340 -7.459268 40.406949
33.969715 -7.536229 38.868876
33.603844 -7.311203 37.390704
33.253182 -6.985120 36.306629
33.042722 -8.117156 37.161320
33.368199 -8.434916 38.567544
33.464482 -8.595796 40.276168
31.034803 -8.276360 35.726480
30.212197 -8.339089 35.821541
30.844923 -8.958159 36.920166
31.569556 -8.800861 36.895225
32.347177 -8.547968 36.988457
32.629469 -8.905144 38.248798
31.658472 -9.245033 38.059961
32.834881 -9.087762 39.626389
33.015127 -8.990048 40.572899
33.894964 -4.422014 36.829785
34.114117 -4.460291 38.096333
34.397461 -5.220010 39.205421
34.173116 -5.321351 37.829786
7.356109 16.102573 15.395029
8.458251 15.112916 16.988968
6.728965 16.131555 14.369792
6.314690 17.248249 14.553050
5.832003 17.835530 14.489063
3.349735 17.657152 18.843403
2.496746 18.097384 18.692228
1.367076 17.801256 18.295552
1.673031 16.818568 18.323178
13.949459 11.646143 21.789242
16.292222 10.653103 23.838463
20.760263 8.363713 27.091018
22.687108 7.302794 28.520589
25.956364 5.068967 31.303365
9.956997 13.994634 18.517996
9.659166 13.116666 17.066686
8.463414 10.464756 16.170897
7.377255 9.995435 16.906977
6.526175 10.179097 17.868356
5.820224 10.918086 19.220888
5.586252 11.307808 19.812318
8.417608 15.846428 19.158238
9.675918 15.129010 20.343280
11.409944 14.225610 22.171040
13.303310 13.371699 24.103228
16.148955 12.227997 26.704784
18.540134 11.253206 28.623816
16.993820 5.379170 24.321464
16.034821 4.876465 24.768331
14.973846 4.616997 25.664806
13.918266 4.471675 26.534777
21.482423 9.384958 29.617029
24.258796 8.042002 32.680917
24.587028 7.438036 31.828954
24.740923 6.615166 30.800749
24.740245 5.964927 30.129990
24.632867 5.153059 29.320032
24.157689 3.992493 28.349892
23.852815 3.397364 27.877762
22.866858 2.476554 27.398859
21.713997 1.972655 27.704717
20.722560 1.551291 28.215512
19.602369 1.092349 29.151481
18.485896 0.654992 30.017717
17.732040 0.296026 30.627517
16.772770 0.006411 31.732711
15.971932 0.291217 33.191246
27.624197 4.642383 34.976461
26.830501 4.903852 32.887912
26.888637 3.534330 31.498570
26.568758 2.476960 30.366195
25.322132 0.468885 29.286681
24.053314 -0.041821 29.614824
21.864327 -0.557022 30.673970
19.010377 -2.189900 33.554241
18.221979 -2.125656 34.973846
28.634824 1.791046 33.477095
29.256736 2.720510 36.684780
28.299226 4.003166 37.468255
27.503322 4.987116 36.628238
25.445804 7.146631 34.487760
24.023942 8.354883 33.235656
21.845072 9.788091 31.962968
22.658765 0.565399 39.146610
21.936868 1.561085 38.967783
20.994980 2.955411 38.309463
14.599642 3.454355 27.714127
20.922408 0.346239 38.803120
18.713212 2.871940 37.379808
17.486394 4.280983 36.373042
15.998097 5.841227 35.076587
14.538513 7.204855 33.650535
13.913188 7.866803 32.782504
12.672596 9.042597 31.300347
11.542328 10.072091 29.683396
9.514514 11.614456 27.026167
6.972497 13.395339 24.002621
5.105265 14.710126 21.903228
3.988645 15.669785 20.765721
2.799190 16.815930 19.539026
1.685374 17.868949 18.541401
20.961023 -4.121001 36.701356
28.578991 0.710917 32.255235
21.528901 -3.106514 33.757457
5.881459 18.223444 15.771381
2.225259 12.025405 14.951892
4.934681 18.490128 15.357985
10.799552 6.797310 25.046416
9.195470 8.178406 23.577543
12.154384 5.551801 26.183182
7.674158 9.486513 22.007639
5.296572 10.776422 17.811173
7.016676 10.063127 19.017805
6.213590 10.430048 18.397154
4.797990 13.153629 20.859438
6.749789 11.182108 23.428105
9.368957 8.810114 26.876214
3.898901 18.054538 17.301484
1.706503 15.886702 17.303364
2.762041 11.505121 14.296900
4.159649 10.866639 13.255776
4.915891 10.800095 12.591547
7.284231 13.023642 12.086552
5.295813 18.374722 14.777186
4.700944 18.379395 15.929251
5.183364 10.795521 11.845986
4.297417 10.858105 10.741410
5.011478 10.637106 10.311050
7.236716 14.275122 11.928714
6.980779 15.073271 13.517632
7.382161 14.839954 10.366706
7.117026 15.496109 11.097592
7.288732 13.227518 11.333944
5.963158 10.892775 11.316457
6.989239 12.378424 11.491714
6.152363 17.148621 13.770151
6.543721 16.090282 13.447919
5.719034 17.768313 13.019334
6.280505 16.861787 12.342382
7.578116 14.427181 8.855830
6.574124 11.636904 11.226596
6.859673 11.608235 9.582481
6.441652 11.136842 9.723271
7.231765 12.337224 9.453179
7.425203 13.336587 9.942999
1.440951 19.219313 18.016957
1.957076 19.240194 17.946372
2.440977 19.613578 17.009316
2.886660 18.815119 17.456379
3.532698 19.384577 15.596072
3.685019 18.574945 16.640353
4.535822 19.015032 14.372215
5.324464 18.253773 13.459786
3.811213 11.133273 12.496653
5.794674 10.653024 9.972244
3.480263 11.201344 11.262296
2.535800 11.912233 11.949157
2.946499 11.601263 13.081067
1.882460 12.494000 12.549332
2.316848 12.018264 13.501652
1.307852 13.358503 13.250991
0.653265 14.750391 14.485016
1.342852 13.566319 14.660782
3.380852 11.158551 13.904129
0.667934 18.737173 17.841966
0.473953 17.947528 17.521482
1.021625 16.423807 16.863934
0.298589 16.964909 16.434703
1.064395 15.180080 15.876098
0.420757 15.780728 15.322727
1.131001 18.869033 18.048421
7.810074 14.559116 4.977677
7.572095 13.758028 4.649219
7.547758 12.677042 4.273812
7.340217 11.553604 3.824239
7.147329 10.721860 3.684951
6.610057 10.582111 4.599746
6.784144 9.208665 3.665166
6.487472 8.738463 3.592536
5.832601 9.054556 4.222878
6.094865 9.446412 4.357719
6.982802 9.894303 3.699949
6.342689 10.027530 4.479063
7.779521 15.937296 6.157015
7.926600 15.024132 5.279845
7.877360 14.351681 5.696131
7.891381 15.347015 6.382882
5.732419 8.237664 3.167704
4.729147 8.552280 3.347479
5.053521 8.804778 3.993446
7.236143 17.071319 4.860684
7.029358 17.088573 4.457873
4.847166 8.142314 2.606192
4.232053 8.601104 2.924006
3.512165 10.721931 1.292110
3.082742 10.802473 2.094291
3.934975 9.717010 0.843395
7.427294 16.932167 5.377405
8.075339 15.871449 4.856628
7.843000 15.820305 5.237485
7.659980 13.352907 5.288417
6.800922 11.209520 4.800573
6.554065 16.956774 3.709083
6.346423 16.316038 2.735036
5.795163 15.383427 2.598927
5.809098 15.692243 3.121788
5.481194 14.493590 2.240512
5.422757 14.890521 3.065316
5.052679 13.404313 1.873152
3.126400 11.844228 2.833336
3.429476 11.306883 1.575793
4.080550 12.443281 1.832830
3.781057 12.868989 2.827673
4.351600 12.222631 1.444112
4.122553 10.740841 0.798175
4.636578 9.920689 0.448081
6.359295 17.268462 4.454684
4.773189 13.819948 2.928840
3.170146 9.738344 2.131113
3.750301 8.952273 2.486383
5.577865 16.425197 4.245126
5.923950 17.863881 5.304679
4.687509 18.324238 6.882709
3.759201 17.500507 6.958014
4.846239 16.984611 5.388421
2.333532 11.422776 7.404681
2.491148 11.518810 9.194142
2.927913 10.966581 7.823623
1.484257 12.640608 8.581680
2.094549 12.060754 7.079190
3.269305 11.075370 9.473181
3.560606 10.587358 8.054671
4.022692 10.485839 8.595066
1.496484 16.332888 8.821274
1.051222 15.575274 9.111539
2.026798 14.824089 7.567760
2.088808 17.128476 8.493093
3.083882 16.496468 7.197379
2.467535 13.724705 6.402533
2.814567 12.760115 4.679802
3.538967 13.621116 4.535267
3.156073 14.655574 5.991948
-0.115398 14.998146 11.229812
0.891851 13.931016 9.382773
0.925022 14.810462 9.206178
-0.116240 15.698017 10.603957
1.561641 13.290124 7.957214
2.167255 12.908092 6.645522
1.742872 14.153066 7.767908
3.777800 9.082424 3.876178
3.406253 9.912482 5.566640
4.118609 9.563418 5.710967
4.757028 10.188090 8.283792
4.672012 9.486158 5.798717
0.729966 13.596223 10.445942
2.115362 11.948345 10.533865
1.514081 12.483931 9.653362
0.551633 14.019892 12.280801
1.088727 12.974576 11.203747
2.899043 10.381350 5.369443
2.813674 10.218282 3.424938
2.551528 11.133479 5.206544
3.295301 9.465843 3.684123
2.815392 11.235486 3.099756
2.530578 12.079947 4.864654
7.169368 12.138667 6.532798
6.553147 11.149255 6.193036
-0.652714 21.078715 13.556756
-1.540722 20.045041 13.477922
-1.223853 19.276277 12.498932
-0.143193 20.422148 12.459325
4.502693 14.714850 4.437112
4.001855 15.648459 5.714706
1.129200 17.795818 9.598747
0.503793 17.047377 9.825509
-0.661616 18.888592 11.731829
-1.289370 17.859347 11.764473
-1.791747 18.444515 12.576992
-1.962589 20.266765 14.412565
-2.102583 19.354147 13.635082
0.527313 19.966026 11.545314
2.071328 18.814816 9.485014
2.868343 18.016299 8.297387
4.354463 16.449792 5.530216
4.963386 15.611135 4.327768
6.381687 18.028770 5.544311
4.500096 19.095576 8.374946
3.762303 18.786067 8.288980
3.539408 19.831345 9.816151
2.984680 19.558465 9.617036
1.097073 21.338292 12.441800
2.254394 21.142859 11.791544
1.397440 21.776242 12.865345
0.144114 21.946934 13.823802
-0.987807 21.416265 14.458771
5.112326 18.673430 12.157445
5.925989 17.721440 10.999217
7.069454 16.260957 9.624397
7.597522 13.868650 8.474941
6.101007 10.621365 7.978332
-0.314886 21.297018 16.177408
-0.824781 21.442730 15.462876
0.133033 21.909013 15.287723
0.322511 21.600845 15.996784
0.910570 21.985162 14.884609
1.261631 21.639604 15.421522
1.862769 20.530389 16.332021
0.623525 20.934933 16.734469
0.155054 20.656822 16.953961
1.501991 21.262929 15.809336
2.392363 21.267719 14.404645
2.043678 21.681413 13.812333
3.077864 21.011738 12.763034
3.747192 20.349027 12.895194
3.953840 19.785805 13.401633
4.837538 19.374460 11.212050
4.424368 19.797981 10.603121
2.768553 21.148683 11.956359
3.942949 19.892905 10.057259
1.673869 21.868298 13.188665
0.536754 22.093518 14.151183
-0.022230 22.010794 14.476810
-0.946788 21.520702 14.878032
-0.758851 20.883864 16.277032
-0.235535 20.183394 17.002619
3.325831 20.039910 14.564837
5.580098 10.248828 7.996283
5.747058 10.036875 5.898989
5.340209 9.637622 5.859744
7.634835 16.528078 5.892143
7.516831 17.139314 6.860810
7.146646 17.744470 6.426384
6.648424 17.992767 5.829554
6.585548 17.922769 8.399739
6.212675 18.486722 7.964583
5.712759 18.655084 7.331352
5.210013 19.128532 9.277685
4.758933 19.214755 8.765425
5.511531 18.658800 9.990701
6.700737 17.609527 8.496712
6.877007 17.036717 8.671010
7.438738 15.945958 7.863562
7.644124 16.166956 7.233504
7.822090 14.575799 7.033589
7.620247 13.075392 6.569601
5.751479 18.239807 10.318285
-0.265593 15.597413 13.926078
-1.449464 20.763781 15.438971
-2.068113 19.904018 15.181158
-2.107320 20.104635 14.755161
-1.565292 20.858246 14.911001
-2.294095 18.692470 14.286209
-2.301817 18.963024 13.876629
-1.951615 17.461497 13.086538
-1.992894 17.959950 12.739895
-1.943348 18.228649 14.926762
-1.608666 16.922647 13.600926
-0.840325 15.940538 12.442486
-1.076934 16.476803 11.855488
-1.506892 17.474705 11.975639
-1.119162 20.447918 16.249812
-1.717713 19.551248 15.838428
-0.586687 19.845870 16.828888
-0.641963 18.734827 16.739646
-0.970058 17.674999 15.785349
0.159208 14.466990 11.787906
-0.397684 15.508152 12.950800
-1.082871 16.583567 14.080552
2.727291 18.260779 18.425170
1.817516 12.925829 15.305656
2.044058 17.981952 18.691727
7.288905 13.902279 12.585340
6.709931 11.658878 12.055122
6.151694 10.949572 12.154401
-1.146926 19.145389 16.333165
1.208102 14.393778 15.367353
3.111862 20.827551 13.678508
-1.291026 16.411982 13.098471
-1.564013 16.935327 12.462896
8.037622 14.940175 3.835727
8.237608 14.436286 3.692193
8.396620 14.036058 3.671582
8.391886 12.924506 3.458343
8.049000 11.844975 3.388254
7.599050 10.617638 3.335759
7.560728 16.825447 3.682034
7.279312 16.909789 3.111956
7.938022 16.377425 4.518069
7.986181 15.497718 4.398258
7.450750 9.224911 3.365377
6.910778 16.766100 2.776115
6.393214 15.143027 1.840595
6.622699 16.320182 2.336233
6.690507 16.596206 2.576080
6.202361 14.114435 1.515364
5.862020 12.872532 1.111350
4.825778 8.896525 0.622240
5.288064 9.398924 0.283100
5.305621 10.108701 0.331569
5.560520 11.620324 0.738950
4.571451 8.542352 1.489356
9.962826 14.302735 2.354989
10.756316 13.992359 1.436486
9.777595 14.287562 1.685651
11.013183 14.992493 1.435775
10.759595 14.810130 1.027538
10.238035 15.421054 1.275832
9.765769 15.720584 1.734734
8.938304 16.025491 2.015738
9.955668 15.884594 2.197575
8.650591 15.974431 3.521014
9.668191 15.763997 3.100050
8.808431 16.231048 3.082658
9.585670 15.973086 2.807018
10.179480 14.953778 1.014446
10.754530 14.339271 1.097758
10.436906 14.151303 2.217256
10.654306 15.412193 1.788687
11.192153 14.415881 1.412229
9.790957 15.280112 1.247308
9.729247 14.652031 1.400305
11.181599 14.642645 1.658736
10.745863 14.951363 2.265483
10.893884 14.912754 1.716580
10.871487 14.284457 2.034159
11.092281 14.137694 1.683759
10.207940 14.570481 2.798241
10.283702 14.837908 2.943805
9.690566 15.395322 3.226908
10.340526 15.225230 2.780935
10.230312 15.649678 2.586389
8.450555 15.576306 3.763281
8.455076 15.195454 3.592622
9.413607 14.974746 3.308294
10.311654 14.215147 1.254333
7.949220 16.616555 3.384759
9.719760 12.509634 3.011117
10.034146 12.647074 2.617187
10.504292 12.373407 1.190129
10.789393 12.392558 1.814745
12.647558 11.642730 1.120548
12.280191 12.247552 1.027830
12.600018 11.030252 1.190877
12.233133 10.817799 1.309171
12.274918 11.261364 1.608692
12.404452 11.931408 1.452766
11.462345 11.310973 0.983256
11.518611 11.890793 0.954993
11.952771 11.885843 0.606049
11.883708 11.459577 0.513877
11.921399 10.987004 0.647087
12.088336 10.807386 0.777690
11.638923 10.889456 1.322727
11.986384 11.074035 1.928121
10.475062 12.339735 2.676252
9.151805 11.992468 3.122274
9.949192 11.822776 2.965848
12.325214 11.196112 0.457057
12.560379 11.049079 0.857389
12.512377 11.725998 0.586100
12.280900 11.708176 0.449272
11.997946 11.944861 2.132503
11.962479 12.294532 1.524912
11.957187 11.649167 2.200052
11.429597 12.267648 1.488404
11.599598 12.182709 2.251992
10.832143 10.949776 2.163898
10.988732 10.987305 1.624853
11.237271 11.927077 1.166450
10.611319 11.633845 1.129189
11.163556 11.391992 1.162551
10.530144 11.166017 1.419591
11.177645 11.181392 2.511948
10.215557 11.239559 2.741061
9.660401 11.149328 2.498422
11.102351 11.674693 2.737856
11.221643 12.011975 2.622577
9.509387 12.796900 3.052748
9.864786 9.895702 1.076609
10.342801 10.327611 0.945507
9.285601 9.657669 1.817880
10.514992 10.994520 1.513748
10.198017 11.038952 1.970887
10.363285 10.984177 1.030564
9.901577 10.836303 2.572380
9.434115 10.734344 2.866275
8.386502 10.546261 3.087617
9.409214 10.243894 2.942848
9.636970 10.701778 0.562511
11.416473 9.265226 1.048634
11.349787 9.479696 0.659206
12.105355 9.475362 1.333260
11.820520 10.254847 2.031385
11.731734 9.450707 1.759456
11.457161 9.219437 1.454610
12.445990 9.305931 0.893723
12.017265 10.668216 1.557003
11.523033 10.630380 1.063611
11.204786 10.365524 0.959476
11.230987 8.684469 1.653402
11.361710 8.380939 1.565066
11.764725 8.746478 1.436423
12.089764 7.897344 0.237498
11.964885 8.654691 0.530483
12.444141 8.077740 0.582860
11.955279 6.819916 1.303506
11.046221 6.803791 1.394287
9.781420 6.653456 1.464882
11.387526 6.597338 0.953768
10.465713 6.824433 1.635150
9.616955 6.948062 2.153599
8.559755 7.276591 2.459710
10.562980 8.627133 2.108293
10.331357 7.291706 2.132597
10.425583 7.992504 2.310903
10.194029 9.152261 1.556828
8.447636 9.305980 2.832718
8.237676 9.882167 2.928246
7.906676 8.850779 3.153500
6.216824 7.627121 2.595393
6.584850 7.844693 2.933981
7.234662 8.332727 3.230714
9.219685 9.316653 1.490286
9.496285 9.305185 1.137469
9.081153 9.025132 2.492127
8.372592 7.070710 1.872311
7.685366 7.385035 1.367282
7.532192 7.845672 0.657560
9.171225 8.587023 2.710275
8.387669 7.787066 2.903852
8.880477 8.275915 2.872850
8.017113 7.387463 2.716685
7.494671 7.325066 2.449203
8.354347 8.050904 0.591351
7.345986 8.140917 0.365145
7.885497 8.840202 0.160999
7.091454 8.601709 0.166404
10.109212 11.876688 0.782645
7.818115 12.337918 0.774015
8.330613 15.596019 1.259008
9.676801 14.067867 1.447179
9.112472 14.021630 1.169764
9.096377 14.827819 1.216506
10.284000 13.140741 1.134183
9.595355 13.110269 0.976026
9.689362 10.243870 0.658609
8.953973 9.659988 0.394281
8.888143 9.041544 0.509269
6.387361 8.274642 0.475526
6.396203 8.039017 0.805608
11.012497 7.025414 1.354794
6.556086 9.455889 0.209554
8.691741 10.405875 0.401947
7.078704 11.105489 0.541605
8.345178 15.276351 1.206136
12.059462 13.380582 1.046725
11.608550 13.707742 1.065642
11.737594 13.797346 1.531263
10.890106 13.984736 2.133284
10.721184 13.878283 1.636993
9.922849 13.933879 3.185443
10.170628 14.119527 2.717001
8.913982 14.578905 3.172196
11.601941 13.377120 0.780426
11.562878 12.880532 0.727165
11.803634 12.420612 1.331947
10.521266 12.619009 1.694367
12.195310 10.609269 0.505279
12.269497 10.093415 0.172129
12.709597 9.666255 0.861647
12.367299 9.584051 0.209518
12.542504 10.246665 0.379453
12.747302 10.198631 0.810990
10.077906 9.504623 1.554768
10.084119 9.406117 2.036121
8.784828 9.680372 2.460357
9.890444 9.142102 1.052822
8.355411 13.355351 0.981950
8.479299 14.321919 1.078927
9.020411 15.674605 1.547380
11.771608 10.142536 0.312639
11.802128 9.599886 0.290725
11.997372 9.302128 0.481808
10.440352 8.032087 0.157184
9.375161 7.726806 0.439889
10.006414 8.499007 0.619821
10.719535 8.472608 0.257894
10.700370 9.041260 0.937201
11.570666 8.305409 0.156421
11.291814 7.858118 0.000117
12.420835 7.430301 0.569401
11.715754 7.231058 0.098968
12.124382 6.988794 0.462830
11.745879 6.831620 0.368144
10.684586 6.808454 0.280690
10.854874 7.367452 -0.020183
9.843964 6.912392 0.341545
9.982000 7.558862 0.206562
8.760053 7.211912 0.664370
8.918971 8.589028 0.689356
9.452624 9.284436 0.914326
11.118320 10.019685 0.836819
11.068396 9.654411 0.915764
11.126313 10.755453 1.684234
11.083121 10.651085 1.235009
10.073027 13.849313 1.578264
12.078793 12.907568 0.976206
10.392296 13.518623 1.361871
10.854749 13.164957 1.100791
12.454153 7.285424 1.222187
12.558223 7.882288 1.164433
12.330428 7.830041 1.627398
9.502223 7.407395 2.520906
11.100028 7.363708 1.686043
11.232118 7.925541 1.766340
10.754559 10.028453 2.651587
10.741940 10.414436 2.601546
10.950542 10.660570 2.348843
10.838276 9.566902 2.393434
9.580960 9.808443 2.804085
9.851702 9.579867 2.569535
10.186127 9.002114 1.897404
11.672964 8.882642 1.002619
12.277251 8.545455 0.865671
12.259389 8.366280 1.477122
8.218449 16.106464 3.922191
8.751650 14.851199 3.203768
9.050993 14.106653 3.388979
9.060234 11.347871 2.928511
12.131364 13.369025 1.482154
12.165729 12.929106 1.451652
11.466391 13.697675 2.165033
11.598290 13.409579 2.275971
11.840021 13.553409 1.695722
11.594464 12.949158 2.198012
11.766641 12.815053 1.784925
10.777972 12.594987 2.257873
10.862499 12.760794 2.561150
10.927630 13.013263 2.772419
10.669517 13.859659 2.829855
10.340653 13.528357 3.082554
8.975779 13.441673 3.377810
9.885110 13.182402 3.157268
6.351172 7.798769 1.463305
7.823299 7.540203 0.856160
9.579690 6.793647 0.552411
10.254758 6.559178 0.889527
9.575493 6.683085 1.020191
12.135685 6.795743 0.981564
12.650042 9.813395 1.095299
12.284064 10.275753 1.415632
12.541971 10.468564 1.149759
12.455824 10.650141 1.033434
11.600551 12.421868 1.188205
10.501570 12.836587 1.291117
11.651001 12.531637 0.903917
8.115672 16.577412 2.577650
9.460314 15.413839 1.630936
12.221782 7.157222 1.586442
8.083068 16.381095 2.096312
8.030511 16.077965 1.684182
