33.885612 78.451877 133.118369
34.019571 81.785700 132.559809
33.832777 83.869293 133.266154
33.671897 76.546941 132.774081
33.481431 77.038328 138.579424
33.063634 73.679788 138.509959
33.631771 86.568439 133.746566
33.688760 79.368815 139.382777
32.446414 78.947760 146.594087
33.779675 87.195556 140.862960
33.815272 82.659567 140.060274
32.155484 74.126004 145.474373
31.709945 71.694115 144.629006
33.373256 89.783724 134.148054
33.029134 92.913408 134.521533
33.012827 91.945200 141.263683
31.994672 96.932053 134.709156
32.152497 84.815598 147.417987
31.379509 70.176253 143.885758
33.334431 74.287828 133.524813
32.914537 71.561907 138.431656
30.795477 68.196923 143.441480
33.309805 45.013404 119.353191
33.462051 43.549845 123.592458
32.821616 41.705790 129.024759
33.222924 48.169620 124.062273
33.093851 49.475747 119.915363
32.561492 46.320693 129.372322
32.892424 72.756746 133.622609
32.405093 69.883312 138.359459
32.672654 46.291080 115.661449
32.507837 50.593073 116.456127
32.570146 52.671852 124.729324
32.410569 53.870943 120.840544
32.032655 51.252751 129.946530
30.748706 91.628032 147.841035
30.731797 97.628603 141.475614
30.054453 101.499646 134.665882
31.894647 54.635644 117.477467
30.544031 66.655609 142.903833
32.282060 71.184156 133.457197
31.127115 39.819274 134.607113
31.001554 44.340588 135.005930
31.568651 47.165318 112.026053
31.395641 51.731443 113.129552
32.257142 54.057996 124.632577
30.762215 48.517165 135.308307
30.370937 72.760376 150.775483
29.926595 68.451861 149.560828
30.308536 78.819711 151.727396
31.316091 67.406813 137.789470
30.804825 70.099793 128.599406
30.800684 56.361693 114.552443
31.882141 56.948098 125.505045
31.675738 58.085801 121.708365
31.798508 53.184943 130.203953
31.304588 57.224332 130.533118
31.098541 59.509638 118.778035
29.054627 66.494919 148.502539
29.403372 86.624761 152.356568
29.681297 64.879393 142.591758
30.492477 51.850952 135.496151
31.605327 58.827943 125.750332
31.388157 69.118155 133.039135
30.580514 71.010351 126.324054
30.390927 53.074579 135.589001
28.521276 65.504678 147.742392
30.352340 59.910122 116.046924
30.220212 55.300949 135.776331
31.129915 62.127486 126.450858
30.934613 61.388673 131.216970
30.938145 62.167127 122.664702
29.807490 48.348263 107.874578
29.720533 53.109599 109.226076
30.107994 64.349404 120.162184
30.131708 56.923389 135.980569
31.065537 67.694950 132.651935
30.532410 68.531454 127.954863
30.854448 66.017364 137.599921
28.063234 64.407626 147.045219
29.219595 57.682973 110.897776
30.076903 60.007962 136.417037
30.709612 65.603905 127.358411
30.843118 64.840109 132.005496
30.313535 65.791943 123.639288
28.601463 38.168378 139.841591
28.538267 42.455940 140.267334
30.272216 63.306818 137.058534
29.561534 63.731208 116.936154
28.354107 47.616881 140.529367
28.743669 61.216821 141.932509
29.071617 70.310728 120.264112
29.196766 60.962304 113.247035
29.941833 68.597753 124.422744
28.327365 102.296676 141.601387
28.558346 97.977472 147.311005
28.167166 93.796672 152.294653
27.914429 105.458819 134.583541
28.279119 51.006510 140.717500
27.302056 62.404694 146.323634
28.285756 53.785532 140.921427
29.278835 68.557305 120.722315
28.453954 58.188658 141.408063
28.299153 55.322773 141.109658
28.036202 69.232523 154.145221
28.060121 74.882880 155.497085
27.262468 82.864716 156.310306
27.217618 65.681703 152.486686
28.190148 67.678290 115.615839
27.448221 49.490152 103.647459
27.332868 54.485632 105.165807
27.168057 57.745586 106.611313
26.383836 63.703005 151.113377
27.849759 64.193267 111.949584
26.797951 59.723507 145.664552
26.408983 90.272932 156.337402
26.674448 63.097976 108.696632
27.771624 69.428231 114.831504
25.945396 63.068756 150.531279
26.541833 56.852370 145.044115
27.483863 67.774988 113.339240
25.787762 36.122387 143.972139
25.955854 41.181592 144.078130
26.142486 102.401931 146.764717
26.018109 99.004687 151.625445
26.108330 106.205881 141.302023
25.349344 62.111121 149.738132
25.895589 45.978734 144.245436
26.164355 53.739080 144.841011
25.978643 49.916352 144.430404
25.890604 108.648004 134.198063
24.974854 61.210403 149.280388
26.365794 67.692269 110.547153
25.319680 95.354617 155.851153
26.345522 69.474896 110.860525
24.998315 50.164722 100.584870
24.888782 55.223076 102.141735
24.760266 56.070277 102.216801
25.224540 58.192026 103.753582
24.594080 58.678840 148.531612
24.988363 64.201794 106.494371
24.692979 67.219533 156.825201
24.634423 72.547391 158.741042
24.292416 64.550525 155.302767
23.909980 80.294795 159.674228
24.071247 56.020716 147.850225
23.852711 62.177563 152.911334
24.626384 67.428708 107.310046
23.960530 53.084362 147.562657
24.657878 69.062457 107.623341
23.264597 87.688537 159.548307
24.382324 110.573581 133.588268
24.653706 108.822426 140.720051
24.378987 105.136954 146.790056
24.694222 101.226218 151.309810
23.637297 48.842498 147.096957
23.514616 44.709704 146.890262
23.604457 39.748249 146.657392
23.568286 34.951222 146.501871
23.381035 61.033124 151.408133
24.071677 98.575241 155.207625
22.757829 92.358590 159.200972
24.161987 58.746399 102.797815
23.811349 64.447707 105.380111
22.197688 58.289138 151.098772
22.873893 55.549809 100.697567
23.098290 51.786721 99.547531
23.293520 50.251268 99.077282
23.485096 67.240625 106.419021
23.080890 56.597540 101.107111
23.700368 102.625282 151.269050
23.428600 69.122841 106.481597
21.853860 55.431811 150.391347
23.055924 59.137339 102.230922
23.738075 110.243125 140.754672
23.293457 112.213169 133.991673
22.974328 106.915074 147.020512
22.674687 100.590674 154.867961
21.887976 104.575358 151.283413
21.960745 96.164434 158.659533
22.875634 62.785142 104.032487
21.501925 52.047199 149.727626
21.292198 48.186016 149.211588
19.886450 71.826883 161.839285
20.396291 65.644724 158.995252
19.108637 61.309057 155.968552
20.914736 108.748105 147.279860
22.368703 111.948182 140.774979
22.203802 113.563213 134.088916
21.657559 66.935488 105.807784
21.615535 35.014271 148.410082
21.383509 43.973943 148.813733
20.484966 102.910792 154.658383
21.546938 68.996025 105.977783
19.214305 79.577099 162.700458
18.594464 57.898041 154.285014
20.556344 98.874916 158.125944
20.593496 34.283135 149.233329
19.025351 106.385367 151.633799
20.222845 55.649752 99.288900
20.501098 51.393946 97.877635
19.967723 56.834905 99.650387
18.763922 86.619164 162.314457
19.670187 58.964434 100.474676
18.739480 33.064972 150.613300
20.631122 113.576232 140.895285
20.721630 115.073257 134.146204
18.480638 110.147090 147.713181
18.946040 55.183324 152.891545
18.482814 101.302282 157.618361
18.332558 90.813407 161.898064
19.121816 64.435114 103.162550
16.959213 104.834802 154.990808
17.296014 51.291113 153.019391
19.633532 39.016150 150.100098
18.030632 43.561099 151.352731
17.734788 94.279327 161.387560
18.975427 67.630840 104.824203
17.444038 47.442961 152.101115
18.202319 70.117051 105.100162
16.723996 97.108542 160.725976
15.839027 107.591320 152.198126
18.651130 116.607307 134.201505
18.245019 114.920230 141.168585
15.908532 111.059063 148.033441
17.589529 38.355577 151.444143
14.778537 103.381352 157.617823
15.252686 99.627437 160.067371
13.439771 62.695122 160.578187
14.320180 66.658379 162.825825
14.292206 72.433014 164.398711
16.109133 59.364007 99.668642
16.420733 56.450880 98.244391
15.678156 64.256291 102.074319
15.867811 42.066555 153.373832
14.948070 69.743353 104.687523
13.394272 106.083750 155.582166
14.467313 71.800754 105.113996
16.347152 58.694853 156.443323
12.507603 59.609340 159.449745
17.435125 55.160834 154.139661
13.869051 79.959396 164.737816
15.146015 38.030635 153.621298
15.885523 115.727203 141.489813
16.495732 117.628321 134.292750
15.382734 55.454692 156.536899
13.139109 108.471315 152.356377
13.570932 111.558042 148.230626
13.581263 86.707794 163.975773
12.202718 102.071978 159.676825
15.248392 47.038230 154.356606
13.260298 90.558350 163.390297
14.595295 51.485316 155.807330
12.807129 93.636585 162.699731
12.017399 96.877384 161.791603
11.279183 104.775353 157.864168
14.048224 118.248205 134.456767
13.801198 116.048280 141.697613
12.061687 56.403055 159.036279
12.016258 61.532427 100.410918
12.075989 59.523677 99.329931
11.169452 37.953225 156.279562
11.612454 42.329282 156.560179
11.614356 46.654277 157.242834
11.944611 63.808319 101.498666
10.927301 109.217351 152.251577
11.408829 112.032153 148.084111
10.572243 107.072766 155.631440
11.164084 68.897150 103.693721
11.285459 70.831458 104.639973
11.650673 53.102363 158.621804
11.528063 50.470223 158.092419
11.222164 73.648645 105.546080
9.069682 101.160733 160.997885
9.086596 103.788047 159.607208
12.227150 118.780299 134.607104
11.659855 116.484131 142.060132
8.113407 68.272829 164.796406
8.136315 63.902749 163.320710
8.210745 73.769903 165.988234
7.989829 80.836549 165.746245
9.047266 113.054135 147.845012
9.053903 109.935674 152.010247
8.755850 106.045409 157.780452
7.968206 60.533177 162.057179
7.732489 87.136650 164.853119
8.412880 108.072832 155.380656
7.481395 90.717610 164.164600
7.163216 93.537216 163.552990
7.964216 57.239143 161.279682
6.919945 96.077700 162.863269
9.721409 116.683085 142.335248
10.072560 119.069277 134.764241
5.303361 104.555558 160.511645
7.843879 53.845469 160.745166
7.886868 64.270263 101.705051
7.930985 62.180619 100.673570
7.803484 66.262342 102.482374
7.789377 69.173893 103.719845
7.796006 71.293853 104.459339
7.980967 81.609660 102.875575
7.429005 73.967775 105.254555
6.081817 105.844421 159.350964
7.367816 75.297793 105.601817
7.275423 76.716622 105.832037
6.418959 111.505551 151.361048
4.284582 102.629043 161.424815
7.645758 77.903986 105.030153
7.642637 79.556896 104.089347
6.677589 109.465007 154.542893
6.852819 107.217476 157.566701
7.135962 116.952060 142.514406
7.610487 119.287245 134.953395
6.507342 113.446069 148.301189
5.476993 108.574585 157.172938
3.811463 61.171563 163.579517
3.804543 64.687032 164.852078
3.606317 69.235761 166.094780
3.640350 74.674705 166.747593
3.539571 81.345166 166.261529
5.145911 84.230651 103.316655
3.557756 63.266181 101.060065
4.476718 61.494197 100.174755
5.154424 81.961915 104.367296
3.907382 57.803241 162.688992
2.783223 65.168207 101.831469
2.360014 64.738467 101.570702
3.040592 66.917428 102.554671
3.414267 87.497203 165.117357
3.247155 69.960416 103.584142
3.332212 71.795427 104.127186
5.078264 119.033188 135.126462
3.381343 75.299734 105.133276
5.153370 79.868868 104.939540
4.520813 77.893719 105.356303
3.270030 90.967745 164.481829
4.625030 117.029043 142.506527
3.666695 76.207845 105.211377
2.941915 95.513522 163.471156
4.146381 114.020056 148.498385
4.216104 108.063338 158.679974
3.239509 107.325471 159.716225
2.806499 105.350088 160.716922
2.031912 101.937475 161.868632
5.572360 80.261782 102.887485
5.469683 82.547977 102.947816
5.582195 83.300640 100.614816
5.803231 80.593567 100.345411
5.220807 78.055355 103.085192
5.585445 78.053989 100.756078
4.957515 80.839856 98.321489
4.814374 78.121784 98.709323
4.601155 84.229118 98.960719
3.958552 75.651896 100.586791
4.273429 75.688587 102.098850
4.092064 75.971180 103.617970
5.234651 84.531892 102.763104
4.833912 85.597116 101.462213
3.895823 86.578032 100.254339
5.018013 79.992117 104.677551
4.472758 77.966466 105.049302
2.858501 118.599149 135.167497
4.347085 85.968478 103.095850
3.149004 87.367725 102.618586
2.332577 117.133075 142.239628
3.479977 81.020369 96.860118
3.403627 78.292695 97.217047
3.212294 84.897757 97.407605
2.377328 88.629555 102.036780
2.990714 75.990092 99.206890
1.917522 114.892263 147.179547
2.737982 87.031602 99.146906
2.193941 89.541402 102.702948
2.307065 113.566289 111.635762
2.567068 114.365132 112.961928
2.088018 115.747719 116.286290
2.666715 74.559862 102.545775
2.939612 74.559579 103.151794
2.942698 74.680614 104.131659
2.148668 111.744686 108.240362
1.561043 89.669265 102.960001
1.862297 116.643399 118.761536
1.450059 104.692854 161.089949
1.988831 74.697812 102.051913
1.340785 88.946676 101.936859
1.762807 107.930938 159.802545
1.785459 117.411089 121.150754
0.001472 75.202948 167.121831
0.001404 81.542221 166.513716
1.738276 118.128675 124.292003
0.001310 87.574965 165.234522
3.171084 73.263843 104.396656
1.560451 118.436058 128.690252
-0.102688 92.202526 164.272514
2.721142 71.045588 102.579330
2.687294 67.266042 102.291448
1.168698 85.076963 97.316610
1.293796 80.999368 96.727900
1.078524 87.130443 98.819080
1.359805 117.999096 135.296478
-0.141307 96.471108 163.314907
0.860420 92.465122 102.698417
2.614935 74.153517 102.704677
2.336499 72.226731 101.120940
0.792592 107.997940 105.285751
0.748125 103.190152 102.264937
0.577056 98.145292 101.806203
0.957977 116.763099 141.874612
2.265333 70.228534 100.156709
0.253552 89.110085 101.921485
0.009269 101.661160 162.012102
1.895173 74.345800 102.145537
1.977214 67.323366 99.739975
0.030019 115.910833 120.849583
0.000050 114.718283 117.752612
0.618200 94.787048 101.830725
1.718643 72.900922 100.944785
0.870354 112.344288 111.198633
1.838914 65.944989 99.817004
0.359591 89.837254 103.407910
0.226437 114.917274 146.775825
0.607674 95.948983 101.912895
1.615240 70.266173 99.535376
0.643385 116.601555 121.767169
1.023074 74.714939 99.991242
-1.284689 104.676369 161.103902
0.751219 117.522496 125.344000
0.977947 73.155873 99.878330
0.656038 117.724942 129.244214
1.028671 70.972557 99.179400
-0.069934 92.767974 102.991046
0.578270 117.485040 135.495451
-1.389142 108.032857 159.808034
0.089158 116.461032 141.872697
-0.001529 84.768100 97.611932
-0.001531 80.999827 96.983765
-0.001485 86.905799 98.990999
-0.113601 74.859385 99.784308
-0.001292 112.411079 112.752512
-0.002165 107.994791 106.244827
-0.001426 95.152167 101.761800
-0.016580 116.709637 123.672020
-0.002122 103.307067 102.893011
-0.000526 117.265323 126.415042
-0.000382 117.392835 129.860219
-0.001601 98.500163 102.126292
-0.000135 117.235001 135.666453
-0.001448 96.226270 102.047961
-3.536782 81.345119 166.261828
-3.411655 87.497158 165.117646
-3.267518 90.967702 164.482105
-3.106475 93.695312 163.876459
-2.860595 95.969926 163.349910
-1.988910 102.198251 161.797502
-0.376887 114.934306 146.784627
-1.916788 114.892237 147.179709
-0.544255 116.603566 141.876330
-0.578558 117.484033 135.495499
-0.656857 117.723934 129.245261
-0.752365 117.520480 125.345062
-0.758609 116.845555 122.395968
-0.797724 115.846279 119.255560
-1.098039 114.976203 116.760586
-0.797325 108.374919 105.465881
-0.752547 103.577145 102.375061
-0.580266 98.442999 101.844298
-0.610607 96.160385 101.925978
-0.816735 89.214604 102.145524
-0.442933 89.789397 103.392121
-0.621051 94.946142 101.834797
-1.583497 89.698850 102.946282
-1.081511 87.130429 98.819171
-1.304068 76.129139 98.822003
-1.171785 85.076947 97.316709
-1.296879 80.999351 96.728009
-2.332290 117.132044 142.239825
-2.379726 88.841436 102.002007
-1.360116 117.997079 135.296593
-1.561326 118.432039 128.691375
-1.739519 118.123653 124.294149
-2.740375 87.336085 99.087982
-1.786959 117.407067 121.152911
-1.879434 116.290813 117.739740
-2.154332 112.268632 108.597637
-2.598668 114.678160 113.192083
-2.858831 118.595114 135.167738
-2.959798 104.992810 160.824754
-3.214656 85.212237 97.331815
-3.897669 87.082412 100.148741
-4.145525 114.020002 148.498736
-4.405509 102.125605 161.546118
-3.086759 107.724642 159.599723
-4.624719 117.027983 142.505910
-3.862587 106.185509 160.122112
-6.781415 96.749293 162.702942
-5.078604 119.025125 135.125899
-4.214308 108.063282 158.680330
-6.417827 111.505467 151.361591
-6.813884 103.178753 160.730843
-5.288686 106.629143 159.168199
-5.475331 108.574512 157.173401
-6.840044 105.279027 159.454079
-6.506494 113.445983 148.301739
-7.135649 116.949959 142.515008
-6.851106 107.217386 157.567281
-6.676161 109.464919 154.543458
-7.611651 119.274131 135.044037
-9.084666 103.787927 159.607975
-8.754103 106.045294 157.781192
-8.411363 108.072721 155.381367
-9.046452 113.054016 147.845777
-8.983068 109.932926 152.043130
-11.226651 111.789718 148.482313
-11.433253 116.496385 142.168994
-10.926064 109.217206 152.252501
-11.277412 104.775204 157.865121
-10.570691 107.072627 155.632334
-10.074921 119.051113 134.987100
-13.927086 115.972620 141.784624
-13.570066 111.557863 148.231773
-12.230517 118.759093 134.942149
-14.800858 118.033223 134.829478
-15.886276 115.684978 141.596165
-16.500205 117.601035 134.755159
20.753113 49.331599 97.407582
17.085497 50.027123 95.763477
16.825282 52.289729 96.540533
16.575198 54.828697 97.551350
12.684420 50.220729 94.322816
12.610830 51.322812 94.780898
12.493746 52.645364 95.502223
12.308979 55.237679 96.882362
12.225096 56.539939 97.588378
12.082869 57.732828 98.276596
7.976338 50.702935 93.681477
7.961510 52.775524 94.914005
7.886718 55.675582 96.801904
3.563972 52.315798 94.318861
1.307234 78.250616 96.967317
1.551233 67.798183 98.841698
1.030386 66.003527 98.908925
1.220577 66.427208 98.585363
0.914521 67.985247 98.450133
-0.001507 78.268783 97.121182
-1.310261 78.250798 96.967924
2.470073 114.031971 156.558796
2.914950 113.762296 155.526208
2.975879 113.439190 154.318602
2.600949 113.267294 153.481565
1.859373 113.325340 153.188593
0.000640 113.119293 153.360647
0.944469 113.246329 153.182608
1.754806 114.705148 156.967724
-0.943206 113.246317 153.182688
-1.858110 113.325316 153.188750
-2.599661 113.267260 153.481785
-2.974523 113.439150 154.318853
-2.912942 113.769299 155.530896
-2.746413 112.207049 157.578867
-1.790783 114.372482 157.142349
-0.953821 114.530658 157.466554
0.812010 114.056200 157.731347
3.656381 112.089025 155.092416
3.466943 111.971816 156.481476
2.832255 111.965644 157.675556
2.091824 111.259050 158.642616
1.303751 110.645796 159.125676
3.245817 112.630260 153.604454
0.099805 112.577224 151.975082
2.296394 112.839397 152.661473
-1.129986 112.698426 152.216587
-2.295169 112.839366 152.661667
-3.244510 112.630217 153.604728
-3.465384 111.971770 156.481769
-3.654941 112.088977 155.092725
-2.043683 111.963519 158.334787
-1.286662 111.041851 158.988476
0.631082 116.247303 156.518845
2.260741 115.348485 152.783833
2.315164 117.198070 152.995515
1.623920 115.118557 152.209812
0.832463 114.930586 151.888805
0.000562 114.843594 151.776824
-0.831331 114.930575 151.888876
-1.973881 116.962955 152.134281
-1.622764 115.118535 152.209949
-2.303486 117.247120 152.953768
-1.983852 117.852867 154.363236
-0.684177 110.273289 159.259593
-4.414590 110.077607 157.016551
-3.355977 109.913416 158.341554
3.357720 109.924461 158.349268
4.416219 110.077666 157.016178
4.840420 110.879020 154.812183
4.416264 111.890362 152.674250
3.044064 112.803577 151.402379
0.085849 112.795802 150.464839
-1.337478 112.860642 150.757554
-3.042945 112.803536 151.402636
-4.415027 111.890304 152.674623
-4.838988 110.878957 154.812592
-0.242203 141.274729 125.716034
0.407809 141.341931 125.748846
0.828898 139.765845 129.488088
0.248848 142.521308 127.746364
-0.661663 142.905166 127.230985
-0.947133 148.314994 121.894169
0.001486 147.897674 121.335680
0.934499 148.649009 122.408145
0.545336 148.926228 122.814736
-0.003869 149.019641 122.938343
-0.443100 148.980510 122.849471
-0.941690 148.636716 122.391032
-0.517269 147.959576 121.454582
0.480097 147.966515 121.426013
0.939835 148.281026 121.882747
-0.330198 149.339422 121.939878
-0.417010 148.749611 121.302020
0.516787 148.759154 121.408790
0.413850 149.343608 122.150198
-2.288355 99.093583 99.974279
-2.244898 96.847083 99.987957
-2.901928 104.469448 100.416193
-2.310252 94.816673 100.800808
-2.563627 92.336297 101.980509
-2.524085 109.124163 103.909992
-3.040929 89.797832 102.284181
-3.165155 119.294139 128.179550
-3.411683 118.893791 123.466291
-3.571722 118.120290 119.715021
-3.796828 117.133689 116.610757
-4.149748 116.103055 113.724495
-4.496051 113.575368 108.171352
-3.606485 111.435043 105.400439
-4.289834 95.744802 98.014799
-4.541705 97.834650 96.905058
-5.033521 100.582823 96.532355
-5.770984 102.745893 96.638801
-4.292839 93.384559 99.673631
-5.658033 109.903495 101.679143
-4.358630 107.347566 100.453662
-5.393547 119.935184 127.949722
-7.069574 105.474856 97.709790
-5.601393 119.537843 123.238467
-5.766563 118.751405 119.035174
-6.219619 117.738157 115.360417
-8.042957 112.823035 103.487395
-6.627240 116.608298 112.097601
-7.508535 114.793287 107.449110
-6.677114 113.346081 105.598849
-8.032449 99.274728 93.837572
-7.897641 108.117740 99.285474
-8.613650 102.093100 94.861345
-7.782098 120.260198 127.881866
-7.788164 119.896846 123.181610
-7.736085 119.170416 118.985312
-8.589142 112.178234 102.156205
-10.086469 105.256039 96.203524
-9.878924 117.086572 109.943110
-9.200224 118.296979 114.704061
-9.905677 109.575393 99.727712
-9.783197 119.382413 118.964431
-10.005424 120.257167 127.946965
-9.760906 120.053826 123.316716
-9.276317 102.598171 94.524432
-9.584542 115.029092 105.902227
-11.290062 105.699545 95.744573
-10.657210 118.500013 114.478144
-10.450353 115.407135 105.667306
-10.127274 112.768536 102.060754
-11.380854 119.427394 119.076510
-11.210860 107.898495 97.717673
-10.922507 117.462616 109.912803
-11.893100 119.981131 128.078008
-11.039057 119.980789 123.449769
-12.371515 119.700773 123.429780
-11.542204 110.966718 100.152475
-11.802735 113.932512 102.522010
-11.627754 118.683015 114.464210
-12.175732 116.340151 105.754514
-12.735187 118.047612 110.035970
-12.401599 119.450387 119.053553
-12.506411 107.532194 96.526079
-13.563536 119.014998 114.605345
-13.395559 119.473085 128.147002
-13.350753 119.586750 123.517814
-14.418682 119.548351 119.236666
-14.327997 119.231066 128.187002
-15.274925 119.416691 123.804878
-16.044665 118.837010 128.340025
34.098388 81.055515 128.053505
34.153971 83.604935 128.017870
32.975154 84.717206 117.426661
33.784553 84.432835 123.309788
33.922043 86.393040 123.230064
34.147147 86.336974 127.854245
33.943925 89.035656 123.193437
33.674407 89.258796 127.875686
33.643703 91.330433 123.362784
33.040202 78.621330 124.347037
33.790158 78.273400 128.534710
33.519478 92.197979 118.700674
33.637209 89.853546 118.599362
33.411589 87.526134 117.951008
33.145176 92.365393 128.128162
32.532912 76.558664 124.842788
32.434591 81.294738 118.089165
33.038658 95.450979 123.581409
33.506979 94.241574 121.046758
33.040318 75.371826 128.942777
33.394361 89.686374 117.661311
33.124426 87.208890 116.766925
32.541821 95.757755 128.038672
33.519542 93.918647 117.780911
31.959918 74.839121 125.300587
33.157925 96.568774 120.474425
33.288807 96.200983 117.488234
33.414017 92.294218 114.656545
33.273292 89.844813 115.037863
33.348375 94.874315 114.091897
31.606712 77.668366 118.846719
33.134370 93.390797 111.628580
33.159608 90.832617 112.104232
32.948555 88.749405 112.620248
32.663205 84.642335 116.350558
32.496808 85.912947 113.016234
32.842314 97.299092 113.566240
32.763519 96.107669 111.232970
32.690848 98.431540 117.057560
32.333163 73.768561 129.015427
32.451076 99.097674 120.532817
32.757784 91.119570 108.088137
32.632755 89.333624 108.786900
32.089693 86.526757 109.589116
32.474620 97.815978 123.628770
32.518197 94.281498 108.349589
32.302614 84.127377 114.500420
31.284810 73.425312 125.565425
30.871727 75.196637 119.622432
31.479965 99.403466 128.338247
32.042525 81.249606 116.864123
32.002988 93.560741 105.280631
31.882470 100.638228 116.411884
32.248558 99.236827 113.196523
32.273767 98.032511 110.843249
31.673477 83.276012 110.627702
31.847018 96.751586 106.604058
31.331590 102.004761 120.065264
31.429277 80.765944 114.040453
31.666867 87.312360 105.023486
31.147524 85.732110 105.403967
31.923540 88.964628 104.370682
31.671338 91.138121 103.158623
31.878274 99.845575 123.520080
30.224735 73.454074 120.191236
30.652094 102.902325 123.382561
31.234444 77.731938 117.645695
31.370886 101.686789 112.763892
31.557305 100.425061 110.474601
31.182763 99.050127 105.288622
30.741266 103.118451 115.541246
31.285501 95.362273 101.777056
31.069391 84.513526 105.779141
30.517318 77.574801 114.157603
29.926759 103.346664 128.105863
30.922981 80.749377 109.870793
29.526346 72.170878 120.081489
30.948325 89.201414 100.340580
31.035388 87.208769 101.431336
30.717810 85.914817 102.079196
31.064674 92.994467 100.290128
29.750479 104.920956 119.526722
30.926506 83.000623 106.059941
30.284799 84.763459 102.657474
31.220414 97.495231 103.492886
30.399601 74.988188 118.350927
30.885730 100.677557 107.092520
30.573636 102.514195 110.163930
30.197103 103.822931 112.387231
30.709940 90.366888 98.762181
30.379610 80.885473 106.391678
29.372276 105.324593 115.174598
28.794393 106.118441 123.441107
29.791970 77.247161 110.255360
29.285102 71.256764 120.471614
30.971881 98.102652 100.683860
31.061028 95.932699 99.012377
30.856076 93.617197 97.611388
30.814043 100.021162 102.610229
29.875438 102.876761 106.279837
30.287257 82.846224 103.173825
30.676336 99.065418 97.731083
30.952482 97.045706 95.816400
30.906347 94.887959 94.727544
29.469370 85.810831 97.698242
29.487226 84.759033 99.473812
30.520025 91.318567 96.400823
30.333499 100.879596 99.826848
30.020059 100.409343 94.427156
30.452732 98.453557 93.035600
30.290997 96.217007 92.017840
29.548620 86.688230 96.564807
29.916665 81.198999 103.502615
29.170896 77.453456 106.785261
30.702124 92.721762 94.041613
29.919809 94.241180 91.212354
29.592979 104.181802 109.906547
29.453258 103.191301 102.539737
29.180201 74.361664 113.495115
28.083083 107.293069 119.406123
29.008991 83.373572 100.209666
29.519840 87.740322 94.859790
29.438958 88.854705 93.208672
29.382491 89.911242 91.854571
29.404808 102.373119 96.559553
28.071467 106.400758 128.318393
29.051879 105.395860 112.126857
29.253224 101.376704 92.185124
29.509982 99.345942 90.718404
29.603593 96.825862 90.363884
28.636586 71.611108 116.672117
28.653041 78.062415 103.777234
28.530167 104.006830 99.067739
28.346239 73.952663 110.523960
29.509060 82.069512 101.573670
28.043319 106.862045 114.843500
28.635676 103.414472 94.376639
28.029776 79.908916 100.816395
27.783445 106.658488 109.243595
28.351829 105.225941 105.662213
27.895648 71.335103 113.960403
27.366845 73.845767 106.926827
26.871097 108.662530 123.564552
28.062034 102.427179 89.098488
28.072225 83.769653 95.417803
28.006456 84.954909 94.021215
27.763059 83.123377 96.463371
28.076289 85.992358 92.561397
27.745792 81.591295 99.360978
27.561651 82.220596 98.121999
27.571154 105.621413 102.421155
27.423223 105.139355 97.056567
26.358460 109.010258 119.036064
27.933360 70.455506 115.164682
27.787267 104.189730 92.785216
27.111109 71.662525 110.720692
26.611975 74.734244 103.832847
27.183144 107.845469 112.204674
26.153558 108.986878 128.174840
26.011090 77.263332 100.499087
25.679692 107.081765 99.090585
25.939173 108.375198 107.896247
25.514974 71.598373 106.813580
26.650101 70.497057 110.830551
25.015320 110.421458 123.526854
25.592525 81.251552 95.245643
25.732866 82.377195 93.878336
25.601366 80.624305 96.095589
25.579792 79.035038 98.879184
25.791703 83.439738 92.519729
26.008564 106.231501 94.931277
26.368357 105.509907 91.881028
26.350940 104.740289 88.993188
24.985172 109.894554 110.777049
25.421302 79.888987 97.865559
25.422433 110.086226 119.042620
24.085173 72.051636 103.626560
24.157992 111.139988 114.840399
24.836160 70.324283 106.998432
24.589650 110.768040 127.508124
23.627090 75.642757 100.367954
23.840240 111.730905 119.080423
24.314030 107.162052 91.287026
23.978310 107.507735 93.601592
24.649850 106.817368 88.972255
24.226357 109.619310 104.236950
23.525646 108.812237 97.472367
23.290589 78.431248 98.050461
23.848564 111.141796 109.964083
23.415431 79.827394 95.089724
23.366772 81.203721 93.966575
23.417107 82.203175 92.494948
23.318873 79.255228 96.081794
23.241713 78.928479 97.029089
24.081074 111.151456 128.236443
23.446454 70.306933 105.920439
23.639173 111.950007 123.307409
23.006383 110.328726 101.487981
21.650571 114.699111 118.579925
22.370622 108.357138 90.962557
22.077390 108.496866 92.891577
22.663956 108.217409 89.033645
22.338460 113.016555 109.648223
22.805261 111.134450 103.658199
21.418614 72.484664 102.732698
21.622045 70.399913 105.280501
21.138264 75.581001 99.937229
22.789857 113.040129 127.532528
21.470115 110.018384 96.725790
21.790845 114.578193 122.923294
22.091256 113.890060 114.238092
20.976941 78.396063 97.811667
21.095928 111.637983 100.044185
21.100357 79.501181 95.710202
21.153589 80.723047 94.197911
21.729903 114.362168 127.604763
20.700726 113.474333 105.232590
20.741326 114.653649 110.285080
20.791587 109.170647 92.835580
21.277792 108.659417 89.062263
21.045196 114.949122 114.063277
20.257928 115.941229 127.618052
20.091729 110.536467 96.224504
20.392417 69.357493 105.751426
20.071746 70.793014 104.605597
20.940462 115.559888 122.888763
20.368746 116.079541 118.477664
19.522089 116.887944 122.861012
19.585718 116.108190 113.913496
19.184907 73.221806 102.608892
19.288516 112.359091 99.374031
18.770771 76.403471 99.881956
20.548831 108.806310 89.152728
21.196908 108.831686 87.209511
23.114046 108.356904 85.905646
19.953047 108.896706 87.047166
18.859984 78.070006 98.464914
18.870328 113.796683 102.681705
18.988095 79.082428 97.764163
19.169144 80.691789 95.218932
18.928019 115.811751 109.825303
18.798164 117.342596 118.363907
19.924224 108.875434 89.722530
20.178791 109.519509 92.860887
19.147872 110.796525 95.879763
18.682257 114.966238 106.136035
18.266731 117.535271 127.676365
18.592031 111.039578 95.527107
17.635712 71.963516 104.153844
17.903026 117.104251 113.675700
18.763290 108.780715 86.915792
17.556496 118.197976 122.940279
17.767521 112.683185 98.786919
16.863401 74.391922 102.733163
18.815693 109.095811 89.564856
18.756429 110.002222 92.615499
17.908143 108.676732 86.699107
17.081411 116.529844 109.334464
16.772664 118.371650 118.260130
17.115414 114.199801 101.902803
16.472353 112.970217 98.552805
16.960093 80.225468 97.414169
16.779388 78.999729 98.515735
16.662434 115.470354 105.430160
15.883826 117.823295 113.509880
17.468291 109.865145 91.761805
16.784947 112.094093 96.605994
17.477319 108.903419 88.973855
16.870691 108.265745 86.468484
16.036822 118.672325 127.559619
14.536312 72.540980 105.136103
15.264984 119.036011 122.821496
14.403465 73.839549 104.355262
15.033504 116.888895 108.995583
16.089060 114.234825 101.723842
13.932975 75.879527 103.037514
14.406947 118.873679 118.095294
16.256188 111.009694 94.604857
16.228674 109.565046 91.699022
16.186308 108.448790 88.994231
15.711241 107.373704 86.377298
15.423322 84.875440 93.534890
15.185527 81.990488 96.818256
14.221918 79.744813 99.289017
14.470909 115.337429 104.736202
15.253505 110.296054 94.294024
13.550315 117.994307 113.350999
14.046840 113.583899 100.902800
13.795552 119.170585 127.395388
15.609899 112.519257 98.119157
14.984347 108.456299 90.955597
14.877600 107.312379 88.618924
13.840897 111.739308 97.446589
13.340686 119.184051 122.521582
12.721092 116.644906 108.716635
13.506059 109.412670 94.151227
13.508188 107.707879 92.200694
13.707514 106.972412 90.868903
12.389752 118.756683 117.910357
11.429589 81.742525 99.830017
12.507145 84.297155 96.632045
12.161300 114.534420 104.436169
10.977563 74.701474 105.674588
10.952126 75.838524 104.991715
11.766633 112.121871 100.500669
11.614727 117.641302 113.217022
10.649045 77.760994 103.704950
10.912973 79.600611 102.020130
12.361337 119.291064 122.428632
11.467783 109.272266 96.849715
12.348220 105.066435 90.768906
13.340426 104.975336 88.136838
11.885722 119.820380 127.361951
11.791957 106.384682 93.055916
10.908612 116.032882 108.613622
11.029481 119.605053 122.515743
11.369008 118.732677 117.936399
10.436228 113.565371 104.389104
11.037589 102.883087 90.709916
11.848246 103.634004 89.961787
12.879508 103.538293 87.947237
10.644186 117.454279 113.239041
8.002170 84.280781 100.759865
10.161547 87.064484 96.458086
9.772197 118.738667 117.913464
9.999559 120.135379 127.394076
10.101165 110.734814 100.433537
9.752514 119.736053 122.518813
11.081512 102.288970 89.732820
11.689561 102.606248 87.920358
9.438224 107.719889 97.677199
9.986908 115.721847 108.740621
9.991679 102.952623 92.322270
9.187655 117.298225 113.516093
8.789439 113.106223 105.205871
8.545048 99.477099 92.087030
9.182145 99.542709 90.662442
9.960968 99.580487 89.441764
8.597094 115.446739 109.332669
9.103956 110.319669 100.953464
9.194055 90.864208 94.950798
7.782832 89.983305 97.426839
9.810789 91.463809 93.080474
7.778005 120.187341 127.531184
7.781700 119.671024 122.599892
7.860402 105.998007 97.466523
7.032522 103.411092 96.049027
5.756871 100.764982 95.971903
7.727469 118.697610 118.200559
7.388000 117.172127 114.087175
8.081424 109.542679 100.917475
8.500014 93.331165 93.221397
7.454571 92.948835 95.342887
9.190553 93.901120 91.603580
6.616842 115.666475 111.173862
6.644335 113.441932 107.294374
4.537500 96.293461 96.785148
7.996647 96.732020 92.443977
5.027964 98.756041 96.267856
8.523333 97.244831 91.171068
6.665122 111.673241 104.553002
6.446268 110.464395 103.094774
5.647593 108.010601 100.841352
5.236870 85.837191 102.461275
4.509898 89.253730 101.096735
4.290309 92.323063 99.711525
4.286502 94.447702 97.979948
4.350420 105.727632 99.872143
5.597199 119.424952 122.908961
5.760256 118.441545 118.506619
5.391474 119.915276 127.822259
5.978750 117.046039 114.601239
2.895951 103.284484 100.080765
4.423886 113.079734 108.409463
4.368063 114.084529 110.188687
4.243398 112.219891 107.093288
4.143140 115.614162 113.218048
3.791805 116.857784 116.256376
3.598395 110.371126 104.797952
3.568224 117.995362 119.503694
3.409797 118.873848 123.400994
2.284389 98.231492 99.861858
2.517335 108.177211 103.467623
3.164225 119.301185 128.177284
3.038775 89.386446 102.341875
2.241504 96.102786 99.937457
2.307335 94.203876 100.793521
2.561163 91.861605 102.009234
29.347550 95.145132 89.340408
29.120592 91.033368 89.926557
29.091002 97.343196 88.848210
28.508736 100.128573 88.030542
28.143580 87.229069 90.101561
27.739329 102.295600 87.454123
26.234516 104.652656 87.263246
26.072603 84.677649 90.050784
24.708475 106.834385 87.140402
23.590399 83.560891 90.004523
21.525909 83.627772 90.025723
21.180122 82.260312 92.833368
21.258092 82.779737 92.140705
19.624894 85.080503 89.514591
19.423731 84.609729 90.546972
19.232232 82.775728 92.817219
17.431830 85.773388 90.438720
17.457360 83.690703 93.143443
15.669646 87.096529 90.460583
13.834240 88.804540 90.135092
14.928997 105.717147 84.183035
13.323349 87.062749 92.991193
13.975819 104.539182 85.390420
13.037006 103.327687 84.875180
12.357634 90.881808 89.499223
11.577927 89.429442 92.301571
11.609708 99.928757 86.349407
11.285433 93.133826 88.621652
10.735151 99.620770 88.219882
11.191419 98.183515 86.768597
10.456114 92.086610 91.182648
10.918264 95.484856 87.718559
10.195363 97.514801 88.744529
9.919853 94.507884 89.971063
9.353468 97.352009 89.958996
28.851725 97.916541 87.331833
29.074859 95.700505 87.580419
29.111888 92.002239 87.622692
28.609775 99.408939 84.277523
28.983424 96.792175 84.630146
29.082541 93.371862 84.398648
28.315473 88.388787 87.553206
28.315225 101.003238 81.288336
28.844070 98.232409 81.371920
29.177486 94.839522 80.890200
27.734590 102.152951 83.633926
28.532679 100.132742 77.485330
29.052609 96.765545 77.119813
27.967663 102.562766 78.048729
27.386354 103.550389 80.950123
28.439622 89.950048 84.110271
27.952410 102.360272 74.414538
28.370531 100.907241 74.240805
27.285755 104.397402 74.120647
28.474373 98.760201 72.445012
28.549163 91.518529 80.490831
28.284782 93.480745 76.781463
26.762991 104.788861 77.995896
27.785963 95.650560 72.462397
27.965106 100.806923 69.374092
27.719226 102.594863 70.353100
26.871271 104.380959 70.215384
26.772025 104.125058 83.402633
26.366768 105.234907 70.787658
26.121006 106.268424 74.507775
27.352709 99.884029 67.863459
26.678518 97.688459 68.103045
27.066336 104.167436 66.785094
27.217726 102.581461 66.142133
26.538776 105.495106 67.312475
25.824555 105.517523 80.575049
26.378097 85.869484 87.378818
26.124157 106.075924 70.947188
25.214003 107.722998 70.862665
25.588636 106.242225 82.859367
25.479071 106.559464 67.297031
26.742253 87.416563 83.836767
25.263005 106.642969 77.770010
26.935495 88.992859 80.146827
26.820117 90.887784 76.373430
25.242256 107.453497 67.310367
26.467205 93.320798 72.087203
25.654432 106.792963 63.840799
26.167548 105.684970 63.513304
26.458449 104.190973 63.016757
26.300947 100.744541 64.979458
25.354291 100.150729 63.903702
24.544310 108.942574 67.190800
24.884698 107.240971 63.925502
25.778770 96.002445 67.654420
26.101888 102.990416 62.175777
24.624473 107.124637 80.174013
24.323072 108.838460 71.874321
24.569183 107.755983 63.981790
24.385569 108.579020 63.961914
24.868147 107.330209 60.822706
25.576587 105.581415 60.315674
23.875137 109.727074 63.931297
24.677642 98.888305 63.877514
24.395157 107.845340 82.476131
24.375557 108.340593 61.164881
25.389774 104.244398 60.021979
24.017125 108.070070 77.412448
24.669931 108.754521 58.832214
24.780166 107.865756 58.623161
24.767857 106.515746 58.229149
24.077138 109.445431 61.315934
23.427244 110.594658 67.068283
24.650595 87.520414 79.923597
24.444153 86.063309 83.660463
24.041993 84.625546 87.176933
24.603018 89.407038 76.093903
24.974689 109.004042 55.809436
24.786194 107.273315 56.010324
23.631807 108.531746 79.840540
24.505458 104.904669 58.263332
24.442210 92.015280 71.736187
24.694420 110.228819 56.122846
23.614773 110.327132 61.333983
24.910534 103.495398 59.979621
24.904061 110.853617 54.585966
25.323257 109.568046 53.318726
25.220283 107.830806 53.604399
24.069960 105.331945 56.456733
24.093067 95.159208 66.871041
24.001942 110.274691 59.446271
24.228102 105.880177 55.033841
24.424447 105.990951 53.238702
23.113909 109.532718 74.231181
23.091893 110.833121 63.871588
23.515192 101.635394 59.841056
24.001959 112.476426 55.274904
23.968030 97.552909 64.124365
23.811823 111.887596 56.536534
22.803172 109.021408 82.307954
24.177150 103.897624 58.274605
23.106164 109.245163 77.102543
22.799004 110.727869 70.376359
23.047825 104.523860 54.890517
22.190797 109.963670 78.232220
22.855807 114.488467 55.562652
22.992011 104.032916 56.234183
23.182760 100.641455 60.349832
22.634766 113.956225 57.103055
23.143903 111.369100 59.345522
22.545899 111.441689 67.071935
22.299660 112.693031 59.592848
22.129274 111.955110 63.623910
22.076684 87.089473 79.953148
21.987508 88.945993 76.157847
21.989047 85.720677 83.681225
21.799094 84.715927 87.184838
21.894309 91.547012 71.942643
22.739380 102.453603 57.907943
22.149943 112.307675 61.419948
21.708880 94.623720 67.212581
23.262307 96.994760 64.226020
22.631245 99.895073 60.774453
21.939957 96.601912 64.390722
21.662241 111.652208 72.478308
21.240435 109.068944 85.477067
21.244499 109.710424 82.355019
21.713356 103.606029 54.655287
21.543269 103.259152 55.865373
21.990073 112.238708 67.131875
21.636017 99.888821 60.327087
21.656451 116.561521 55.808108
21.731019 116.283297 57.301031
21.038785 110.457569 79.227082
21.757879 115.772085 58.613115
21.636340 114.796843 60.008443
21.411440 113.249754 67.112145
20.767324 112.795994 70.956493
21.141692 114.224235 64.024360
20.839322 96.505763 64.653767
20.493970 99.245222 61.026873
21.251627 117.595670 58.623422
21.254283 118.036381 57.215097
20.979112 118.207586 55.808172
20.305837 102.902798 55.908578
21.042985 115.406611 61.795835
20.360587 103.165667 54.725753
19.495625 89.353252 76.420687
19.278665 96.326447 65.661359
20.428756 115.113940 64.079993
19.488180 87.399126 80.265518
19.460750 86.076416 84.084194
19.982918 85.482220 87.423438
20.417906 118.656246 58.655390
20.521939 119.139437 57.108282
20.293869 119.286643 55.726451
19.446322 109.299062 84.655439
19.668903 109.969720 81.967417
18.473174 108.969060 84.517830
20.281142 116.639661 61.758342
19.118014 99.250539 61.397660
19.836510 112.814797 71.694093
19.696354 114.321800 67.033868
19.518711 115.454283 64.020408
19.084834 119.049234 58.462890
19.043773 119.457439 57.132291
19.037112 119.593651 55.698748
19.203162 117.973565 60.382887
18.999195 102.980443 55.876695
19.033568 103.210397 54.902192
17.695341 108.663560 84.568420
17.399518 92.688207 72.859938
17.404235 90.081182 77.065248
17.693305 98.182381 64.023382
18.405907 110.548979 78.586049
18.693015 111.840712 73.862159
18.750265 112.881251 70.424851
17.305695 88.343295 80.664559
18.704907 114.079799 66.943075
17.925962 86.886291 83.733765
18.559968 115.307274 63.964323
18.584882 109.581400 82.330316
18.643078 86.293204 85.618728
18.136760 117.879404 60.083646
18.289120 86.934721 87.088306
17.496035 108.935381 82.236264
17.825791 102.171753 57.679072
17.965448 86.863170 88.079953
17.930887 118.534202 58.480166
17.803462 118.910610 55.727703
17.735819 118.802405 57.113453
17.776869 103.393904 55.883097
17.744895 103.626541 55.028384
16.918651 87.537612 84.905111
16.998609 108.301034 84.422090
17.784027 111.916206 70.364449
17.650076 110.858658 73.876765
17.790963 113.246787 66.722678
17.688226 114.624263 63.805354
17.343998 110.021181 76.955392
16.190803 97.722384 66.521239
15.568337 92.995336 74.734539
17.316327 109.283726 79.915418
15.901379 91.004066 77.433555
17.202489 116.802723 60.014018
16.747730 108.333810 82.185678
16.307216 88.496375 82.183794
16.010812 89.469301 80.209257
16.564648 101.349420 60.564268
17.091999 117.687835 55.990453
17.045763 117.262117 58.612229
16.947602 117.475308 57.327505
16.533743 103.958933 56.244440
16.223880 107.675003 84.417234
15.922935 88.327974 87.755527
17.411932 110.611096 70.708798
17.504164 112.000711 66.840421
17.248407 113.369234 63.620885
17.181383 109.537857 74.299932
16.477075 104.373035 55.173760
16.149786 104.317208 53.615366
16.788996 113.970553 61.529898
16.409488 107.789341 82.085543
14.340911 94.953708 74.177999
15.036850 98.871790 67.043357
16.591375 108.130245 80.059081
17.414748 111.311741 66.449311
17.319543 112.414785 63.615878
17.229348 109.528901 70.340281
16.549912 115.012819 59.982488
16.667758 115.740371 56.331227
17.011591 108.490632 73.694523
14.992745 91.800058 77.675821
13.923397 93.179079 77.894770
17.141538 110.610718 66.348113
15.248867 89.137842 83.541130
15.519022 102.529737 60.743489
16.209972 111.825495 61.273604
14.950177 90.362471 80.617650
16.571431 107.640916 76.511454
16.455654 115.435015 58.769899
16.399209 108.087972 70.793384
16.520040 109.443586 66.883298
16.032147 107.021418 74.311401
16.473189 110.676113 63.595031
16.215300 114.196145 57.581085
16.031777 107.230308 82.142076
13.827357 91.472088 81.509192
15.484557 106.009939 77.313609
15.650660 104.187625 57.969890
15.484550 106.747966 84.343132
15.959833 114.216317 56.243335
15.781211 113.266941 58.698832
16.178171 106.859314 79.140305
14.519734 102.052355 64.316586
13.965480 98.487974 71.178532
15.429382 105.636120 55.304396
13.467819 96.663184 74.699749
14.966147 105.293544 79.865347
16.260667 107.011399 67.439986
16.040533 107.716837 64.586568
15.876473 109.321379 61.259958
15.683440 103.927974 71.625842
14.750441 104.004206 60.816128
15.155257 102.705975 75.060062
15.653561 106.425284 82.037877
15.014077 105.311017 83.221261
13.081947 95.097663 77.883284
15.408293 111.437995 58.206405
15.116242 105.538628 58.324224
15.458015 112.403260 56.034489
15.342589 110.269801 57.011683
13.658366 90.882981 84.175629
14.270132 90.116697 87.356138
14.181612 104.357174 82.092944
15.960178 105.719290 67.788034
13.973388 100.363493 71.644022
14.132127 102.220100 67.950713
14.399376 104.016696 64.381503
14.668810 102.399322 77.750846
14.926857 104.055160 68.123549
15.090539 102.015532 71.939619
15.069999 105.849757 64.493145
14.660841 105.636222 61.177880
12.775571 93.709866 80.923928
15.458766 107.260299 61.184281
15.301960 108.601666 59.039285
13.485922 98.660420 75.069046
15.279805 110.255223 55.654370
15.036245 107.011637 58.711051
15.021866 106.407891 56.775883
14.562376 100.362950 75.476267
14.126185 102.554635 80.220574
12.600290 92.728610 83.777926
14.984868 107.047291 55.395662
12.964935 97.214728 78.047997
15.029580 108.649229 55.079228
15.119938 108.315040 56.314529
14.892674 107.871871 57.339321
12.862834 91.959348 86.792937
13.907877 99.118478 78.344842
13.647242 100.448248 80.370134
12.454634 95.997392 80.733365
12.461588 97.170282 83.068886
11.986530 94.906264 83.327940
12.277581 98.961166 83.786321
12.350251 100.780682 84.373610
11.681734 93.936443 85.970731
11.691896 96.271325 85.425439
25.129720 110.569694 52.874976
24.885132 110.212942 51.002153
24.956348 109.051881 51.100289
24.944568 107.129763 51.305526
24.257861 105.308643 51.549805
24.870604 111.426730 52.892310
24.430889 110.851043 50.631710
24.355523 109.750223 48.882916
24.617042 108.929179 48.950492
24.882081 106.607046 49.191061
24.102975 112.550733 53.192416
23.729512 111.807590 51.025631
24.355582 104.658918 49.473715
23.977037 108.968419 47.053498
24.691189 105.770304 47.131456
24.287195 103.907175 47.388119
23.073622 104.360850 52.925681
22.914328 114.503749 53.596264
22.729532 113.616022 51.390149
23.428981 109.464695 46.658643
23.119146 103.200810 49.725771
23.740763 107.170614 45.311418
23.410097 104.534883 44.291640
23.119225 102.891765 44.398183
22.381636 112.675275 49.350937
22.438369 109.945250 45.780059
23.031061 102.670071 47.686306
22.345520 101.882085 44.675057
22.966113 108.026283 44.294705
23.051503 106.883449 43.760918
21.870685 111.986269 46.787950
22.903908 103.019129 41.172989
22.818439 102.294776 42.630039
22.844556 104.792827 41.604596
22.108073 101.212355 42.844066
22.659193 100.169680 38.625369
21.639459 103.379461 52.953587
21.592494 102.394731 49.955829
22.455146 106.441342 41.607152
21.497715 101.828911 47.377998
21.409865 116.352772 53.982308
21.251409 114.808710 50.732089
21.686140 110.682361 44.710764
22.573568 101.712951 35.435060
21.870399 107.342528 41.634861
22.065233 104.309740 36.467588
21.240177 101.266377 45.025564
21.701549 97.632684 35.827445
22.608775 99.219814 33.728218
22.336498 97.018424 32.637996
21.598726 106.293397 39.465623
21.844585 102.433164 32.910573
21.327896 105.189774 36.497344
21.160805 100.699596 43.307512
22.345888 96.789350 28.623239
22.214910 97.804200 26.776466
21.053643 103.348206 32.874233
20.999308 99.447179 40.977739
21.645209 100.793692 28.696559
21.222751 94.351013 28.336470
22.073769 95.278631 28.832560
21.726576 99.201022 25.192075
20.761497 97.847221 37.465783
21.092450 111.804451 44.892858
21.244995 107.162651 39.251287
20.885762 101.648755 28.509806
19.956304 118.737925 53.699469
20.953895 100.278301 24.250119
20.222060 102.799309 52.962380
20.195303 102.713490 51.676012
20.148337 102.159693 50.073664
19.937535 100.942454 45.255786
20.150916 93.980776 28.693685
20.496089 115.466888 49.741878
20.445515 105.249871 32.679892
20.831665 109.594224 41.682026
19.943150 100.145811 43.543044
20.538273 114.135572 47.634050
20.611234 107.440487 37.504049
20.605431 102.826837 28.250575
20.420607 111.968511 44.341879
20.240326 109.582708 40.704350
20.588844 101.413439 23.632969
19.503519 96.497156 35.208026
20.067207 107.134920 36.020454
19.129126 93.731548 28.718157
19.930506 117.941110 52.018713
19.868011 105.377024 31.406930
20.280501 103.802917 28.010317
19.860414 116.249372 49.648668
19.821840 114.567583 47.657843
19.811832 112.297705 44.517432
19.071345 119.205874 54.022619
20.241905 102.326534 23.199196
18.860200 102.846293 53.002546
19.731371 109.460374 40.304350
18.757042 102.721471 51.715375
18.650074 102.144676 50.127027
19.793799 102.632491 23.575676
18.817089 100.969962 45.667556
19.568776 106.682273 35.069407
19.096966 118.295118 52.007998
18.812357 99.999240 42.878903
19.064381 116.535372 49.721545
19.099909 114.631571 47.739785
18.707965 97.354415 36.740476
19.233670 112.052261 44.410448
19.239509 109.426443 40.564414
18.243428 94.076554 29.179680
19.399508 102.840595 24.494006
19.072110 107.024026 36.422659
19.741935 100.617993 19.435806
20.213255 100.230992 19.339926
19.262134 100.716919 19.956564
19.079366 105.695613 33.542855
18.717605 101.908125 23.950010
18.785051 100.684795 20.808716
18.405991 114.249519 47.927069
18.260055 116.094319 49.909826
18.212738 117.768061 52.203666
18.120013 118.636819 54.185782
18.667508 111.649600 44.557813
18.496713 109.846232 42.389380
17.742759 97.217048 35.695659
18.082779 99.497962 40.955568
18.007169 100.397563 43.343706
17.692919 101.121421 45.285177
17.508040 103.322290 53.104475
17.055927 101.872916 48.267971
17.212177 102.964459 51.831179
17.094506 102.327667 50.168021
17.462259 95.127718 30.685473
18.171012 106.849701 38.253041
17.908798 112.649120 47.121952
17.828832 104.173286 34.106108
18.026928 102.239290 28.696798
17.585843 115.069231 50.167920
17.541327 116.684972 52.455451
17.547887 98.601365 20.019030
17.540516 107.392084 41.219115
17.691836 102.123117 30.187234
17.597060 110.726013 45.844653
17.257029 100.053910 40.758571
17.064909 98.225828 36.731666
16.986306 101.608257 44.897095
16.344821 102.246171 46.570779
17.029539 113.642123 50.439751
15.776865 102.593938 48.280432
17.040191 102.474945 34.077902
17.137622 99.504928 26.224632
16.931020 115.070869 52.659457
17.192623 109.756480 45.931964
16.713857 95.527223 30.026437
16.630710 111.836949 49.851343
16.823995 115.799615 54.685953
15.664840 103.144686 50.230999
16.984591 105.421247 40.124674
15.909721 103.739454 51.999752
16.673865 107.667233 44.765670
16.730267 109.138167 47.087712
16.824360 100.469441 30.150682
16.710505 104.370781 39.824733
16.693977 100.754774 40.106792
16.562079 101.811677 42.920148
16.195990 113.604827 52.500072
16.242157 102.679564 45.013224
16.701350 97.714112 24.304004
16.509435 98.456953 34.313892
15.880755 114.377568 54.497385
16.461740 105.349865 42.656246
15.664806 111.363368 51.644054
16.554764 100.420287 32.619496
16.481922 102.673420 38.943522
14.898724 103.750968 48.369338
16.394084 96.249936 28.829065
16.357483 96.975371 25.836086
15.838263 106.420682 46.799515
15.064945 106.858094 48.847395
16.288183 103.212839 42.961039
16.440026 101.922133 40.135127
16.437417 99.547623 34.147943
16.328627 97.325470 28.069180
14.785898 104.406711 50.354025
16.038119 103.757500 44.735928
15.976210 105.063551 44.777520
15.368964 104.480260 46.607041
14.908666 105.417096 53.286769
15.277900 109.276886 50.678211
15.343334 112.679523 54.282754
14.752015 105.247009 48.556967
14.887379 110.625967 54.136165
14.769487 107.628813 50.640096
14.535083 106.012759 50.522370
14.448356 106.625510 52.448045
14.458357 108.822405 54.011592
14.266202 107.122341 53.793383
23.070881 90.730175 16.531845
23.229466 91.646270 17.717255
23.323360 92.183088 14.957652
23.255944 91.141206 14.500386
22.832139 91.633809 12.528188
22.775133 90.699496 12.301846
23.054181 93.092792 15.881435
22.564929 92.750115 12.777469
22.733419 91.298997 19.603214
22.955986 90.133874 14.233692
22.402612 89.662100 12.262921
22.666420 89.637850 17.740734
22.478485 94.018008 16.733428
22.636509 92.860588 19.336471
22.070132 94.027767 13.503304
22.236573 92.885220 21.705617
22.704847 89.314031 16.175107
22.037072 91.023882 10.656670
21.787622 92.352154 10.938464
21.415655 89.340077 10.412782
22.436351 89.099921 17.480272
22.182198 88.950481 13.646408
22.326625 93.847205 20.167263
22.099897 94.971836 17.538517
21.948553 89.887215 20.415802
21.922204 90.991021 21.659245
21.298005 93.658662 11.283786
21.704543 92.562698 23.377256
22.047120 88.870301 18.601284
21.671755 95.116046 14.679629
22.145855 94.028089 23.273819
22.156057 95.142173 21.791050
21.915766 96.116594 19.551877
21.821824 93.465215 24.901074
21.846569 97.446763 22.259589
21.027547 95.448714 12.859023
21.046218 96.665316 17.594741
21.267739 88.720133 11.356286
20.919396 91.097352 9.194767
20.731906 92.301773 9.352850
20.456508 89.782439 9.157084
20.896485 89.606017 21.999133
20.861176 92.480155 25.016100
20.859990 88.284677 19.752880
20.392719 93.515606 10.164056
20.699356 97.193838 16.009025
20.320502 95.817467 12.557892
20.408447 89.029421 10.128711
20.238316 97.714012 15.660803
19.739325 92.172949 25.680667
20.612896 99.456596 19.790720
20.178108 91.186734 8.525555
19.969956 92.382731 8.638633
19.727349 90.094000 8.531960
19.698573 93.492357 9.824096
19.627693 90.593287 24.089084
19.511670 89.274208 22.840013
19.466632 87.930546 20.418192
18.954873 90.016437 8.654275
19.676872 95.970677 12.547641
19.706392 97.998210 15.693968
19.301072 89.328408 9.534765
18.844965 92.184814 26.008188
19.623839 93.035351 9.021308
19.811106 90.671104 7.634443
19.631521 91.642367 7.582636
19.154785 98.115960 16.100026
19.020257 95.956415 12.909182
18.890041 93.481443 9.862030
18.921840 92.777332 8.863348
18.926355 90.542940 7.706686
19.475847 90.246578 7.775012
18.903771 91.667819 7.667401
18.417975 90.539683 24.232401
18.130034 89.411354 22.820477
18.587691 98.326048 16.897816
18.243706 89.946721 8.740634
18.156429 89.097869 9.694768
18.057040 88.468648 21.260835
18.355062 96.021501 13.702054
18.143186 88.025798 20.340715
17.980208 92.437527 26.121676
18.203324 93.468587 10.208142
18.349960 91.227901 8.564081
18.023776 92.177591 9.077296
18.026923 98.548463 18.257730
17.749241 91.161078 8.924115
17.593504 96.314448 15.559711
17.318372 90.573087 23.745404
17.171810 93.793713 27.570800
17.207822 93.503935 11.228835
16.944593 92.729916 25.469795
17.196991 89.387548 9.854537
16.887222 90.300912 9.944867
17.073323 88.777213 10.616338
16.863287 91.967171 10.512299
16.706302 89.817097 22.105424
16.704686 88.216618 19.520767
16.630899 88.642608 20.219081
16.479403 90.896133 23.149579
16.344500 93.286310 24.613589
16.771901 95.805418 16.629844
16.311776 93.892931 13.477227
15.858490 89.261548 11.204585
15.488073 90.293320 11.427599
16.081420 88.609566 11.575199
15.674510 92.226712 12.322866
16.552490 96.263155 21.004088
16.339797 95.191170 18.323132
15.408389 91.334628 11.945832
15.948855 92.712962 22.650480
16.229797 91.916611 23.395237
15.741202 94.079317 17.088138
15.723489 88.603299 18.307909
16.124567 93.951664 23.676173
15.430480 90.249727 20.436183
15.569210 91.120920 21.720227
16.249435 95.234031 22.239209
15.467005 89.523925 19.102187
15.434480 88.947193 18.459778
14.956208 93.097992 15.526062
15.327551 88.689942 13.113810
15.893724 93.320069 21.304347
14.851175 91.639492 20.127875
14.821049 90.023828 13.281843
15.145691 88.580138 16.606957
14.803778 89.291243 16.761578
14.803696 89.012704 15.057236
14.521348 91.966898 14.404068
14.559235 91.048532 13.909515
14.647721 92.081336 18.361654
14.518702 91.017793 18.867580
14.645688 90.247503 17.319347
14.294692 90.913706 15.824335
14.247858 91.621377 17.226055
23.398873 80.863741 11.055660
22.764180 82.372318 11.747405
22.423086 83.076479 9.825613
23.243789 81.663513 9.384008
24.505133 80.254538 8.860639
24.682490 79.215048 9.882948
23.341609 80.466504 11.925445
24.634725 77.994193 10.564477
23.090874 79.117317 13.505932
22.523856 81.329140 14.000293
24.217849 76.878526 11.356570
14.620619 79.935464 10.370927
15.166500 81.433933 10.948785
14.496778 81.217336 8.703253
15.210428 82.632814 9.358284
13.791939 78.198159 10.061985
13.547701 80.000322 8.199321
15.046343 79.000314 11.697175
14.314188 76.667737 10.812634
15.754428 80.487753 12.479215
22.500478 77.861705 14.459671
22.084801 80.391795 15.384240
23.685162 75.786075 12.102470
21.429656 77.127863 15.254413
21.136802 79.714230 16.295122
22.980853 74.911673 12.480691
22.208640 74.178586 12.864336
19.800354 79.343573 16.529737
19.982863 76.676707 15.474262
20.608637 73.595707 13.256837
15.571805 78.211770 12.502576
14.961045 76.043429 11.361342
17.185456 77.025498 14.079966
16.198763 77.631462 13.104793
16.244033 80.009619 13.745252
16.897255 79.091194 14.764246
15.919181 74.813243 11.872340
18.393749 76.624354 15.067543
18.335772 78.863016 16.023707
17.420322 73.887571 12.654887
18.426988 73.612598 13.115126
19.411436 73.479086 13.209869
16.365283 73.129460 10.353221
17.591074 72.677035 10.654092
16.835934 72.678896 9.817396
19.416108 72.269612 10.277530
15.216270 74.070137 9.973855
15.348132 73.690261 9.445369
13.307311 77.817851 8.512685
14.102652 75.183694 9.090368
13.108946 79.500971 7.914471
13.526615 82.414754 5.181439
14.202119 82.849459 5.523698
14.689836 84.361926 3.287755
15.306419 84.021662 4.552066
16.500211 84.142674 4.630418
16.127399 84.409174 3.159856
17.647535 83.824678 3.483822
19.116613 83.819942 3.480621
19.312500 84.027871 4.639161
20.734825 84.448343 3.439154
20.756565 84.289083 4.702820
22.409811 84.353655 3.909526
22.045037 84.102739 5.046295
24.051462 82.371530 5.998714
23.277754 82.808404 6.317653
25.263536 79.549838 8.108247
24.696557 81.203424 7.161822
23.941646 81.518674 7.578447
25.336472 76.726936 8.599947
25.436047 78.092370 8.373541
24.208453 74.505389 9.125573
24.834822 75.579346 8.912378
23.293162 73.817110 9.827674
22.551923 73.075561 9.690898
20.939653 72.582821 10.611724
21.105708 72.494393 9.862692
15.150919 82.701669 6.864446
15.877218 83.517806 6.211643
16.714745 83.877251 6.023290
17.746788 83.963369 5.957417
19.505062 83.988687 5.920284
20.629222 83.859758 6.137578
21.566183 83.560697 6.546034
22.366566 82.781423 7.570864
22.219569 82.836780 14.864960
22.440811 83.145914 13.322126
22.314033 83.634702 12.159558
22.364046 85.258330 14.575687
22.178175 85.558344 13.516021
22.087195 85.274825 16.018265
22.045394 84.002075 11.072165
21.893336 85.592332 12.508263
21.756605 82.619376 16.190408
21.651087 86.593081 17.710113
21.488723 84.337329 10.054293
21.342668 85.561084 11.443934
20.861054 84.148292 7.964423
20.845900 82.546549 17.016273
20.711120 85.108719 18.027689
20.537133 84.912693 9.005969
20.387280 85.860330 10.430673
19.584558 82.074892 17.237967
19.437975 84.745861 18.257499
19.397202 84.552441 7.668608
19.219803 86.116013 9.881565
17.997784 84.950488 8.217218
18.240485 81.503216 16.822725
18.169608 84.350288 17.891581
18.031949 85.938115 9.797996
16.910959 84.733819 8.649301
16.900122 84.327965 7.513053
16.968521 85.537733 10.202362
16.942780 81.137157 15.638274
16.834683 86.763698 18.438509
16.078762 84.173260 9.529805
15.763497 83.508220 8.195904
16.181323 85.157498 10.967574
16.232342 83.857738 15.917006
15.674095 83.459871 10.593737
15.815556 84.702816 12.091674
15.986632 81.856356 13.315726
16.080992 83.954886 14.897880
15.668396 84.162169 13.340285
15.598953 82.560145 11.905570
22.498728 87.725103 15.776063
21.865857 87.716513 13.341705
21.206776 87.594079 12.082459
20.661641 87.180981 18.903825
20.365586 87.829450 10.910577
19.399606 87.012006 19.325772
19.274508 88.039151 10.232423
18.095064 87.915112 10.404763
18.142042 86.916520 19.152704
16.981939 87.503224 10.875571
16.168940 87.103577 11.698785
16.040771 86.826973 17.271696
15.566264 87.051096 12.924557
15.793638 86.779109 16.161208
15.295711 86.779492 14.257089
21.650347 72.840027 9.093766
19.648581 72.373862 9.287154
23.783618 74.246104 8.703005
25.177124 76.726137 8.097692
24.693549 75.646740 8.363298
25.035082 79.392579 7.636608
25.256567 78.037557 7.893432
23.710172 82.449018 5.713893
24.438518 81.239188 6.907302
22.059426 84.229691 3.712524
20.415601 84.095776 3.299992
18.989276 83.474147 3.367106
17.645152 83.460789 3.404015
16.141488 84.015850 2.868094
14.965799 84.171286 3.163518
13.688758 81.910587 5.418635
13.292003 79.380997 7.628161
13.634477 77.213910 8.168579
14.298924 75.187676 8.564585
14.970671 74.140550 8.486118
16.092480 73.255905 9.019257
17.580965 72.581609 9.215015
16.192726 71.743482 6.860420
17.165737 71.592255 7.268059
18.198408 71.427968 7.345140
15.156711 71.980059 6.162584
12.736238 74.678438 4.857717
12.402597 76.132947 4.687702
13.477752 82.152364 4.562126
12.980986 80.761940 5.688849
17.454271 83.293209 3.078632
23.942730 82.513980 5.011706
25.495366 79.091787 6.091859
24.832810 81.063520 5.765084
24.617362 73.398243 6.116753
22.531415 71.590188 6.072040
23.646986 72.206073 5.816551
20.210698 71.236060 6.930934
21.405192 71.305464 6.478483
19.199532 71.270778 7.186087
24.988286 81.109097 1.462948
22.772089 83.565600 1.549697
22.994526 83.649770 1.943901
21.490368 83.757884 2.348982
18.519196 83.096668 2.749226
15.030300 83.484678 2.366879
15.347261 83.057285 2.487803
14.210926 83.191037 2.038944
13.643493 82.918975 1.967970
12.523648 80.674070 2.079946
11.890125 76.457580 1.860025
12.115760 78.619398 1.955818
12.232314 72.342562 1.539772
11.971314 74.348532 1.691508
13.538635 69.689794 1.192556
12.740621 70.953250 1.346032
15.541995 68.268330 1.273842
14.513052 68.950136 1.406068
14.750062 68.596367 0.836094
17.110821 67.562432 1.104352
17.124336 67.428128 0.553265
19.650769 67.148812 0.397631
19.653496 67.277692 0.942800
22.222536 67.739946 0.849212
22.183259 67.598800 0.291827
25.367402 69.906719 0.903182
24.323162 68.920079 0.863799
25.019402 69.306726 0.341602
26.654366 72.618296 0.636578
26.162192 71.009691 0.554545
26.582018 76.970975 1.108653
26.809684 74.842100 0.881357
25.894066 79.076717 1.256812
24.599301 80.942790 1.028608
24.299790 80.691176 1.021405
22.253585 82.802310 1.280324
22.567939 83.134451 1.171773
21.421915 82.616259 2.155072
18.794984 80.530613 2.022363
15.637906 82.081606 2.474716
14.530746 82.510985 1.670074
14.215814 82.913934 1.652424
13.038757 79.775772 1.598183
12.630376 79.925338 1.634775
12.159991 75.746983 1.348765
12.692771 75.480291 1.446836
12.505323 72.530831 1.032778
13.130893 72.096562 1.064582
13.294073 70.581111 0.776568
14.356663 69.904876 0.639842
14.959821 68.780511 0.472003
17.037793 68.119209 0.261959
17.233098 67.715330 0.214306
19.669432 67.446109 0.045213
20.840998 67.945630 0.024409
22.012207 67.882145 -0.037407
23.580017 69.211797 0.011986
24.770958 69.513472 -0.011745
25.274633 71.017157 0.107204
26.188238 72.199879 0.154474
26.060219 74.202151 0.348391
26.059035 77.418687 0.656567
26.403294 74.890521 0.412199
25.522645 77.910334 0.727244
25.617518 72.349540 0.686471
25.803515 75.910028 1.142002
20.525520 76.400572 1.982641
25.037681 78.619472 1.556720
24.264046 70.054912 0.478587
22.051627 68.589541 0.460900
19.490372 68.066527 0.585785
18.152056 73.795811 1.927713
16.932271 68.415530 0.809051
14.484512 70.046628 1.184262
13.127266 73.502135 1.757240
13.579300 71.561086 1.453985
16.976936 76.428277 2.175730
13.558393 79.749585 2.439793
15.579320 78.787793 2.396455
14.499841 81.671009 2.596417
15.824189 81.314860 2.345933
20.916500 81.141823 1.958063
22.369123 82.140876 2.123758
24.172625 80.422178 1.797306
21.773782 79.300151 2.046832
20.010698 74.216290 1.449288
20.904844 79.232733 1.749493
16.261908 78.819594 2.048527
17.456684 76.457095 1.770090
20.237798 77.001033 1.641425
18.609194 73.565795 1.433143
20.257098 73.893926 1.788463
19.227369 72.366675 1.578965
16.357314 72.935382 1.754020
13.087422 77.346610 2.249689
26.123709 78.159566 3.911673
25.433063 80.094252 3.832885
24.461803 82.074050 3.753346
22.833088 83.723822 2.961705
19.288834 83.236580 2.955555
13.871886 83.274572 2.789822
12.814600 81.686620 3.961682
12.390202 79.659508 4.147608
12.202213 77.644499 4.281954
13.227198 72.857762 4.464576
13.959638 71.875525 4.494835
25.718632 73.302320 4.101855
26.281243 74.621090 4.007675
26.369833 76.344975 3.952306
33.157266 40.340262 118.869995
33.285634 38.957989 123.270315
32.594823 37.122681 128.790140
32.557171 41.462633 114.946514
32.677339 35.423685 118.428696
32.722313 33.997250 122.985592
31.953300 31.624084 128.560308
32.113511 36.544791 114.360104
30.956815 34.890468 134.386329
31.438765 42.350587 111.110559
31.962755 29.964315 118.160310
31.934325 28.306724 122.843365
31.198519 26.034035 128.420008
31.483344 31.280090 113.855854
31.013924 37.654865 110.369082
30.296148 28.705427 134.119135
30.364168 32.152566 109.802404
29.736205 23.412612 133.634464
30.945503 24.148356 118.006982
30.589809 25.772367 113.574874
30.936381 22.809229 122.694086
30.327975 21.162600 127.964777
29.639081 43.241551 107.041750
29.214210 38.568217 106.281575
29.597514 26.775904 109.477069
28.467043 33.046481 139.366524
29.007269 18.767061 132.977247
28.563394 33.319498 105.669781
28.121792 27.747416 139.047332
29.492211 20.603232 113.738106
29.817550 19.525578 117.978825
29.459456 17.089100 122.552624
28.972073 15.505676 127.686389
28.736866 22.181251 109.611968
28.129226 23.119997 137.977914
27.769155 27.518666 105.288064
28.339137 14.783783 132.006465
28.164205 21.752240 137.528723
27.097202 44.453216 102.679311
27.512505 17.759456 137.289155
26.678045 39.570204 102.146779
28.345859 20.296212 109.709262
27.785619 14.237918 114.265728
27.948748 12.838587 118.362191
27.837244 11.155057 122.671792
26.951600 22.064929 105.339011
28.024176 13.180407 131.882541
27.878650 10.967761 127.456734
27.600799 16.598219 136.484354
27.616143 16.917733 110.188842
26.073165 33.960032 101.690127
27.576432 13.102558 134.363752
27.162424 9.003405 131.988369
25.682118 31.229897 143.513828
25.333504 28.473623 101.233390
25.269812 26.887548 143.556823
26.324454 17.689010 105.879781
25.688573 25.726300 142.839855
26.835716 21.006992 140.187328
26.870127 16.083043 138.225981
27.000855 11.895014 135.737261
25.958699 20.236952 141.503751
24.241305 45.326243 99.034186
26.117823 10.912325 138.115269
25.840979 15.072786 140.357978
24.706431 18.656712 143.345670
24.342330 25.048500 144.682656
24.744325 14.453843 142.528030
24.699010 10.033690 141.526349
22.857851 23.316354 146.497553
23.140921 31.175175 146.699662
23.677584 30.195366 146.040123
22.393728 29.784804 147.428530
22.845171 18.651787 146.219868
22.898783 13.860049 145.716168
20.769333 28.311304 149.002463
20.355599 18.112491 149.418035
20.614464 23.470665 149.171784
18.119257 23.236696 151.567959
18.251108 28.525500 151.078697
17.651400 17.858663 152.205238
24.604094 22.864098 101.199416
24.111461 43.810166 98.888918
23.832973 40.064917 98.505970
24.203955 18.862404 101.638380
23.236133 34.341538 98.192138
22.665314 29.096080 97.821996
21.910934 22.928293 97.716986
23.821026 46.041185 98.733145
21.742072 19.851438 97.879655
21.229671 45.667185 96.680849
21.247629 44.219607 96.496895
21.101773 40.249121 95.958216
20.787773 36.090156 95.768579
20.272248 29.330149 95.528374
19.938704 24.924777 95.526386
19.879471 23.340303 95.612332
19.547600 18.973241 95.396938
17.473681 46.690116 94.942636
17.619242 45.278728 94.591140
17.738486 41.605329 93.979659
17.797612 40.214493 93.805119
17.647043 36.116017 93.539247
17.384641 30.586400 93.372132
17.227443 25.785313 93.375489
17.195650 24.008176 93.280101
13.225364 41.460365 91.923967
13.267904 39.985051 91.729716
13.088368 45.445297 92.780293
13.282311 37.013762 91.416174
13.273530 35.301605 91.274993
12.935508 46.994442 93.241899
13.250541 31.228152 91.074339
13.182839 29.364886 90.994970
8.467596 41.185746 90.386243
27.474077 9.157373 127.297436
27.070870 14.656853 110.416542
26.506379 8.857500 114.956061
26.508443 7.016047 118.742662
26.621219 5.952448 122.899313
26.702671 5.315942 127.031481
26.196663 10.425056 110.961500
26.650184 7.306336 133.661532
26.426383 3.771858 130.686249
25.986033 15.993913 106.157587
25.267769 11.337387 106.764768
25.902069 6.472494 136.390569
26.197132 3.564864 132.350961
25.658607 3.273372 134.633041
25.767928 1.933718 118.995618
26.072947 2.156112 123.403516
26.143012 1.583767 126.484478
25.478431 1.919754 115.644193
26.032154 1.761414 130.674199
25.006457 1.873189 112.410764
24.453475 6.855072 140.446864
24.237660 4.479598 139.937509
24.268474 3.143500 108.580195
23.584894 12.281567 102.413997
23.335138 9.798861 102.835203
23.957451 16.792971 101.703588
22.968908 2.858450 105.210699
21.626551 17.447692 97.985904
21.537448 12.443682 98.765141
21.447127 10.255631 99.211058
19.699915 17.097584 95.918461
19.807558 11.168043 96.903180
1.886463 118.470447 153.902630
-0.707179 120.132452 153.641415
-1.381642 118.372789 154.695651
-1.761035 119.946522 152.640641
-2.053673 119.009451 152.696048
-2.020096 119.092536 151.489753
-1.777596 118.667788 150.971303
-1.315941 118.408851 150.502552
-0.674211 118.510230 149.979063
0.030140 118.629163 149.739034
0.712782 118.521095 149.988803
1.777278 118.692419 150.957957
2.021384 119.090891 151.495243
1.968094 117.187675 152.045077
1.425227 116.979743 151.473054
0.000514 116.746797 150.943059
0.732506 116.823778 151.107048
1.403233 118.324021 154.713594
0.759395 118.951794 154.639595
-1.126356 116.905926 151.241497
-0.684280 118.206493 155.201815
2.022027 119.252413 152.398184
1.617863 126.604755 146.843677
0.009753 120.522355 153.451872
-0.658051 126.766119 147.790967
-1.211320 126.921957 147.220293
-1.621490 126.603750 146.839160
-1.837942 126.262617 146.298477
-1.853603 125.346270 146.358301
-1.623986 124.939033 145.885541
-1.201227 124.608937 145.498115
1.297598 118.628118 150.334099
1.629175 124.931330 145.905240
1.856711 125.327566 146.392506
-0.027797 126.682534 147.992459
0.661738 127.299088 147.250161
1.212226 126.995523 147.119702
1.838502 126.291923 146.247268
1.206928 124.689621 145.403813
-0.637405 124.369400 145.274444
0.005965 124.285565 145.194004
-0.000592 128.554897 145.712931
-0.624327 128.509240 145.588251
0.645847 124.361540 145.288641
-1.120694 138.630414 128.256555
-0.847266 138.410913 128.018647
-0.000887 135.686479 130.896401
0.850900 138.379865 128.051988
1.121998 138.609352 128.281100
1.272301 139.208273 128.911838
1.117564 139.524055 129.206855
-0.835796 139.660587 129.612248
-1.116653 139.522057 129.207499
-1.274124 139.195864 128.929049
-1.273364 138.880009 128.599919
-0.496782 138.147287 128.059108
1.273170 138.854141 128.631517
0.212114 137.930695 132.570584
-0.473137 139.756130 129.925295
0.439061 138.020232 128.134325
0.083615 140.147492 129.834502
