-87.804983 -4.993465 -0.044970
-86.882872 -4.329426 0.016747
-109.094544 7.256090 -8.967841
-108.643373 6.950937 -9.414293
-107.414403 8.004526 -9.392084
-106.433849 8.734614 -8.818752
-108.577971 6.013342 -10.446415
-107.843015 4.900518 -10.598697
-101.575218 -4.896442 -11.732602
-102.284977 -4.658065 -12.044046
-100.962848 -5.359321 -9.415317
-108.593235 -2.497825 -11.426443
-107.898483 -2.302163 -12.138902
-109.062702 -3.038727 -11.061295
-107.628629 -3.245643 -11.576785
-109.171787 -1.603516 -11.800565
-110.195582 0.267736 -10.880110
-108.286273 0.858329 -12.174175
-108.142769 -0.799016 -12.276454
-108.711438 3.976732 -11.274685
-108.437470 2.837203 -11.399768
-108.109162 2.018494 -12.140067
-108.533910 -4.029365 -10.490669
-108.661694 -4.817825 -10.128023
-107.829844 -2.284147 -11.495651
-101.298813 -5.819628 -8.003283
-99.642877 -6.084358 -7.510388
-102.588560 -5.709746 -8.323587
-98.658175 -6.356758 -6.968501
-95.366934 -6.626665 -5.150456
-98.814765 -7.959839 -4.419028
-104.718894 -5.574379 -9.134539
-106.520632 -6.780437 -7.617339
-103.920452 -6.036987 -8.508617
-104.535976 -7.298187 -7.077628
-102.209075 -7.743220 -6.296665
-106.553368 -3.823521 -11.460131
-106.624200 -4.380488 -10.468728
-107.657574 -4.529301 -10.446413
-104.766553 -4.831528 -10.767022
-105.889528 -5.605364 -9.294866
-104.735861 -5.414471 -10.050750
-103.402075 -5.331126 -10.007460
-101.925786 -4.832367 -10.147701
-102.913945 -0.810770 -14.087852
-103.086837 -2.327071 -13.545803
-104.747420 -1.681677 -13.267346
-104.379845 -0.437245 -13.403382
-103.355414 -3.108479 -12.865035
-102.870639 -3.679416 -12.879164
-106.287705 7.654168 -9.543944
-106.669097 7.111738 -10.210210
-105.934814 7.729628 -10.511233
-105.231991 8.275869 -9.749742
-104.714547 6.878889 -10.985517
-104.092168 7.806278 -10.431693
-106.135605 6.848539 -10.942782
-105.004811 5.921878 -12.139849
-106.660993 6.164117 -10.935243
-106.602826 4.184492 -11.880979
-106.241205 3.203155 -12.478595
-105.905203 4.881443 -11.828668
-103.800771 6.590862 -11.575850
-104.111427 5.470425 -12.105067
-104.577583 4.719471 -13.063751
-104.375689 2.478584 -13.119854
-103.742745 1.080971 -13.916060
-106.093686 2.202179 -12.442816
-105.796216 0.553615 -12.834093
-103.842662 3.167933 -13.388029
-106.027075 -0.828315 -13.010431
-105.563764 -2.267081 -12.290125
-105.993073 -1.962762 -12.419180
-104.960080 -3.782051 -11.644649
-105.156996 -3.296116 -11.893126
-102.665063 -4.212075 -12.365151
-104.487990 -9.510910 -3.450488
-105.264547 -9.054408 -4.947180
-106.473816 -9.548287 -3.867436
-107.327472 -8.884910 -5.026755
-103.208404 -8.946608 -4.319094
-103.061819 -9.230009 -3.605973
-101.533369 -7.987440 -4.848032
-107.156386 -8.480204 -5.787904
-105.950242 -7.772958 -6.587387
-102.578307 -8.244233 -5.453971
-104.536284 -8.136249 -5.627103
-107.905471 -7.754353 -6.509176
-104.951916 9.410842 -8.110374
-104.044810 8.827415 -9.170654
-106.620850 -2.994387 -12.068066
-99.871069 -5.551143 -8.612638
-96.181235 -5.533342 -7.479779
-94.470030 -5.673357 -6.786186
-95.585164 -6.097349 -6.074966
-93.065251 -5.608478 -5.278586
-96.149465 -7.846192 -2.839928
-98.714657 -8.662171 -2.845406
-94.698294 -7.725731 -1.689279
-94.637355 -7.502652 -2.704940
-100.858476 -9.315101 -2.182976
-92.592905 -7.609016 -1.410372
-90.147304 -6.875348 -0.802514
-92.474818 -7.438270 -1.988807
-90.513950 -6.881724 -1.346654
-91.887435 -6.284930 -3.457771
-93.933132 -6.523460 -4.209298
-90.174064 -6.318797 -2.753735
-96.432359 -7.203643 -4.181140
-91.635322 -5.444250 -3.885471
-88.734482 -5.893283 -1.898093
-87.316086 -4.881576 -0.997691
-88.817732 -6.236444 -0.477401
-87.332325 -4.664929 -0.679052
-86.931566 -3.098598 0.026497
-86.779691 -3.189474 -0.433107
-87.688303 -4.418513 -1.560522
-86.715251 -1.340978 -0.555366
-106.771408 -5.889974 -9.036765
-110.778682 5.255982 -9.581271
-109.920117 -2.168916 -10.838798
-109.878903 -0.898198 -11.135747
-110.968169 1.399767 -10.666334
-123.150017 3.209528 -11.020996
-123.054583 2.042783 -11.301428
-126.188048 2.531881 -11.822643
-118.294928 1.826340 -10.955863
-117.899992 2.739499 -10.853830
-120.932803 2.092852 -11.023085
-120.577512 3.377439 -11.028215
-112.252263 -8.278957 -5.410724
-110.921520 -8.151525 -5.744552
-119.815176 0.116011 -11.411172
-114.067069 4.427231 -9.554999
-112.656909 4.603859 -9.029290
-111.746187 4.892698 -9.124934
-110.669712 6.066016 -9.064003
-109.530848 -6.766095 -7.739727
-112.519493 -6.862657 -7.416782
-110.023881 -5.715772 -8.784759
-111.935168 -6.035014 -8.594761
-108.643004 -5.635180 -9.296916
-111.212961 -0.185177 -10.747916
-110.315940 -3.049230 -10.474085
-110.517591 -1.922771 -10.821462
-111.016748 -2.672741 -10.313360
-110.447942 -4.191290 -10.025191
-111.752163 -4.104081 -9.451058
-111.471386 -5.474616 -9.088572
-111.522222 -3.112355 -10.212476
-112.704629 -3.322752 -9.744356
-113.354118 -5.631534 -8.501589
-113.032146 -4.481785 -9.135812
-114.748306 -3.692008 -10.283841
-111.369379 1.949964 -10.270353
-112.011794 2.954375 -10.120515
-112.184037 2.371534 -10.082688
-111.653341 3.944746 -10.030295
-112.902376 3.779482 -9.513124
-110.111568 2.429550 -11.085344
-110.641676 3.459184 -10.763978
-111.202960 0.866278 -10.638099
-111.545777 -1.832714 -10.489050
-112.771659 -2.031904 -10.714677
-113.155935 -1.000797 -10.813266
-112.769691 -0.034422 -10.752829
-114.108538 0.084846 -10.693613
-113.554946 1.212791 -10.327992
-115.142734 0.771436 -11.058173
-112.295612 1.191085 -10.346325
-114.544285 -2.479064 -10.299618
-114.642399 -1.501347 -10.569499
-116.524468 -1.846431 -11.161890
-115.835509 2.669074 -10.554595
-117.959254 1.174211 -11.399149
-117.321562 -0.177253 -11.119305
-115.834907 1.516603 -10.828673
-113.825294 2.131518 -10.558298
-113.684891 2.666366 -10.005480
-114.876655 3.428298 -10.007935
-116.794601 4.178724 -9.866279
-110.638947 4.251524 -9.930256
-118.677810 -5.612878 -9.431161
-120.654200 -4.638715 -10.545675
-119.931619 -6.675837 -8.307227
-120.958798 -3.835007 -10.898241
-119.899383 -3.528459 -10.806481
-121.322696 -3.519843 -11.020548
-118.678105 -4.641610 -10.459884
-121.778128 -2.717226 -11.434151
-123.936350 -4.777965 -11.028935
-123.491414 -5.666706 -10.076668
-122.557209 -5.083281 -10.152060
-124.162541 -4.037885 -11.311755
-122.816594 -4.362099 -10.686360
-122.938775 -3.443567 -11.286818
-124.477562 -3.245119 -11.949447
-121.726492 -7.219020 -8.355213
-120.794722 -5.938892 -9.181631
-122.957124 -6.943564 -8.429970
-124.009874 -6.619669 -9.249826
-122.695826 -6.178240 -8.958641
-117.198518 -6.674114 -7.625913
-117.096780 -6.039886 -8.245298
-117.834149 -6.302064 -8.110444
-116.871454 -6.761327 -7.376213
-117.260587 -5.168830 -9.383972
-119.341444 -7.133598 -7.658076
-113.638742 -6.410513 -7.709800
-114.380759 -5.999920 -8.273881
-115.157426 -6.310409 -8.017267
-115.645291 -5.153261 -9.454275
-114.130447 -5.047571 -9.331045
-115.973941 -3.965925 -10.246041
-117.428186 -4.195089 -9.881375
-116.537411 -2.878280 -10.910845
-117.876296 -1.976334 -11.223382
-118.441843 -1.210579 -11.301554
-120.154100 -2.194613 -11.271161
-119.843490 -0.772221 -11.543784
-119.128893 -3.269366 -11.015271
-113.994693 -7.191349 -6.315535
-115.552585 -7.200247 -6.055357
-108.625489 -8.240224 -5.558429
-109.725594 -9.019218 -4.586919
-111.670386 -7.477994 -6.839810
-123.692816 0.147200 -11.737558
-123.624141 -2.731112 -12.084813
-122.120708 -2.067687 -11.899528
-122.034742 0.469334 -11.757241
-121.894845 -0.591622 -11.803336
-121.321712 1.009695 -11.349361
-120.339038 -1.379086 -11.677734
-133.941390 -8.835953 -11.857408
-133.898378 -8.167874 -12.562361
-132.915666 -9.016455 -12.421008
-133.912188 -6.892587 -13.874386
-133.336433 -7.719803 -13.175105
-132.008548 -7.721087 -13.210631
-131.663674 -8.758551 -13.000422
-133.166222 -9.951951 -11.136762
-132.409509 -9.586764 -11.793202
-132.277039 -10.018576 -10.719588
-134.911751 -8.520102 -11.163021
-135.321851 -7.627592 -11.980022
-131.251189 -9.970215 -11.915527
-131.453638 0.726007 -13.175807
-130.226819 0.124692 -12.951350
-129.426233 -0.835128 -13.071102
-130.359475 -0.447622 -13.251466
-128.280506 -1.423165 -13.472839
-127.615805 -2.148735 -12.734047
-127.584425 2.086513 -12.601499
-128.724291 0.110769 -12.761212
-129.174180 1.925085 -12.873467
-127.047250 -3.187178 -12.193982
-126.107177 -3.905082 -12.053108
-126.078045 -4.752634 -10.880245
-125.880842 -6.284711 -9.993189
-126.145317 -7.214600 -9.380319
-125.622164 -6.688171 -9.322201
-125.151871 -5.793002 -9.850590
-125.975109 -3.932368 -11.764665
-125.868805 -3.367270 -11.638040
-125.290500 0.038057 -12.076935
-124.917119 -0.413999 -12.046483
-127.423499 -0.982275 -12.620527
-125.861113 -2.593567 -12.338400
-124.554195 -2.056231 -11.856665
-125.872106 -1.274050 -12.085500
-126.591287 -2.023841 -12.727468
-127.258277 -0.628047 -12.779430
-125.126774 0.834780 -12.249042
-123.455182 -1.557837 -11.819272
-131.685121 -0.068244 -13.329150
-133.757125 -0.438447 -13.165145
-132.769326 -2.068533 -14.350538
-129.502920 -1.815603 -14.000077
-130.836636 -2.255466 -14.010998
-128.898449 -2.890829 -13.586608
-128.219256 -3.117535 -13.371838
-127.082585 -4.251436 -12.607087
-126.738126 -4.763487 -12.369470
-126.366660 -6.229486 -11.267113
-126.380174 -7.466089 -9.305577
-127.796827 -9.406498 -8.802425
-128.934901 -10.059552 -9.497954
-127.145931 -8.469162 -9.999709
-128.350725 -9.054224 -10.478100
-127.255310 -7.596165 -10.920394
-128.322148 -8.127462 -11.013591
-126.928314 -6.980736 -10.543599
-130.024860 -4.970473 -14.260863
-129.619987 -3.836095 -14.381023
-130.248939 -3.404572 -14.153104
-128.727613 -5.106704 -13.869228
-128.392629 -3.918864 -13.731144
-129.671284 -5.627153 -14.180861
-130.686861 -4.554575 -14.559180
-131.608656 -3.710222 -14.364499
-132.008720 -4.493822 -14.222372
-132.863714 -3.208370 -14.203799
-132.920180 -4.261670 -14.471284
-134.186433 -3.575684 -13.707494
-134.625543 -4.255352 -13.797167
-135.266915 -3.358876 -13.792391
-134.301238 -2.558697 -13.967875
-135.686316 -2.214766 -13.274209
-135.822539 -4.193188 -12.897102
-127.425485 -6.756764 -11.838600
-128.427949 -7.494179 -11.938598
-127.710189 -6.058967 -12.510826
-128.606062 -6.994961 -12.903760
-126.895811 -5.425598 -12.752227
-128.558805 -5.863883 -13.581962
-128.829007 -6.155199 -13.611758
-127.527599 -5.034766 -13.444341
-129.006361 -9.598884 -10.914467
-128.774210 -8.646682 -11.809237
-130.346231 -8.882735 -12.202264
-129.502584 -10.359109 -10.254816
-130.161206 -9.698395 -11.372451
-131.131898 -10.538968 -10.588992
-129.271892 -8.539090 -12.420145
-129.515501 -7.635526 -12.758838
-130.164404 -7.914229 -13.374218
-129.474210 -7.207268 -13.722125
-130.006800 -6.426150 -14.201494
-131.374196 -6.879568 -14.259317
-131.185906 -5.794910 -14.105198
-131.835297 -5.402770 -14.068875
-132.215939 -6.251483 -14.252630
-132.878585 -5.228265 -14.488007
-133.573119 -6.073199 -13.755685
-134.507221 -5.112690 -13.518974
-134.851254 -6.538596 -13.148805
-131.052367 -10.966451 -9.533009
-132.236564 -10.811829 -10.132339
-132.242466 -7.015896 -13.951224
-131.375126 -8.187354 -13.503767
-131.103754 -9.004373 -12.536967
-135.161728 -0.853627 -12.940317
-125.267494 -4.811991 -10.884977
-99.964400 -5.075868 -10.436917
-98.086447 -5.394872 -8.687223
-102.471336 -0.131798 -14.337391
-100.864824 -3.199909 -13.423038
-102.181834 -2.847480 -13.514586
-103.309986 5.628669 -12.665222
-102.737009 6.718821 -11.834427
-103.664616 3.979530 -13.180130
-102.733218 8.171316 -11.059963
-100.945571 8.444720 -11.224927
-101.721553 11.072483 -8.095054
-101.493412 9.654171 -9.252226
-93.472061 -5.347743 -6.030614
-90.123108 -5.494372 -3.300758
-89.841807 -4.735521 -3.471122
-88.364002 -5.094904 -2.439641
-87.827092 -3.873230 -2.131486
-87.002833 -2.639880 -1.135516
-86.913267 -0.499522 -1.062938
-94.882449 6.639758 -13.284612
-97.182886 5.584993 -13.214414
-94.747072 4.329067 -14.573466
-95.286852 3.895889 -14.841786
-97.844626 3.614078 -14.583236
-95.945759 -5.560789 -7.736205
-95.493797 -5.588042 -8.562045
-97.036372 -5.571478 -8.994050
-93.678236 -5.748259 -7.605271
-92.307555 -5.910955 -8.024343
-91.559196 -5.266659 -6.336716
-89.166736 -5.332827 -7.021798
-90.435923 -5.052462 -5.152277
-89.530027 -5.225293 -5.330851
-89.116630 -4.413898 -3.875062
-87.928740 -4.448670 -4.401762
-90.859938 -5.127749 -4.938952
-92.368679 -5.337249 -5.896176
-88.304402 -4.295271 -2.685096
-87.901445 -3.956154 -3.263353
-87.749401 -3.314219 -2.524210
-87.091223 -4.926135 -5.388206
-85.476091 -4.525358 -4.553032
-86.143710 -3.699099 -3.562371
-85.936356 -3.012391 -2.529349
-87.725886 -4.140343 -3.179034
-87.368823 -3.144286 -2.371605
-85.522962 -1.798008 -1.661300
-84.290373 -3.208385 -2.263601
-82.912524 -2.429974 -1.886702
-81.721333 -2.835843 -2.816832
-84.138760 -0.822622 -0.867601
-81.447992 -1.472224 -1.254946
-85.325188 -0.739005 -1.006301
-82.840490 -0.129344 -0.224265
-86.753593 -2.164516 -1.939432
-86.281557 -0.896301 -1.212848
-86.568279 -0.684421 -1.129221
-86.983636 -1.904701 -1.922445
-87.304862 -2.379834 -1.279663
-83.370637 10.879088 -6.093020
-83.200749 10.584177 -7.575981
-82.705215 10.924445 -5.518148
-82.396968 10.363331 -7.035217
-81.989538 10.571011 -5.846638
-82.920980 10.601648 -4.141500
-81.332969 9.028482 -2.295086
-82.088469 9.617126 -3.395439
-81.563281 10.067067 -4.175131
-81.820268 10.312467 -5.339416
-80.442032 9.991914 -5.012508
-78.895387 9.007987 -2.528997
-79.948566 9.666652 -3.201202
-77.105176 9.225123 -3.533167
-79.307611 9.901253 -3.733804
-78.984394 10.131073 -4.949235
-77.435677 9.161697 -3.079554
-77.271315 9.688051 -5.047978
-77.859239 8.075052 -1.315729
-76.336766 8.585749 -2.328240
-71.605533 8.985071 -3.466057
-74.072739 8.940070 -2.788838
-69.887051 8.364582 -2.194099
-71.844872 9.567497 -4.492607
-74.047855 7.729690 -1.098153
-71.807045 7.799600 -1.729071
-76.402512 7.302182 -0.833181
-72.037386 6.822160 -0.767607
-72.446853 5.753333 -0.736721
-74.455153 6.041110 -0.280025
-76.809663 5.314626 -0.140733
-82.574595 -3.818194 -3.931119
-86.398299 -5.031949 -6.472710
-78.248752 3.147677 0.305938
-78.253853 2.025638 -0.015656
-79.696173 -2.372346 -2.034831
-78.250169 -3.060106 -2.868865
-78.604640 -1.626116 -1.251777
-80.476915 -3.858110 -3.512591
-83.608057 -3.399293 -3.272536
-83.394717 -5.492646 -6.841929
-81.681888 -0.531304 -0.612758
-81.628536 0.822988 0.262510
-79.594328 0.431105 0.119681
-79.066145 -0.945256 -0.466877
-79.991556 1.270485 0.040570
-78.444592 0.856118 0.323849
-78.106869 -0.105504 -0.469499
-74.529751 -1.123953 -1.274301
-74.176742 -1.748116 -2.305916
-77.351652 -3.047328 -2.644015
-75.959979 -4.043119 -3.772532
-77.427216 -4.576934 -4.622048
-74.401912 4.969295 -0.000659
-74.660527 4.097606 0.093188
-72.508147 4.903604 -0.494506
-72.039035 3.739965 -0.339034
-74.808927 2.920137 -0.105105
-74.506466 2.148518 -0.235986
-72.586344 2.565866 -0.457234
-72.559411 1.873884 -0.850772
-72.894103 -2.811504 -2.613059
-74.105583 -3.604569 -3.394242
-70.834497 -2.966298 -2.836580
-72.344669 -2.095855 -2.258517
-74.603054 0.021135 -0.888722
-72.381197 -0.293911 -1.364996
-72.198133 -0.802023 -1.334897
-74.489456 0.770556 -0.742347
-72.506456 0.783748 -0.703023
-100.954802 -4.327634 -12.258442
-100.458819 -4.212406 -12.524874
-98.584357 -4.502891 -12.135305
-99.681737 -5.184144 -11.423573
-95.631498 -5.280316 -10.402520
-95.897465 -5.265799 -11.222949
-94.467160 -5.461341 -9.685861
-98.817466 -4.964584 -10.187789
-92.564777 -5.741256 -9.240612
-89.578458 -6.214376 -8.147191
-89.579911 -6.262957 -8.402409
-92.459041 -6.186809 -9.888935
-89.754602 -6.081539 -9.677550
-89.696142 -6.100955 -10.670489
-92.457633 -6.257341 -10.772853
-86.501073 -5.649089 -6.980574
-86.718848 -6.374561 -8.263607
-82.391795 -5.872124 -7.604524
-86.973902 -6.172126 -9.010298
-84.885279 -6.117858 -8.880459
-84.538439 -6.237014 -9.309591
-86.554122 -6.786457 -10.172742
-80.843984 -6.253253 -7.797599
-82.397918 -6.324131 -9.279065
-76.275898 -5.218305 -6.587926
-76.033067 -4.356343 -4.916041
-76.863968 -6.335632 -8.077602
-73.032983 -5.324434 -6.188441
-72.602626 -5.054054 -5.836244
-74.070609 -4.990947 -4.886720
-72.125143 -3.932781 -4.045053
-73.007655 -6.058833 -8.059836
-77.643254 -6.391230 -9.173626
-73.206598 -6.109283 -8.990523
-72.630375 -5.379957 -7.242542
-97.380543 -4.427968 -12.845924
-95.441494 -4.575749 -13.165406
-96.671259 -3.896511 -13.809491
-92.985486 -5.163464 -12.724385
-95.316203 -5.315206 -11.956485
-89.056163 -5.642328 -13.206922
-93.691156 -4.537717 -13.645617
-89.602183 -5.250082 -13.972308
-88.591603 -5.895819 -12.548845
-87.485391 -5.621651 -13.415742
-86.814988 -6.213887 -12.399343
-88.943863 -6.302852 -11.663628
-85.019513 -5.961410 -13.004217
-85.257915 -5.284184 -14.146099
-81.398541 -5.513104 -12.803759
-81.012447 -5.379327 -13.895689
-81.816688 -6.540931 -12.440171
-79.376757 -6.403003 -12.544602
-76.672723 -6.233063 -11.786258
-76.430028 -5.965411 -12.331912
-75.990267 -5.516608 -13.049283
-78.975141 -6.597809 -11.304811
-77.094386 -6.017046 -11.151380
-81.647496 -6.702780 -11.280389
-70.844789 -5.739067 -11.930307
-70.483030 -5.021024 -12.263385
-69.550153 -5.773245 -9.992292
-78.195650 -6.408130 -10.668542
-78.514142 -6.376920 -10.058364
-81.773966 -6.887764 -10.209849
-83.807781 -6.393394 -11.967753
-86.952368 -6.252700 -11.273476
-84.170237 -6.703974 -10.954118
-84.876855 -6.380464 -9.942988
-73.360976 -6.238249 -9.657637
-78.065298 -6.879835 -9.415980
-81.363705 -6.666835 -9.991872
-97.027592 -0.584435 -15.385792
-93.227015 0.824569 -16.126112
-94.998977 -0.772073 -15.656325
-91.086025 0.656881 -15.910740
-98.195678 0.202548 -15.265152
-100.912506 0.498606 -14.274393
-95.733785 1.096187 -15.455237
-93.772928 1.899291 -15.717315
-90.334885 2.322307 -16.236567
-90.757145 1.049957 -16.141496
-90.993144 -0.810612 -16.107050
-90.831197 -1.568942 -15.996665
-96.278749 -1.606374 -15.121311
-97.307991 -2.244891 -14.835926
-99.798865 -0.656840 -14.842485
-98.673679 -1.714731 -14.932850
-101.323162 -1.610665 -13.832551
-99.978862 -2.150322 -14.053899
-102.120916 4.545947 -13.346620
-101.920330 5.716033 -12.931716
-99.833893 3.583258 -13.799049
-101.236690 2.028821 -14.347919
-101.193897 3.435801 -13.829601
-98.654578 4.718051 -14.023454
-97.781460 2.666440 -14.897343
-95.412043 2.585716 -15.121986
-102.066581 1.819175 -14.304574
-98.932970 1.160165 -14.949512
-90.826899 -1.964805 -15.834409
-90.757876 -3.246862 -15.516990
-87.954083 -2.158077 -15.888862
-88.602290 -0.958831 -16.479823
-88.049183 -2.637314 -15.521548
-97.257316 -2.788903 -14.452672
-96.396100 -3.581124 -13.926068
-99.663387 -3.492108 -13.299697
-88.551046 -0.679512 -16.553028
-88.074464 0.279742 -16.529956
-90.487178 -3.269001 -15.415058
-92.209069 -3.950307 -14.579433
-89.959466 -4.608625 -14.255192
-87.407679 -4.776030 -14.531248
-89.634142 -4.192714 -14.679854
-88.143842 -3.500556 -15.580193
-85.813746 -0.462882 -16.347300
-85.348570 0.334439 -16.592042
-83.050660 -0.431583 -16.599842
-82.856965 0.637393 -16.349484
-85.888559 -0.945190 -16.252751
-82.503683 -1.385970 -15.885232
-85.585343 -2.056048 -16.314716
-82.986804 -2.221351 -15.688239
-85.319987 -3.198970 -15.811399
-82.623494 -2.967379 -15.585930
-79.710647 -2.153510 -15.436371
-80.063817 -1.128298 -15.802687
-75.929655 -2.441493 -14.532709
-75.069984 -1.278821 -14.956594
-79.517874 -2.768512 -15.308022
-79.851742 -0.352113 -15.769986
-79.287879 0.717710 -15.990999
-75.236200 -0.501469 -14.761231
-74.852796 0.205217 -14.787210
-68.268696 -0.254668 -13.954489
-69.420759 -1.441472 -13.758570
-78.777109 -4.833728 -14.150020
-82.694047 -4.655254 -14.283537
-79.150704 -4.468720 -14.474689
-85.130139 -4.698266 -14.849099
-79.480316 -3.428174 -14.592679
-82.419075 -3.325878 -15.437844
-67.962729 -1.929001 -13.375917
-68.739436 -3.520726 -12.871779
-73.461760 -4.077828 -13.373736
-85.151259 -3.944782 -15.276371
-72.935419 -4.511313 -12.944270
-90.770055 4.790257 -15.153295
-89.646707 4.182519 -15.932744
-94.700239 3.037128 -15.262702
-89.748077 3.126065 -15.919569
-87.495202 3.513909 -16.324808
-86.672950 4.022862 -16.038331
-87.916545 2.340296 -16.210290
-87.726285 1.374387 -16.177955
-88.947814 5.207760 -14.925902
-86.424112 5.200543 -15.753454
-83.986160 5.624647 -15.450112
-81.343095 4.720975 -14.866554
-84.302600 4.230088 -15.614030
-81.556672 4.333647 -15.329744
-78.711968 6.086861 -14.310317
-74.695283 4.605286 -13.889039
-74.458181 5.562639 -13.188632
-78.639634 4.225799 -14.723097
-74.218324 4.167263 -14.301957
-84.626795 3.118164 -15.942476
-81.998700 3.510745 -15.840585
-84.892873 2.703530 -16.208036
-82.528405 2.210659 -16.284962
-79.145546 3.164667 -15.578203
-74.922771 3.105053 -14.583130
-79.229689 2.270721 -15.552495
-74.370009 2.152619 -14.693093
-75.524639 1.206866 -15.223049
-69.875599 1.009652 -14.243123
-68.937142 2.113361 -14.076553
-85.783189 1.576297 -16.875093
-82.544789 1.542774 -16.159987
-79.155615 1.296961 -15.639804
-69.767988 3.035247 -13.620765
-68.990302 3.829891 -13.048122
-69.194003 4.131077 -13.089205
-69.148305 5.075670 -12.519568
-99.872407 11.006355 -8.776132
-100.682122 9.399497 -10.035024
-99.904699 7.306599 -12.139883
-99.849778 8.039289 -11.177473
-98.865421 6.075307 -13.108336
-99.063241 12.266017 -7.865846
-97.800194 11.747120 -8.574633
-97.239855 10.082424 -10.284477
-96.980613 11.571112 -9.432118
-96.562249 8.304349 -11.644842
-92.914802 14.300071 -6.618018
-95.701294 13.541792 -7.904795
-95.716955 12.338297 -8.456349
-97.304832 13.030464 -7.476142
-93.910011 13.188981 -7.987894
-95.841183 9.567959 -10.964374
-94.192159 11.429299 -9.983137
-94.024477 12.612272 -9.234980
-95.274434 10.558466 -10.317024
-90.145741 10.844706 -11.428148
-90.701976 11.787062 -9.717322
-92.127598 10.209000 -11.479797
-92.303608 13.418911 -7.935355
-90.564655 12.842805 -9.016873
-88.471639 13.465954 -7.722196
-90.519146 13.927734 -6.942540
-88.502144 12.406102 -9.197392
-86.763806 11.199129 -10.351331
-86.732539 10.251266 -11.105278
-88.689828 11.268711 -10.580822
-86.753283 12.274631 -8.624749
-86.421199 12.489719 -7.511406
-87.856137 13.750549 -6.244567
-86.161447 12.953258 -5.252457
-81.408374 9.859349 -9.583165
-81.687222 10.174523 -8.674074
-82.423617 10.061045 -10.226402
-83.491364 10.833037 -8.990328
-89.483882 14.309014 -5.952194
-84.959912 12.127745 -4.638599
-92.342277 8.920377 -12.517966
-92.313708 6.877751 -13.226111
-89.429174 9.455092 -12.461819
-89.984384 8.212974 -13.230379
-88.687416 8.370880 -13.625877
-87.423197 8.953990 -13.190021
-85.580512 8.599217 -13.053959
-86.849033 6.916121 -14.716079
-87.295041 9.686343 -12.058080
-88.787386 9.930292 -11.861087
-86.188764 9.341252 -12.085531
-83.649262 7.988842 -13.876314
-83.720620 8.095683 -13.475921
-84.813664 7.497575 -14.280385
-85.781453 7.120621 -14.125811
-84.765212 6.825181 -14.306239
-84.328177 9.145011 -12.391068
-84.232540 9.585951 -11.756317
-84.519001 10.244233 -11.094284
-84.227654 10.719327 -9.981430
-80.320201 8.660937 -12.225741
-80.642426 8.624533 -11.379251
-84.161801 11.873673 -5.073434
-83.458905 11.153688 -4.570246
-84.959129 12.195875 -6.203137
-79.678122 8.871409 -10.625601
-76.926536 8.615654 -10.428086
-75.657826 8.067218 -11.202859
-79.552461 6.837309 -13.916681
-81.065101 6.424443 -14.470358
-77.858372 6.871653 -12.811515
-83.242464 6.514860 -14.317065
-78.638905 7.903595 -12.582080
-74.600746 6.997262 -12.069292
-80.225543 9.339993 -9.771456
-80.990361 10.270586 -8.529476
-81.379883 10.146709 -6.939129
-80.759435 9.999546 -6.193459
-80.397247 10.424217 -7.000913
-78.275385 10.123827 -6.768554
-79.688198 10.156605 -6.519665
-77.557166 10.012274 -6.470727
-74.743475 9.603290 -7.400635
-73.607433 9.941956 -6.389860
-76.986846 9.579632 -7.842624
-75.057971 9.210188 -8.157067
-79.904066 9.924860 -5.595594
-76.059441 9.758212 -5.798758
-78.276735 9.757716 -7.849949
-79.413351 10.174718 -8.203208
-78.236839 9.477025 -9.040618
-76.652017 9.540235 -8.474746
-74.827926 9.284204 -9.034310
-76.522292 8.950818 -9.147977
-74.595774 8.839811 -9.697688
-72.737359 9.529970 -7.297086
-72.722668 9.376250 -8.512594
-70.695872 8.993198 -7.584718
-70.914932 9.490930 -6.763748
-71.805476 9.297730 -5.687314
-74.257854 8.554240 -10.585286
-70.990812 7.624721 -10.765817
-71.926550 7.974290 -9.931328
-71.776851 7.392580 -11.390451
-69.417473 6.735882 -11.059087
-69.795182 6.011443 -11.656371
-72.300583 8.921522 -8.812617
-69.861005 8.447303 -9.116182
-68.830771 9.081717 -3.453080
-65.585118 8.093125 -2.758411
-65.356382 7.893030 -2.156732
-68.551517 8.896014 -3.969854
-64.696418 8.772264 -3.875921
-62.329688 7.840620 -3.441951
-62.308173 7.610036 -2.203592
-61.570286 6.687212 -1.323514
-66.430269 7.300152 -1.645249
-65.058136 6.469892 -1.081398
-69.508034 6.935710 -1.164743
-62.545522 6.509540 -0.988272
-61.476595 5.086284 -0.638108
-59.927270 7.014717 -2.143878
-60.089914 7.368899 -2.709124
-68.252330 5.709407 -0.684532
-69.382112 5.053256 -0.666554
-62.839908 4.709561 -0.193067
-63.682316 4.543030 -0.129651
-69.199240 4.277273 -0.735135
-69.721175 3.116857 -0.260693
-66.054179 2.872769 -0.316527
-70.131697 -1.163766 -1.741939
-69.774029 -1.620894 -1.747252
-67.599752 -1.238419 -1.477854
-66.183188 -1.792727 -1.778786
-70.186209 0.042749 -1.096636
-66.760001 -0.400148 -1.516792
-68.589941 -2.200965 -2.347095
-65.815302 -3.074378 -2.766938
-62.103480 -2.317400 -1.750529
-60.025277 -2.358755 -2.316346
-61.178657 -1.922646 -1.800070
-70.107485 0.702084 -0.958442
-67.433431 0.287167 -1.126902
-69.952186 1.742106 -0.650948
-66.294094 0.613465 -0.829495
-69.973533 2.333984 -0.331135
-67.210719 2.176867 -0.778087
-61.970763 2.708627 0.048606
-60.983921 1.683863 -0.372074
-62.366639 1.132295 -0.673788
-60.788853 -0.112848 -0.672127
-59.434046 0.482070 -0.607449
-59.710567 3.764251 -0.099253
-60.976488 3.137584 -0.300643
-62.936351 -0.630591 -0.877459
-59.008591 -1.459015 -1.121156
-66.642801 -4.511925 -4.743174
-66.450054 -4.879712 -5.339783
-68.003457 -4.024036 -4.282427
-60.603829 -3.970903 -3.939236
-60.322103 -4.401620 -4.510175
-60.939874 -3.641873 -3.456402
-68.366352 -3.772974 -3.164597
-61.297883 -3.245384 -2.633974
-66.480432 -5.766224 -7.747641
-67.307165 -5.501821 -7.060809
-64.800037 -5.648228 -8.242864
-62.031058 -5.183598 -7.616357
-59.189574 -5.264589 -8.088823
-64.555842 -5.623230 -7.561209
-59.614704 -5.399546 -6.953517
-63.338718 -5.675767 -6.668863
-63.913863 -4.999023 -6.088885
-67.878748 -5.471294 -6.395550
-66.649120 -5.313196 -5.723228
-59.990585 -4.625559 -4.806717
-57.536500 -5.018639 -7.442259
-57.247207 -5.571082 -6.052013
-57.557462 -4.866407 -5.604108
-67.967563 -5.431983 -10.419776
-67.472405 -5.350239 -10.544587
-63.112483 -5.620196 -9.278448
-60.252235 -5.246112 -9.093648
-66.839322 -5.752241 -9.326777
-66.488161 -5.344555 -11.231324
-66.267424 -5.143948 -11.117641
-61.558575 -4.846769 -10.069469
-59.580324 -3.963875 -10.452494
-57.635506 -4.761210 -8.920632
-57.180434 -4.284672 -9.997243
-67.564453 -4.610888 -12.236997
-61.022033 -3.327021 -11.204083
-68.102480 -4.073152 -12.771293
-59.805455 -4.018990 -10.825611
-61.788375 -1.363517 -12.683980
-62.407476 -0.835636 -12.564178
-67.449160 -2.842399 -13.439687
-60.309100 -1.823287 -11.874527
-60.407322 -2.552522 -11.829069
-61.966826 0.146057 -13.109839
-62.107112 0.676230 -13.048753
-68.999209 -0.071200 -14.257134
-56.778129 -0.931966 -12.264722
-56.548955 -0.171047 -12.159196
-56.868150 0.553879 -12.004655
-62.331547 0.971705 -13.216979
-62.798605 1.500820 -12.948042
-62.633106 2.124695 -12.359855
-59.065353 2.838106 -11.708746
-63.461783 2.987883 -12.254424
-64.842587 4.018503 -12.209611
-63.715653 4.731103 -11.552241
-57.013848 3.200544 -11.263620
-56.758720 3.837537 -10.995520
-54.465729 1.874663 -11.132146
-55.489811 1.800398 -12.029189
-56.612121 1.206387 -12.090111
-60.679079 4.666851 -10.757616
-58.900775 4.816946 -10.431021
-58.160693 5.631719 -9.574486
-61.806227 5.806922 -10.301871
-64.222988 5.456771 -11.268559
-64.057398 6.393555 -10.214586
-60.727836 6.114312 -9.692541
-60.266478 6.669724 -8.934126
-69.231976 7.612945 -9.818910
-67.413760 8.244093 -7.975619
-66.386098 8.308735 -6.982843
-67.454692 9.151867 -6.308090
-68.517314 9.404188 -5.007678
-64.806750 8.746135 -4.790044
-61.966595 7.975564 -4.497142
-62.883172 8.173588 -5.966445
-60.933450 6.985467 -7.976004
-62.056148 7.756382 -7.376815
-62.346881 7.777053 -6.466578
-59.300600 7.347855 -4.008745
-59.653921 7.537005 -5.091997
-58.750184 7.401985 -5.665997
-59.503973 7.113817 -7.151942
-58.015858 6.404757 -7.313913
-11.828976 7.805118 -2.677558
-11.860539 7.690860 -2.260949
-14.922662 7.569169 -2.228108
-11.692222 7.945544 -3.168575
-14.532651 7.524128 -2.853979
-14.387496 7.581257 -3.393809
-11.407266 4.616177 -6.506159
-9.846249 4.953785 -6.127168
-12.114049 3.159556 -6.848697
-10.170869 3.439334 -6.133203
-13.076228 3.650863 -7.181569
-12.175639 4.473564 -6.881999
-11.144720 7.529656 -2.249921
-14.401472 6.941039 -2.224218
-12.490830 6.732234 -1.728152
-10.834886 6.855704 -1.460624
-12.727604 6.088212 -1.279363
-13.216310 4.978232 -1.320128
-10.343759 6.300184 -1.458850
-11.774313 4.492354 -1.388346
-11.792689 7.097647 -4.489626
-13.644926 7.422263 -4.778657
-10.584581 7.586874 -3.716587
-12.357248 6.533440 -5.698945
-9.757361 6.663062 -4.788478
-13.621882 7.189200 -5.021590
-11.064374 5.201863 -6.078831
-13.485161 5.202252 -6.795859
-11.808544 5.378430 -6.508094
-9.908424 6.152626 -5.871716
-11.291726 2.381916 -1.333734
-12.708145 3.070516 -1.488568
-10.537695 2.956869 -0.742911
-13.545042 1.992796 -1.509173
-13.176253 1.415079 -2.030673
-11.523439 1.461086 -2.283861
-10.585279 1.500324 -1.910248
-10.813665 5.950456 -5.910538
-12.992125 5.980757 -6.005856
-11.536231 7.662961 -3.291320
-13.994445 7.662339 -4.023195
-11.219995 3.808907 -0.991702
-10.250870 4.400384 -1.103852
-13.282331 3.594241 -1.120478
-9.149596 5.685708 -6.437570
-7.945361 6.465884 -5.706329
-8.544878 5.387152 -6.349062
-6.996303 5.870169 -6.048467
-8.769381 4.540966 -6.243494
-8.057552 4.692915 -6.282872
-8.409230 2.446277 -5.924739
-9.167686 3.022994 -6.127627
-10.145581 0.415717 -3.026141
-9.349254 0.124113 -2.533108
-10.425433 2.135353 -1.410420
-8.616039 1.741302 -1.062756
-8.339272 2.014844 -0.724465
-8.301985 2.941565 -0.722700
-9.806827 3.802199 -1.212074
-9.116618 5.129723 -0.855761
-8.307103 6.498076 -0.984787
-9.020521 7.104984 -1.241897
-8.881936 7.763996 -1.714687
-9.176961 8.171254 -2.376585
-7.373681 7.509556 -1.541484
-7.578408 7.900775 -2.074376
-7.663565 7.853926 -2.338775
-7.575378 8.031820 -2.874425
-8.361716 7.942399 -3.562952
-7.436830 7.283925 -4.700363
-8.740071 6.842682 -5.280855
-7.375032 6.631015 -5.079841
-9.357853 2.049221 -6.143116
-10.091444 1.373844 -5.996148
-9.236855 0.821887 -5.427849
-10.632143 2.395932 -6.328388
-12.637120 2.454683 -6.246392
-11.944016 1.482016 -5.844324
-9.798688 -0.302210 -3.652980
-9.218190 -0.667383 -4.444295
-9.388460 -0.170093 -3.156247
-11.002797 -0.184967 -4.475683
-10.133471 -0.067209 -3.298956
-11.515042 0.262285 -3.882597
-11.011967 0.166718 -3.373668
-10.894160 0.363406 -2.399700
-13.500932 0.374499 -3.157557
-14.693230 0.262186 -3.576100
-8.595957 1.193737 -6.221505
-10.659500 0.364521 -5.182739
-9.995824 0.384820 -5.317043
-9.304355 0.374753 -5.286617
-15.850783 0.841467 -6.104910
-52.557061 0.378642 -11.144354
-52.166466 -0.586257 -10.632162
-50.900624 1.840184 -10.621974
-51.987651 1.067786 -11.251086
-50.725450 0.390094 -10.822920
-58.515681 5.861917 -1.248831
-57.871906 0.943520 -0.041831
-57.458213 -1.059783 -1.096875
-58.025884 2.884799 0.106413
-58.727325 4.404611 -0.188324
-58.681143 2.128274 -0.031074
-56.464797 -1.751144 -1.416507
-56.290955 -2.486059 -1.885108
-53.225983 -1.036990 -0.887210
-52.527780 -1.944528 -1.473199
-53.606723 -0.680320 -0.588834
-56.420049 1.190847 -0.102802
-55.329441 0.295627 -0.552076
-56.127108 2.038287 -0.021984
-53.832133 0.631019 -0.324306
-52.674084 -0.452568 -0.511142
-53.247922 1.523449 -0.492972
-56.295846 0.131774 -0.913144
-57.199526 3.119090 0.136218
-56.486214 3.529537 -0.230274
-55.012943 2.881722 0.019827
-51.412109 -1.116034 -0.859648
-52.408357 1.633753 -0.315316
-50.640714 0.373548 -0.568970
-54.013122 3.112256 -0.285103
-50.896932 1.996913 -0.640643
-51.757460 -0.165890 -0.841473
-49.710335 0.882846 -0.696454
-48.710891 0.078514 -0.689944
-54.492010 -3.365823 -10.734275
-55.364713 -3.717556 -9.889073
-53.354995 -3.523118 -9.883594
-52.694111 -1.339064 -11.105710
-51.597579 -2.071100 -10.604561
-50.881470 -1.191530 -10.574506
-49.316334 -0.831703 -10.673102
-53.496619 -2.217589 -10.851719
-52.239164 -2.449715 -10.633587
-51.820170 -3.596389 -10.197587
-46.552114 -3.486182 -6.581240
-47.755506 -3.616389 -6.015548
-45.486528 -2.500983 -4.809308
-46.733764 -2.820347 -4.197892
-47.986381 -3.908789 -7.186372
-51.621748 -4.091560 -4.933701
-48.791666 -2.862120 -4.295830
-49.090474 -3.533844 -5.495762
-51.452202 -3.599252 -4.001393
-50.711635 -4.490056 -5.796426
-49.644357 -4.267655 -6.294041
-44.674795 -2.346915 -5.256599
-43.165907 -1.718478 -5.995133
-43.706110 -2.115611 -7.261028
-42.504392 -0.755493 -4.640386
-45.453813 -3.024608 -6.596621
-45.749346 2.750237 -10.087279
-44.458596 3.038466 -10.347800
-44.269779 1.744087 -10.287446
-46.682574 1.055289 -10.454760
-49.714221 0.767922 -10.316776
-48.864955 1.733653 -10.639291
-46.191799 3.627551 -10.293821
-47.572738 1.729295 -10.166570
-47.668013 0.823119 -10.423763
-48.347640 -0.017984 -10.163528
-41.359690 -1.499693 -7.822073
-38.736621 -1.391833 -7.715458
-37.830469 -1.101658 -7.685539
-41.490432 -1.307115 -7.045400
-38.689410 -1.311397 -6.514343
-43.229683 -2.145201 -7.742511
-41.089227 -1.332277 -8.218850
-43.499101 -1.464137 -8.987560
-44.426104 -1.482417 -3.821855
-43.367973 -0.907732 -3.327400
-50.032806 0.025878 -0.838424
-49.863881 -0.733051 -1.278500
-48.280740 -1.166143 -1.586913
-46.323147 -0.799005 -2.203718
-45.148307 -1.360117 -2.660159
-46.481916 -1.561705 -3.427204
-46.265666 -1.377090 -2.232852
-48.485766 -0.244926 -1.333986
-41.127866 -0.979500 -5.665862
-38.950707 -0.933600 -5.952749
-40.853221 -0.477101 -4.939444
-41.267384 -0.379883 -3.388502
-39.650357 0.680656 -2.622288
-57.159199 4.758019 -0.243429
-53.400013 3.376817 -0.761658
-56.774182 5.325211 -0.934947
-59.126470 5.237346 -0.989418
-56.749814 6.124100 -1.439366
-57.893020 6.804172 -2.693204
-55.916347 6.062009 -2.081100
-54.364938 5.384439 -2.012089
-48.480444 0.928005 -0.626184
-49.144677 1.925606 -0.262361
-49.931263 2.867346 -0.650937
-48.294336 2.022672 -0.671153
-49.999266 3.382185 -0.504446
-49.337378 3.943220 -0.944197
-50.781901 5.244127 -2.179432
-49.753011 4.846064 -1.747024
-51.183823 4.188675 -1.174469
-53.803154 4.077923 -0.682922
-53.253048 5.108293 -1.174569
-52.618363 4.984834 -1.669089
-42.932583 3.404250 -10.483031
-43.326759 4.156564 -10.431879
-45.210003 4.413388 -9.910338
-45.629153 5.871337 -9.618211
-45.997869 4.973242 -9.728078
-44.951072 5.820189 -9.546265
-44.879628 5.113273 -10.261285
-43.263179 5.676643 -10.129168
-42.821225 4.991350 -10.544879
-41.554136 5.239016 -10.240921
-41.422912 6.266180 -10.348183
-39.412218 5.409562 -10.157840
-39.447793 6.446350 -10.398944
-41.495545 4.381005 -10.946087
-39.319910 5.125522 -10.802717
-41.435783 3.467614 -10.494333
-39.460829 3.687611 -10.832848
-41.719614 2.935553 -10.615318
-57.907588 -3.043278 -2.809968
-57.852754 -4.155593 -3.554176
-56.264748 -4.079393 -3.331797
-54.667601 -2.671950 -2.350510
-53.739604 -3.840770 -3.489945
-56.638977 -4.703296 -4.241600
-53.391343 -4.404766 -4.074525
-51.586558 -3.208474 -3.537920
-51.657947 -3.109224 -2.962849
-49.533731 -1.994976 -2.628515
-52.217936 -2.552839 -1.874921
-50.617923 -1.611959 -2.032813
-48.391836 -2.400562 -3.496066
-48.698173 -1.243664 -2.048742
-44.194217 -0.742864 -2.821522
-56.669271 -5.394580 -6.615671
-55.216753 -5.101289 -7.871338
-53.024626 -5.157165 -7.219506
-52.373414 -4.751332 -7.148561
-54.841602 -4.875782 -6.041982
-55.559346 -4.977846 -5.596760
-52.970423 -4.643698 -5.218164
-56.673307 -4.890751 -4.584979
-53.252809 -4.689000 -4.971833
-52.272663 -4.856987 -6.460840
-51.971778 -4.646451 -7.856430
-51.169556 -4.927023 -6.918976
-55.452433 -4.346967 -9.132005
-53.852714 -4.172844 -9.399545
-53.127082 -4.109240 -8.831589
-52.833461 -3.941782 -9.660516
-50.731729 -4.603995 -8.988324
-54.698050 -4.642994 -8.632678
-51.905166 -4.367555 -8.411109
-56.858415 -1.413103 -11.413392
-55.506519 -2.528238 -10.864339
-55.307144 -2.406201 -11.187216
-54.552634 -1.035887 -11.580752
-54.432593 -0.063138 -11.749904
-53.821233 1.230744 -11.551859
-55.825992 0.219100 -11.635350
-53.785695 3.198733 -11.000369
-54.008823 2.552627 -11.036451
-53.906288 4.117982 -9.875875
-51.793169 3.207212 -10.107635
-51.326535 3.829599 -9.894285
-50.836172 2.657013 -10.683626
-49.206231 4.067592 -10.090964
-51.460389 2.014172 -10.989122
-48.553483 4.606487 -9.877683
-47.341273 2.922835 -10.362982
-47.335847 3.947998 -10.261290
-47.071982 4.198390 -9.767504
-54.454817 4.573793 -9.192808
-52.424441 4.502037 -9.339274
-50.587784 4.586611 -9.501832
-52.375976 4.742570 -9.181198
-56.887824 4.566380 -10.476155
-55.912341 5.046687 -9.819029
-56.922077 5.930827 -8.323872
-54.671846 5.417085 -9.034600
-54.751605 5.917732 -7.684258
-48.223024 5.265824 -9.624579
-49.744166 4.950328 -8.621069
-52.890883 5.282400 -8.516642
-52.633130 5.594689 -7.742909
-51.112444 5.313472 -8.647769
-51.120178 5.763005 -7.727306
-49.888732 5.520310 -8.145011
-48.250973 5.685166 -8.781561
-48.741197 5.813086 -7.888096
-47.644097 5.840514 -8.356315
-46.663349 5.788942 -9.227411
-46.248494 6.190438 -8.727866
-47.274606 6.728789 -7.291112
-57.153822 6.985980 -4.580960
-56.589370 7.124943 -3.207839
-55.526381 6.678500 -4.226509
-55.757052 6.688665 -4.943371
-56.756250 6.512030 -6.409895
-54.982527 6.329201 -6.032018
-55.098078 6.432431 -2.977346
-53.643719 6.460952 -3.875182
-54.217306 6.055033 -4.865114
-52.904747 6.054218 -5.383242
-53.779713 5.890602 -6.833557
-55.572386 6.259406 -7.429731
-52.283823 5.757858 -6.936419
-51.129839 5.723749 -6.811682
-51.755856 6.185885 -5.467545
-50.564983 6.229579 -5.215418
-48.734227 5.958152 -6.868315
-49.140514 6.432876 -5.640138
-45.081365 1.100060 -10.091707
-46.874506 -0.056741 -10.374554
-44.981971 0.262033 -10.273587
-47.043626 -0.803374 -10.304321
-46.944743 -1.762972 -9.872671
-43.228788 1.824859 -10.384972
-39.844147 1.963399 -10.070299
-40.438083 1.210438 -10.016406
-43.152040 0.965509 -10.574306
-42.922459 0.253638 -9.800821
-39.026954 0.474323 -9.372589
-43.117950 -0.663098 -9.615293
-38.016444 0.055691 -9.098587
-45.112335 -0.372331 -10.126207
-43.444091 -1.122230 -9.437623
-45.170181 -1.535292 -9.700495
-38.795513 -0.848768 -8.446613
-46.412795 7.376473 -3.288555
-47.163623 6.714299 -2.972965
-46.670427 7.282364 -4.259201
-47.774958 6.570062 -3.828929
-42.995030 8.776056 -3.356576
-44.802862 7.727188 -2.789504
-42.691398 9.388957 -4.087563
-49.641754 6.530616 -3.985369
-48.813028 6.344649 -3.470158
-47.860376 6.866824 -4.577630
-47.839798 6.610134 -6.391591
-46.096761 7.388931 -6.940279
-43.370476 8.276268 -6.689789
-44.603796 8.195758 -7.326606
-42.606855 8.607916 -7.755668
-46.593567 7.551155 -6.287432
-43.792394 8.827860 -5.556365
-46.473885 7.363647 -5.251591
-42.491775 8.936506 -5.032599
-41.156588 9.574669 -4.100080
-41.531840 8.739011 -2.724424
-41.250868 9.120108 -3.184996
-41.259645 9.537410 -5.083151
-42.150119 9.345716 -5.901520
-40.842207 10.025827 -6.025367
-44.241765 6.638035 -9.101202
-44.860226 7.110939 -8.153809
-44.884970 7.330249 -7.639686
-43.496085 7.823264 -8.635228
-43.722344 7.343091 -8.953628
-42.032600 8.910810 -6.544591
-40.653367 9.075618 -7.670096
-40.972129 9.586850 -6.615424
-41.991019 8.360041 -8.856681
-40.405095 8.363104 -8.363676
-41.641211 7.417795 -9.275507
-39.812968 8.072972 -9.187012
-41.407710 7.115310 -9.533815
-39.823520 7.467449 -9.593406
-42.653555 6.737943 -9.780111
-46.758148 -0.027300 -1.655888
-45.378506 1.085399 -1.463382
-47.189852 1.299808 -1.086477
-44.783017 0.041354 -1.914052
-42.996228 -0.182747 -2.840405
-43.775219 0.679075 -2.151679
-41.230837 0.846935 -2.248229
-38.240392 0.987677 -1.618281
-45.113953 1.719191 -1.522037
-43.097599 1.438771 -1.601774
-44.767827 2.136149 -1.109897
-42.454256 2.107016 -1.025792
-46.197650 3.824152 -0.651508
-44.892952 2.803236 -1.131857
-47.462068 3.282124 -1.096591
-46.411425 2.394082 -0.766756
-46.753199 2.014285 -0.643077
-47.906536 2.875040 -0.784630
-46.061964 5.608895 -1.356706
-48.679638 5.215779 -2.052458
-46.735129 4.633401 -0.811847
-47.545999 3.855807 -1.368484
-48.242648 4.125732 -1.298273
-45.866304 4.276288 -0.704690
-47.793236 5.829591 -2.193762
-44.699845 6.833382 -2.108031
-49.468900 5.650279 -2.388182
-44.235816 6.764485 -1.593466
-43.618634 5.838844 -1.250177
-44.174288 5.146237 -0.691240
-44.549920 3.407573 -0.783836
-43.422725 4.207579 -0.789664
-42.008739 5.823802 -0.522381
-42.277880 3.675849 -0.523311
-40.885664 4.951925 -0.279942
-40.882401 4.104268 -0.701304
-42.698923 3.038357 -0.746131
-40.380683 2.923294 -0.479354
-39.846786 2.321596 -0.637825
-39.339596 1.368929 -1.296334
-42.288191 6.278307 -0.900543
-42.480084 7.094375 -1.227928
-41.500494 8.558045 -1.586360
-45.004749 -2.242345 -8.089169
-45.657396 -2.166049 -8.867049
-46.320380 -2.558282 -8.715453
-44.523421 -2.082610 -8.937406
-46.803520 -3.417420 -8.145208
-44.660123 -2.416825 -7.490990
-46.085056 -2.908760 -8.690403
-50.766064 -3.008963 -10.268042
-50.735054 -2.507789 -10.586314
-49.521169 -3.336472 -9.720624
-50.860911 -1.813260 -10.317729
-50.340075 -4.484414 -8.269583
-50.584433 -4.608569 -8.035616
-50.491146 -3.493113 -9.814468
-49.343159 -4.388884 -7.931784
-49.261152 -3.886443 -8.862139
-49.445804 -4.172352 -9.546747
-47.874621 -3.735048 -8.507265
-48.117277 -3.608061 -8.844345
-47.180453 -2.384069 -9.139538
-48.208693 -2.806155 -9.485001
-47.824972 -1.935538 -10.351006
-48.397186 -1.815550 -10.341851
-47.020863 -3.582358 -7.583647
-49.684655 -4.640136 -7.558966
-53.640742 5.863160 -2.722385
-51.498799 5.724856 -2.957345
-52.521956 6.318664 -3.379054
-50.608222 6.376602 -3.559961
-53.017152 5.922831 -4.780114
-51.153964 6.231198 -4.221117
-17.523684 3.786593 -7.562036
-16.528228 4.087345 -7.704544
-15.585427 4.740090 -6.940763
-17.794382 7.482803 -6.066158
-14.949513 6.266363 -6.343380
-16.276020 6.850932 -6.411604
-14.463205 5.465309 -6.889698
-14.734945 3.016465 -1.394891
-15.954543 2.340694 -1.665181
-16.599011 3.274402 -1.052596
-15.400669 1.795756 -2.030035
-14.719983 1.016024 -2.606453
-17.213947 8.117408 -4.156638
-17.469127 7.882052 -5.158917
-17.066938 8.313346 -2.987875
-16.781918 7.512071 -2.476349
-16.724777 5.960776 -6.734390
-16.468859 1.505702 -6.871405
-16.370495 2.296505 -7.274023
-16.385216 0.700527 -3.116663
-17.193288 0.323327 -4.227275
-15.042519 3.678738 -1.137551
-14.869163 5.381770 -0.973376
-16.800245 3.944014 -1.128091
-17.428985 7.209573 -1.828736
-15.332940 6.190755 -1.590312
-17.630760 6.596824 -1.081730
-16.908392 5.567261 -0.964156
-35.444361 4.084452 -10.272535
-35.453780 5.456562 -10.056496
-36.558405 3.021270 -9.930836
-32.156526 7.679180 -9.679350
-33.392899 7.134751 -9.744958
-30.796445 7.461958 -9.341626
-31.482240 8.954481 -9.030170
-30.775970 7.041921 -9.622441
-36.833121 6.460205 -10.090509
-37.409550 6.701191 -9.777244
-30.849194 4.329188 -10.014221
-31.320247 5.305517 -9.680877
-31.351639 3.349378 -10.096616
-31.949999 6.428626 -9.632560
-29.770921 8.864303 -8.932273
-27.581638 7.683217 -8.437196
-28.368017 8.675984 -8.247355
-29.196236 7.446198 -9.203263
-26.188664 6.506347 -8.870452
-26.455149 6.823689 -8.423736
-27.486215 8.515263 -7.965230
-25.437595 8.180591 -8.165786
-25.725412 8.782884 -7.232244
-33.141107 1.777689 -1.890192
-34.643904 0.974025 -3.218623
-31.353652 1.438057 -2.252907
-37.061927 0.877050 -2.110593
-36.524760 -0.435920 -6.054179
-31.225750 0.342833 -4.144066
-30.011401 1.968128 -1.689123
-31.792309 1.853580 -0.955263
-29.059774 1.197546 -3.368913
-27.369433 0.524335 -4.751248
-26.940061 1.161611 -3.738335
-30.052947 9.655650 -2.352738
-31.048269 10.284389 -3.260846
-30.032875 9.932110 -3.440148
-31.221740 9.827285 -2.071713
-32.442051 9.708077 -2.027668
-28.630069 9.653436 -3.480565
-28.627621 8.687573 -2.311582
-26.835597 9.330647 -4.542075
-26.626158 9.467583 -3.515425
-26.409639 9.065398 -2.988381
-26.950108 8.797691 -2.321045
-27.413462 8.126287 -1.299998
-24.010019 9.312341 -3.661543
-23.495766 8.900756 -2.822339
-24.091364 8.107164 -1.871317
-26.041521 7.354200 -1.192311
-26.194029 8.932558 -6.913618
-26.508350 9.549308 -6.105698
-24.081891 9.103142 -6.251143
-23.201667 9.028759 -5.079297
-26.458082 9.346536 -5.486045
-24.637836 9.405950 -4.911258
-23.686513 5.757965 -0.040471
-23.023463 4.889845 -0.075319
-25.687943 4.909157 -0.274945
-22.201993 6.410323 -0.895072
-21.431440 5.440850 -0.583606
-25.277051 6.332673 -0.385434
-22.342189 6.680172 -1.134344
-23.104794 7.271357 -1.363149
-25.318168 7.080899 -0.815192
-20.968396 7.551071 -1.844280
-19.298047 8.164885 -2.391206
-19.937320 8.372354 -3.386552
-22.204865 8.835254 -3.704260
-19.803159 8.704800 -4.130828
-17.639858 4.599119 -7.504508
-19.674070 4.480074 -8.360144
-30.035328 5.961476 -9.984496
-28.125457 5.394959 -9.785741
-26.085389 5.731106 -9.306412
-27.247237 4.423087 -9.121026
-26.795627 3.411560 -8.827847
-23.572610 5.389664 -8.776779
-23.973214 6.406832 -8.568863
-24.496871 5.179351 -8.970256
-24.051282 6.932382 -8.351125
-21.152221 8.640061 -4.678795
-19.754260 5.523471 -7.956078
-18.870090 6.409247 -7.066789
-22.398024 7.165374 -7.481628
-20.499008 6.869036 -7.340818
-19.138897 8.411578 -5.289506
-21.432437 8.853339 -5.432899
-21.695854 8.249400 -6.131878
-20.687132 7.828166 -6.181786
-21.747966 4.841498 -8.279116
-19.155874 1.969731 -7.453427
-20.513566 3.383317 -8.286234
-23.870707 4.079163 -8.638860
-23.001719 3.066531 -8.533021
-26.530395 1.381233 -3.064253
-21.578749 0.289406 -4.192953
-20.146557 0.742963 -3.693662
-22.436163 1.480067 -2.560367
-19.139389 1.249022 -2.267006
-17.555154 1.888200 -1.867226
-29.239883 2.529318 -0.458605
-28.158213 2.018928 -1.092090
-26.554817 2.143292 -1.855168
-28.050466 1.827789 -2.274479
-24.754827 2.997348 -0.624184
-22.825912 2.522269 -1.112993
-26.998015 3.046117 -0.690268
-25.410450 3.645566 -0.348327
-24.348135 1.407401 -1.799062
-18.565095 3.210381 -1.069679
-20.403202 2.227456 -1.895640
-20.750116 2.771359 -1.125947
-18.876646 3.828450 -0.595403
-20.764576 3.295128 -1.012615
-20.829825 3.828343 -0.832935
-18.926355 4.668323 -0.562242
-19.763169 5.977465 -0.791082
-19.462348 6.602049 -1.562946
-20.787166 4.477723 -0.155387
-23.086748 3.295842 -0.995930
-23.148618 3.840591 -0.446504
-22.417524 1.881506 -2.109435
-22.814317 4.645628 -0.152380
-24.717104 4.271426 -0.484727
-36.363815 1.881796 -10.021562
-36.816949 1.360297 -9.797950
-32.406571 2.338442 -9.580577
-30.093880 2.372106 -9.664754
-30.949165 1.753566 -9.474081
-26.514873 1.632851 -8.498771
-27.123370 2.750907 -8.990358
-36.577805 0.230481 -9.454643
-33.497200 0.461987 -8.422414
-26.853444 1.240637 -8.108981
-27.454190 0.597981 -8.147928
-31.759777 0.951510 -8.749586
-34.278423 -0.246796 -7.599159
-34.636388 -0.203214 -7.955977
-31.211915 0.029212 -7.493928
-27.337091 0.400451 -7.738192
-28.555860 0.413729 -7.054875
-30.968555 0.006826 -8.114219
-19.980728 1.954554 -7.830654
-20.360857 0.714291 -6.799246
-18.947484 1.035329 -6.781601
-23.562454 2.021434 -8.190104
-22.456534 1.489931 -8.035028
-23.391536 1.169455 -7.661702
-22.774721 0.846603 -6.835475
-25.070530 0.450420 -7.109403
-39.553670 9.978197 -2.801162
-37.145683 10.155956 -3.053024
-37.254542 9.599516 -2.252174
-39.260946 9.998996 -3.806410
-37.192732 10.252162 -3.774001
-39.389299 9.449436 -1.849574
-39.283804 9.933647 -4.742799
-37.431363 10.486166 -4.715011
-38.903394 10.142855 -5.725703
-37.090693 10.526538 -5.597569
-38.871633 9.928474 -6.402293
-36.759543 10.227717 -6.572288
-38.392449 9.398226 -7.501174
-36.039919 9.743668 -7.503921
-38.183713 9.253349 -8.474431
-36.085229 9.303033 -8.449590
-37.740369 8.368304 -9.168591
-35.359536 9.100423 -9.254722
-32.948040 8.645543 -9.433713
-36.282558 8.026710 -9.893882
-33.389224 9.127540 -8.653907
-31.622581 9.458036 -8.547931
-33.409984 9.405456 -7.897033
-33.922360 10.359250 -7.239883
-31.374803 9.577946 -7.809949
-31.711455 10.022590 -7.418967
-34.403357 10.762318 -6.312270
-34.188510 10.583371 -5.436120
-31.978073 10.365390 -6.421337
-32.156604 10.627670 -5.689110
-34.930840 11.030815 -4.622360
-35.227678 10.309964 -3.981765
-32.709777 10.530161 -4.486469
-33.008661 10.707615 -3.866420
-28.907145 9.582847 -7.523152
-30.229250 9.433759 -8.238861
-27.555303 8.990085 -7.609915
-30.345136 9.518773 -7.940554
-30.245869 10.166048 -6.866743
-28.830544 10.011858 -6.384877
-30.347071 10.344773 -6.279929
-30.852009 10.329032 -5.790919
-28.602780 9.965043 -5.896527
-28.816341 10.378491 -5.355812
-30.094316 10.514136 -4.971443
-31.347043 10.623037 -4.235986
-30.239658 10.138215 -3.873861
-35.227787 10.180055 -3.151558
-35.276167 10.219483 -1.926150
-32.752038 10.368147 -3.100942
-28.107050 9.610581 -4.176071
-27.590236 9.888426 -5.079896
-33.955484 2.163962 -0.546172
-35.514566 3.449931 0.322848
-35.325454 2.194580 0.040544
-33.316897 1.819024 -1.092152
-39.649519 7.402763 -0.186651
-39.509645 6.364415 -0.146231
-37.258673 7.394181 0.032166
-37.157476 6.616732 0.333290
-39.527014 8.212101 -0.919206
-37.630354 8.551705 -0.803113
-39.149593 4.558607 -0.316404
-37.367024 4.691972 0.330158
-36.998414 3.714563 0.005773
-38.951332 5.198428 -0.075098
-37.093054 6.030887 0.381918
-35.206563 5.907978 0.675229
-35.364425 6.964207 0.093458
-33.341150 7.093233 0.300269
-35.122870 5.172010 0.336309
-33.644065 6.369712 0.482793
-33.225862 5.193973 0.810787
-31.381183 2.165157 -0.501979
-32.354348 2.743704 -0.135172
-29.908591 3.504090 0.096803
-29.155673 3.375265 -0.062194
-28.721302 3.977996 0.009696
-28.838673 3.923866 0.147136
-30.297325 4.239370 0.509821
-28.521279 4.925796 0.278940
-32.024739 3.268055 0.538295
-33.777551 3.528543 0.166538
-33.824491 2.862750 0.107517
-32.637712 3.914863 0.692654
-35.304360 4.247351 0.781556
-33.731743 4.416011 0.582538
-32.197345 4.909025 0.311410
-32.332271 5.845018 0.503948
-29.741093 5.727430 0.014980
-30.950819 4.740856 0.620321
-28.857851 6.543680 -0.391439
-31.741828 6.625655 0.117426
-31.838392 6.961363 0.184263
-29.117212 7.169171 -0.161105
-28.689371 5.435260 0.310303
-26.744480 3.605106 -0.208449
-39.734282 9.002896 -1.661007
-37.418833 9.229975 -1.243058
-35.130707 9.417670 -1.199913
-35.259809 8.566496 -0.552429
-32.788406 9.160918 -1.378362
-33.023787 8.674358 -0.655020
-31.294339 9.155358 -1.359830
-31.888006 8.566438 -0.788466
-35.442383 7.887941 0.176438
-33.067575 7.876545 -0.371377
-31.823443 8.103286 -0.356114
-29.563632 8.222623 -0.629418
-28.971271 8.234202 -1.266085
-28.141832 7.770017 -0.734900
-15.859004 0.347839 -4.754398
-15.247599 0.329287 -5.556031
-36.364607 -0.792540 -6.671637
-33.727752 -0.617735 -6.526191
-34.354361 -0.719352 -6.776150
-27.476496 0.361708 -6.284685
-30.892244 0.079005 -6.436042
-31.156039 0.118469 -5.805238
-27.275493 0.218729 -5.985578
-28.285734 0.434769 -5.586751
-31.692066 -0.138062 -5.278385
-22.793435 0.255276 -6.225301
-21.813303 0.214627 -5.941838
-23.977263 0.346864 -5.251385
-19.684037 0.181140 -5.029656
-19.991836 0.255974 -6.319427
-18.247087 0.315028 -5.815668
-6.835537 5.492216 -6.294272
-7.903109 2.525135 -6.238712
-7.907014 3.476218 -0.579779
-7.765513 5.722021 -0.922892
-7.528914 7.686953 -3.395881
-6.122689 7.238958 -4.581580
-9.028144 -1.059257 -3.685388
-8.744619 -0.904861 -4.136370
-8.337660 -0.788309 -3.201203
-8.619997 -0.091364 -2.549206
-7.734908 1.007837 -6.473890
-8.652809 -0.317023 -5.117782
-8.589232 0.306896 -6.002550
0.658871 -4.766396 -11.526622
1.337756 -4.340365 -11.243916
0.820174 -3.506193 -11.120530
0.064733 -5.230336 -11.875889
-1.104879 -3.771519 -11.034987
-1.751045 -4.973791 -10.137674
-0.247589 -10.774713 -5.163454
-1.260426 -9.173401 -4.880550
0.023957 -9.753741 -4.795645
-1.353270 -8.921601 -4.556903
-1.559517 -9.795400 -6.764789
-0.957063 -11.022819 -5.998225
-1.809256 -8.967750 -5.612562
-2.418658 -7.068253 -5.129806
-1.845002 -8.955668 -8.210426
-1.828624 -9.530878 -7.200044
-2.415714 -7.881814 -7.910270
-1.250366 -6.023418 -10.826225
-1.054007 -7.588468 -9.651579
-1.553632 -5.768272 -10.010144
-1.633597 -7.752567 -8.744170
-2.569349 -6.075947 -8.802134
-1.847035 -4.774776 -9.883070
-0.529649 -1.535226 -10.543096
0.441093 -1.152306 -10.025060
-0.539515 -2.186712 -10.328990
-0.641178 0.305852 -9.168645
-2.101981 0.210017 -8.862764
-0.315260 0.103074 -9.484731
-1.634630 -2.578726 -10.229852
-2.928563 -2.278292 -8.817976
-0.786513 -8.638844 -4.373992
0.084496 -8.322512 -4.389810
0.458586 -7.400338 -4.374061
0.401865 -9.696424 -4.910790
1.002116 -8.523474 -4.624264
1.416735 -9.650420 -4.712120
-3.750842 -6.004091 -5.149680
-3.704489 -6.125812 -5.672123
-2.639940 -7.899400 -5.943292
-3.644554 -5.820131 -4.470186
-2.663347 -6.864772 -4.305653
-3.630575 -5.253557 -7.487672
-3.303097 -6.953529 -7.201552
-2.278477 -3.700609 -9.336134
-4.671228 -3.875279 -6.838240
-3.036886 -5.755430 -7.990077
-3.502840 -3.314176 -8.922760
-4.704540 -1.706540 -7.625069
-4.829387 -2.881724 -7.571566
-1.367201 6.093455 -0.018123
-2.489280 5.984591 -0.563864
-2.961893 6.506081 -0.288669
-1.901761 4.233810 -0.165376
-1.592003 4.394814 -0.141852
-1.489351 6.746802 -0.453002
-2.346687 1.552242 -0.845213
-3.123335 0.585995 -1.182144
-1.381952 2.844493 -0.606574
-1.728920 1.347673 -1.411892
-3.180344 2.827111 -0.843971
-3.424670 5.517240 -0.395006
-4.412870 3.453825 -0.936174
-1.880444 8.085346 -4.863361
-1.724605 6.943713 -5.271278
-3.334735 7.731719 -4.622634
-3.926139 7.282098 -5.155222
-1.630648 8.445277 -3.612210
-2.735092 8.822861 -3.678963
-4.453269 7.029566 -5.008560
-7.193428 3.101990 -0.572848
-7.053659 3.442912 -0.256384
-7.058984 2.218500 -0.707447
-6.329603 3.115428 -1.102359
-6.298271 2.419437 -0.806091
-6.276214 4.541808 -0.642556
-3.885405 5.888719 -5.744083
-4.193676 5.068465 -6.165169
-4.411799 5.858811 -5.628087
-5.319493 6.262466 -5.484783
-5.195728 6.048572 -5.761504
-6.244651 5.648780 -6.603031
-5.104956 5.162441 -6.036891
-6.975792 4.897600 -6.336164
-5.799564 3.916594 -6.112677
-6.324042 3.101841 -6.163514
-6.775992 6.626465 -5.926792
-6.959004 4.969603 -0.801169
-3.673335 1.813212 -0.786576
-4.955029 1.106157 -1.185735
-5.155881 7.594369 -4.223815
-4.670685 8.106415 -3.291581
-5.995960 6.804253 -0.873013
-5.754502 5.719662 -0.561705
-5.148371 6.652240 -0.549525
-2.378007 7.510616 -0.308015
-3.041799 7.733261 -0.702345
-1.166378 7.668828 -1.028291
-2.144402 7.935721 -0.938086
-0.559189 8.115743 -1.654340
-4.325705 8.159283 -1.393467
-4.271922 7.487871 -0.677979
-2.595391 8.552197 -1.600845
-3.548275 7.432885 -0.638979
-2.877864 8.589182 -2.206295
-3.807439 8.812466 -2.609890
-2.224646 8.919964 -2.415139
-1.699942 8.963681 -1.691771
-1.070517 8.514769 -2.894777
-7.513092 7.642023 -1.519441
-5.925122 8.453681 -2.580790
-5.530782 8.476905 -2.085083
-5.505358 8.232977 -2.002891
-7.686702 1.694307 -0.950424
-7.091108 -0.680297 -2.630841
-7.250481 -1.677684 -2.952492
-5.414124 -3.220985 -3.237267
-5.881839 -3.521155 -3.662861
-4.519793 -3.163913 -3.004598
-7.415079 -1.497851 -3.796564
-6.656517 -2.759179 -4.070348
-7.225414 -1.656957 -4.248741
-6.322096 -2.847020 -5.091917
-7.311113 -1.645619 -5.355967
-5.936723 -2.979779 -5.970852
-6.728630 -2.364628 -4.636594
-7.540823 -1.601977 -4.939780
-5.525257 -4.418150 -4.974801
-8.561918 -0.938692 -5.649941
-5.066375 4.133200 -0.584630
-5.226693 2.034318 -1.295180
-2.086988 -6.481128 -4.181160
-1.249668 -6.282786 -3.800551
-1.150966 -4.965061 -3.534544
-0.446431 -5.044549 -3.567970
-4.738175 -4.892317 -4.390110
-2.923325 -5.382849 -3.794770
-4.147866 -5.617320 -6.193404
-0.461836 1.237660 -8.385035
-2.555772 -4.672443 -3.560549
-3.114617 -2.584513 -2.707813
-1.806010 -4.963030 -3.640625
-1.370410 -2.774228 -2.986028
-2.236384 -2.024784 -2.773522
-2.189715 -0.978166 -2.345272
-1.899852 -0.443745 -2.821912
-1.837905 -1.628119 -3.276062
-2.429048 0.339835 -1.517992
-3.334969 -0.507968 -1.752837
-2.901907 -1.390074 -2.471904
-2.443338 1.925623 -8.339517
-1.706313 3.525720 -7.564124
1.328438 -4.696087 -11.140382
1.490917 -5.824213 -11.030588
1.884644 -4.449097 -10.826204
1.495773 -6.765281 -11.161089
1.925219 -6.702666 -10.254535
1.662664 -8.287136 -4.459348
1.733317 -9.661441 -5.041005
1.974278 -8.117513 -5.175042
1.050860 -7.233332 -4.586285
1.080522 -6.729437 -4.845156
2.148632 -7.918842 -5.722055
2.234491 -9.337222 -6.584964
1.436221 -7.073779 -5.257889
1.930477 -9.144835 -5.973246
1.722295 -10.568834 -5.322049
2.279777 -10.055933 -5.851143
2.487489 -10.055807 -6.637575
2.459727 -10.425800 -7.594063
2.185495 -9.044906 -7.368540
2.376410 -8.444005 -6.864112
1.739250 -7.284443 -6.328298
1.916609 -9.836272 -8.715238
1.631181 -8.636318 -8.569764
2.198672 -7.200593 -7.400666
1.222542 -6.477087 -5.462239
1.893236 -6.393285 -6.515921
1.078357 -5.260941 -5.601308
1.431401 -6.173590 -6.619392
-0.213653 -4.772281 -3.942927
1.407477 -7.296813 -8.089711
-0.023921 -2.826205 -4.193451
-0.360536 -2.364004 -4.003318
-0.887830 -0.751980 -3.658033
0.099114 -1.983620 -4.932654
0.131273 -3.120161 -4.570369
-0.192265 0.189803 -3.877469
0.060407 -0.231735 -4.406289
-0.578978 -0.085750 -2.817286
0.518592 -0.231830 -5.362627
0.352102 0.937755 -4.899778
0.707067 1.481811 -5.976048
0.182907 -2.057976 -5.823944
0.633462 -1.657199 -6.910045
0.154918 -2.919956 -5.308462
1.068438 -2.828337 -10.266490
1.458854 -3.485587 -9.789127
2.095951 -6.099452 -10.116863
2.011119 -9.989223 -9.169654
0.901642 -4.933480 -5.265987
0.222819 -4.915432 -4.555627
0.354543 -3.695833 -6.247814
1.552188 -3.050221 -9.846129
0.679668 0.876050 -7.790575
0.276953 0.631496 -8.989717
0.691470 -1.121151 -8.082556
1.133862 -5.383283 -7.346738
0.902376 -4.638346 -7.371032
1.680477 -5.368659 -8.587140
0.536300 0.674587 -7.654198
1.115562 -1.397386 -7.533420
0.759146 1.916223 -6.667726
0.233271 3.252523 -7.333658
-0.079194 2.318792 -7.926365
1.493084 -8.441310 -10.422519
2.033903 -7.571244 -9.645370
1.844613 -9.207365 -9.999092
1.685157 -8.149172 -8.931179
1.912868 -5.629861 -9.552173
1.230475 -2.940683 -8.944666
0.981232 -2.816609 -7.859471
0.519678 0.706849 -6.493918
2.064714 -6.320045 -9.238291
0.174771 7.256945 -2.485446
0.705750 6.494146 -3.480553
0.554194 6.070801 -2.951319
0.565487 7.681559 -3.370600
0.046173 6.889730 -1.548781
-0.132870 7.617064 -1.805466
0.884177 6.298802 -2.236057
0.564965 5.541344 -5.088479
1.049174 4.680274 -3.695215
0.185242 6.980879 -4.617981
0.302507 5.797987 -5.113543
0.330682 5.178428 -1.084419
0.632565 4.738706 -2.675921
0.697014 4.213029 -1.681767
0.426487 3.400368 -5.565921
0.754531 2.724309 -5.469237
0.446740 5.178673 -5.907093
0.734735 3.437963 -3.700859
0.672837 3.155398 -2.337910
0.407333 1.444235 -3.492666
0.227128 5.208448 -0.578792
-0.172315 6.460106 -0.955168
-0.458670 5.512123 -0.212620
-0.298706 6.975982 -0.322856
-0.060013 4.074343 -1.020594
-0.584073 4.461775 -0.840875
0.143076 7.326781 -1.124191
0.049024 7.444381 -4.716304
0.300227 7.953832 -3.625430
-0.472924 8.460511 -3.604334
-0.108647 6.680749 -5.890023
-0.178315 7.571516 -4.628637
-0.508142 6.567780 -5.910319
-1.291799 5.525225 -6.142852
-1.969687 5.618327 -6.304702
-1.057359 6.850560 -5.843317
-0.834754 5.776871 -6.485165
-0.721374 3.406913 -7.459645
-0.399768 5.074861 -6.521501
-0.396149 3.918060 -6.997936
-0.004313 8.207473 -2.568687
-0.473849 8.438823 -2.453477
0.010708 2.850371 -1.845358
-0.295996 2.716218 -1.048423
0.064990 1.686854 -2.717881
-0.787098 1.413840 -1.595083
-1.527628 0.473799 -1.693251
-7.694805 0.678402 -1.707026
-7.035399 0.611509 -1.938701
-6.097562 -0.397311 -2.330830
-4.353813 -1.747452 -2.363034
-6.800374 1.391586 -1.477539
-5.583499 0.960044 -1.769220
-3.772604 0.614189 -1.047141
-4.101431 -0.425197 -1.894243
-5.492130 0.164725 -7.196315
-4.604508 0.813532 -7.821352
-3.960454 -1.041521 -8.411866
-3.735348 -2.349809 -8.581072
-5.833401 -1.339094 -7.398791
-6.535455 0.857051 -6.864773
-6.661908 -0.064522 -6.842587
-6.355371 -0.837783 -6.650463
-6.773690 -1.423627 -6.123621
-7.477672 -0.319862 -6.378322
-4.013275 3.908929 -6.295242
-3.633210 1.970229 -7.619733
-2.755498 0.881045 -8.512090
-3.287193 -0.412018 -8.502908
-5.086802 2.609488 -6.548453
-5.843600 1.574324 -6.732356
-5.022213 3.667519 -6.592002
-7.167150 2.011866 -6.708987
-2.467010 -6.967529 -8.147031
-4.077059 -5.643712 -6.651138
-4.901465 -4.655180 -6.232400
-7.718379 -0.577476 -5.702269
1.445592 -5.517920 -11.641151
0.121566 -12.455580 -5.867701
-1.498947 -9.394513 -9.021030
-0.630831 -6.164214 -11.709776
-0.947839 -7.049130 -10.621381
-0.881551 -7.406068 -11.125358
-1.410681 -7.315758 -9.872864
0.607809 -10.686408 -5.071883
1.075297 -11.275589 -6.060400
1.425976 -6.861403 -11.356228
1.337854 -7.731361 -11.040968
1.581698 -11.213429 -6.196856
2.136437 -10.975793 -6.974446
2.182474 -11.184235 -7.613146
1.303723 -10.114658 -9.758570
1.419859 -10.541518 -8.545359
1.353808 -9.371393 -9.742927
1.711434 -8.471063 -10.660514
-1.065485 -10.678388 -7.443567
0.295802 -15.378561 -8.613817
0.897310 -15.537048 -8.427792
0.314957 -15.044613 -8.797615
0.357810 -15.243358 -9.251815
0.187217 -14.574995 -9.165348
1.643319 -10.244889 -11.865772
1.476800 -10.271394 -12.278961
0.877360 -15.302475 -9.433811
0.907648 -16.269858 -8.353721
1.518156 -8.508232 -12.752336
1.642149 -8.265873 -11.952814
1.466424 -8.763020 -13.258971
1.770048 -8.625923 -11.638312
1.616518 -8.675411 -11.586204
1.214279 -11.993333 -9.324337
0.891689 -12.310475 -9.039991
-0.059993 -9.500442 -12.050362
1.569724 -10.648643 -11.187523
0.858231 -10.172902 -11.201239
1.326321 -11.187787 -11.561686
-0.316320 -11.109570 -10.394569
-1.098826 -11.006966 -10.110413
-0.223551 -11.613624 -10.373509
-0.636924 -11.752229 -10.039580
0.597008 -12.428189 -12.170102
1.049730 -12.507429 -12.133492
0.128140 -11.555499 -11.951525
0.186994 -11.679875 -11.975565
-0.165480 -11.903082 -11.424441
-0.311564 -11.045205 -11.002464
0.532188 -11.436872 -9.081532
0.533940 -11.309900 -9.068387
-0.529512 -12.189707 -8.825905
-0.820445 -10.884279 -8.376925
0.246325 -11.202644 -8.259502
0.696027 -11.566753 -10.306991
0.272506 -11.068142 -9.634204
-0.468105 -10.359643 -9.242119
-1.007032 -10.257357 -8.945537
2.069221 -13.607255 -8.745766
1.271626 -13.984675 -9.539116
2.033903 -13.423488 -8.504671
1.815429 -13.914159 -9.376105
0.439156 -15.700143 -9.142516
0.081319 -13.896491 -8.355768
0.627442 -14.088647 -8.694259
1.464822 -13.245540 -9.209693
0.593838 -13.073392 -9.191202
-0.522135 -12.739010 -8.102750
0.083150 -14.763664 -7.857870
0.771683 -14.453899 -6.853438
1.097709 -15.125393 -7.256740
0.591467 -13.632369 -6.160080
-0.043292 -13.305452 -6.358724
1.131129 -13.951145 -6.005608
1.209158 -13.801705 -6.277639
1.295484 -14.632536 -7.016579
1.467982 -13.202611 -6.560626
1.537232 -15.117009 -7.101306
2.359455 -14.333888 -8.389123
1.505412 -15.257323 -9.477910
2.110069 -15.193481 -7.441172
1.251489 -15.862589 -8.142061
1.261216 -15.596016 -7.955810
1.572663 -14.901039 -9.785041
1.464905 -15.842728 -9.450945
0.753371 -14.347705 -9.329133
-1.617328 -11.084413 -6.936662
-0.669065 -12.083257 -7.374422
-0.498314 -12.588119 -7.989565
-0.805696 -12.052406 -7.326919
-0.367308 -12.443583 -8.419172
0.579844 -12.383535 -8.889232
-0.303926 -11.812893 -7.929276
-0.743935 -11.772080 -8.325872
0.610745 -12.112700 -8.352092
0.009128 -10.473763 -9.285113
0.695928 -11.083024 -11.072759
1.129952 -12.342190 -11.921078
0.175571 -11.463608 -11.881357
0.306914 -10.977468 -11.212948
0.458101 -9.300541 -12.070639
0.949097 -8.715511 -11.318672
1.289305 -9.868193 -11.881672
0.065186 -9.296200 -11.960302
1.208459 -8.379751 -12.933142
1.130885 -9.103776 -11.605539
1.205531 -9.325260 -11.999500
2.010043 -11.799078 -11.536120
1.690693 -11.421861 -10.891629
1.390008 -13.080727 -10.871273
0.840683 -12.173391 -10.444279
0.925387 -12.942296 -10.725528
1.787098 -12.120467 -10.689274
1.873383 -12.821721 -11.218701
0.795480 -9.675390 -13.072895
0.982132 -9.375109 -13.152778
1.516967 -15.595261 -7.581206
2.086714 -13.746195 -8.064292
1.994847 -14.584314 -7.619450
1.732616 -11.990012 -6.830246
2.065279 -13.111990 -6.944046
1.538152 -11.906014 -6.167418
1.230910 -12.235376 -5.951252
-0.325218 -12.340974 -8.013329
-1.020144 -10.572682 -7.727597
0.832841 -9.612791 -12.237920
1.389966 -9.786075 -12.443711
0.242323 -12.954152 -11.204517
-0.599817 -8.680433 -10.229890
-0.357949 -9.257004 -10.954104
-0.135971 -11.485198 -10.069111
0.670657 -10.564954 -9.607217
0.208154 -10.214553 -9.829279
-0.207664 -9.944740 -10.994090
0.214737 -9.781158 -10.751452
0.415882 -10.267919 -10.397563
-0.932503 -10.421139 -11.220881
-1.030659 -10.317204 -9.469875
-0.643203 -8.874911 -11.980993
-0.970914 -8.701973 -11.414066
0.183380 -8.218138 -11.253687
0.260484 -9.449829 -10.447628
-0.007133 -8.939732 -12.190228
-0.409292 -7.519836 -11.333208
0.487433 -8.764327 -11.867826
1.088472 -7.268139 -12.228761
1.182357 -7.538987 -11.580074
0.930741 -6.343745 -12.125434
1.343255 -7.188661 -12.290101
0.231392 -6.437898 -12.420543
-0.000016 -7.873742 -12.698935
-0.543309 -6.471521 -11.766228
0.507720 -6.976573 -12.396371
1.311751 -10.193042 -10.949109
0.774893 -9.344019 -11.035660
1.766203 -11.650606 -6.647570
-0.529494 -10.740938 -7.810679
0.964927 -12.602303 -8.274038
0.930788 -11.642724 -7.765339
0.813644 -11.087060 -8.281350
1.213881 -11.218536 -8.397844
0.379544 -11.301630 -7.699414
1.274623 -11.501874 -7.412614
1.298631 -11.152750 -7.620100
1.081809 -11.848075 -8.407568
0.897575 -8.527126 -11.625090
0.729201 -7.540714 -11.265123
0.946454 -7.564361 -11.351340
1.823737 -11.504799 -6.792951
1.403351 -9.536240 -12.007163
0.728950 -8.036068 -13.058685
0.792462 -12.018790 -5.974698
0.467114 -12.274068 -6.067170
0.608622 -10.663355 -10.073705
0.907213 -11.072834 -9.188018
0.507701 -9.851216 -10.611878
-0.303680 -9.090025 -10.278537
-0.472106 -8.255755 -11.490139
-0.221835 -7.926450 -11.209855
0.877216 -8.344565 -11.056421
0.509468 -12.018002 -10.450039
0.965131 -11.419140 -11.585158
0.593170 -13.386714 -11.073753
-0.388239 -12.571628 -10.674557
0.610368 -12.669843 -10.691576
0.212015 -13.604972 -10.914520
1.246592 -12.233846 -10.130528
1.096636 -11.934959 -9.632285
1.528044 -12.673726 -9.626634
1.497639 -13.048146 -9.282629
0.677410 -12.623072 -9.303209
0.872382 -13.739357 -9.655620
0.105644 -13.631388 -9.522130
-0.978487 -12.565878 -9.366980
1.405190 -13.176568 -8.859405
1.039327 -13.327578 -9.142256
0.705601 -12.197745 -10.521385
0.512861 -9.722995 -10.941592
-0.003622 -10.358910 -11.436878
1.067894 -7.919794 -11.559757
1.817406 -13.331313 -9.556815
2.079133 -13.073934 -10.255681
1.327886 -14.150546 -11.218237
1.680766 -13.119689 -10.869942
1.591995 -13.098056 -10.788994
-1.033040 -11.720350 -9.597331
-0.849445 -12.056672 -9.408589
-0.865510 -13.017619 -9.744147
-1.124658 -12.151695 -9.151476
-1.009438 -10.284245 -8.534388
0.532752 -14.141046 -9.852821
1.413095 -14.799568 -10.176027
1.442854 -14.453176 -10.582830
1.967978 -14.092915 -9.973072
1.486349 -14.360962 -10.449102
1.333864 -14.733973 -9.918692
1.765934 -13.948419 -10.828627
1.602756 -14.627593 -10.727083
-0.611024 -10.827389 -11.021095
1.720997 -12.355254 -10.938872
0.943771 -11.601463 -10.282360
-0.960512 -10.593291 -10.686733
1.695116 -13.350982 -11.242500
1.229131 -13.440662 -11.647659
1.520960 -12.915494 -11.751490
0.197936 -12.621687 -11.131804
1.050678 -13.307604 -11.492008
0.791717 -10.899915 -10.241834
-1.495749 -9.073270 -9.090181
-1.203829 -8.508881 -9.306783
0.979040 -10.932977 -11.133284
-0.292287 -11.946176 -11.420457
-0.059543 -9.885890 -11.528761
1.168534 -11.397448 -12.268112
1.471329 -11.009731 -12.753634
1.175813 -11.386023 -12.285997
1.166777 -10.722892 -12.379327
0.711690 -10.586769 -12.331987
-0.480234 -8.762196 -11.206976
1.608634 -9.910821 -11.382015
-1.024721 -8.086653 -10.243020
-0.945980 -7.253968 -10.352009
0.181518 -7.367823 -11.056017
1.111813 -9.365936 -10.384900
-1.567617 -9.123346 -8.823093
-1.112173 -9.933466 -9.122496
0.587954 -11.255591 -8.134278
-1.245422 -9.841339 -7.570796
-1.068704 -10.182562 -7.749256
-0.991425 -8.797153 -9.557057
-0.869175 -8.931741 -9.938959
-0.618274 -12.994863 -6.674728
-0.138813 -14.048683 -7.093788
0.547289 -9.101511 -13.263994
-0.742151 -7.097825 -11.679772
-0.198466 -8.562032 -12.846841
-0.293023 -8.510727 -12.602385
2.100687 -13.863623 -10.431096
0.848436 -13.559071 -10.377532
1.881723 -14.329607 -9.561122
1.226351 -13.304581 -11.510036
2.076019 -12.936775 -11.361383
1.652105 -11.173421 -11.887756
0.993898 -11.435028 -11.804541
1.367953 -7.261785 -11.519169
1.339285 -10.931643 -7.746469
1.227030 -10.792232 -8.494805
1.306105 -10.334621 -9.373209
1.352179 -9.564245 -10.655175
1.241300 -8.674030 -11.108569
1.823332 -15.282987 -8.786885
