1.763921 -54.936102 7.959081
0.954129 -56.087011 6.741309
1.325496 -54.251790 6.153989
3.534700 -49.456348 10.881594
1.798608 -53.187819 6.914958
2.649917 -52.025653 7.924615
3.333601 -50.782046 9.413915
3.182761 -48.454102 11.812922
0.039359 -54.334008 3.165337
-0.903401 -55.556164 2.563968
0.650562 -53.378377 3.720762
1.600972 -51.317798 4.901152
2.458689 -49.772955 6.411494
1.004086 -52.453070 4.296231
2.462549 -47.212654 8.984978
2.683477 -48.313422 7.886921
1.952329 -46.348464 9.804304
-11.336086 -35.294029 -12.161469
-11.236169 -35.465555 -11.048395
-11.566569 -35.523610 -9.524757
-11.504207 -35.575915 -10.062288
-11.006387 -35.868450 -8.342632
-9.924447 -36.668963 -8.094808
-5.619713 -41.677514 -12.650874
-8.291672 -40.309814 -16.156030
-7.514578 -41.130017 -15.332407
-7.074036 -41.735183 -14.961068
-6.102200 -42.005825 -14.213530
-8.908979 -37.467461 -8.170178
-6.502524 -39.162188 -8.722340
-8.040001 -38.297437 -8.424779
-5.791564 -39.866981 -9.410217
-4.677933 -39.343067 -8.096346
-4.522638 -38.361487 -7.195720
-5.246943 -40.878959 -11.121476
-9.751826 -34.705336 -11.658538
-9.874815 -35.754023 -7.511847
-9.323143 -36.386941 -7.346797
-8.705027 -35.937754 -6.740100
-9.204728 -35.399453 -6.801719
-6.720780 -36.172475 -5.836524
-7.718020 -37.218205 -7.066820
-5.755376 -37.152052 -6.402845
-6.928247 -38.067010 -7.464542
-10.407669 -35.045250 -8.613708
-9.520976 -34.364128 -8.092533
-8.317063 -33.284731 -8.605271
-10.218706 -34.845403 -9.503965
-8.163827 -33.272466 -9.392700
-9.816056 -34.715504 -10.733255
-10.402150 -35.232356 -8.125919
-8.527278 -37.264008 -7.543584
-7.454165 -38.072429 -7.918307
-9.419333 -34.832072 -7.230160
-10.248250 -35.402007 -7.799192
-5.446220 -39.225766 -8.372370
-7.070517 -34.915777 -5.521022
-7.638179 -34.097596 -6.032942
-8.029633 -33.154371 -7.696350
-8.599902 -34.062054 -7.013841
-5.411226 -40.075485 -9.725545
-5.032749 -40.402870 -10.241031
-4.523961 -40.377842 -10.024995
-4.205350 -40.915098 -11.007834
-5.309552 -41.725455 -13.322255
-4.953771 -41.693355 -13.246412
-4.104625 -41.316461 -11.899000
-3.339443 -41.083245 -11.826859
-3.862156 -41.196417 -12.726952
-7.412105 -39.694380 -15.955171
-6.057499 -39.726166 -15.004955
-6.667441 -40.628398 -15.014306
-4.999109 -40.113214 -14.269485
-6.184128 -41.078530 -14.613914
-4.844167 -40.966089 -13.807387
-5.651003 -41.874585 -13.919879
-4.064453 -41.073608 -13.145883
-2.387944 -40.923376 -11.430449
-2.481427 -40.518598 -10.238778
-3.109078 -39.773705 -8.724116
-7.888958 -38.054746 -8.195717
-6.117955 -39.111865 -8.566079
-3.406911 -40.789290 -10.594686
-3.961553 -40.164180 -9.154193
-5.265920 -38.929436 -7.722639
-7.261449 -36.763385 -6.575738
-8.216530 -35.674048 -6.232271
-8.495325 -34.821829 -6.467794
-11.395960 -35.588246 -8.849533
-5.546858 -40.496987 -10.124746
-5.801812 -41.977659 -13.509696
-11.609697 -37.436472 -6.243729
-10.927982 -38.769175 -2.949719
-9.748191 -38.628264 -3.180025
-10.329694 -38.036030 -5.093095
-8.668162 -39.042227 -3.239369
-9.482340 -38.422395 -5.213055
-7.084400 -40.262267 -5.252502
-5.298445 -41.766654 -6.722054
-4.815328 -42.889866 -8.605683
-4.301849 -43.874737 -8.608536
-4.616718 -45.946571 -9.058503
-4.162189 -46.597919 -8.071855
-3.818028 -45.419211 -8.088660
-3.224701 -44.778177 -6.758649
-2.892002 -44.216894 -4.933147
-4.232283 -42.412525 -4.082972
-5.539245 -41.369583 -4.058513
-7.238415 -40.058825 -4.186244
-6.363945 -40.574754 -2.518847
-8.130550 -39.396220 -1.983874
-9.341602 -39.043168 -1.866500
-10.778651 -39.183373 -2.034081
-10.320583 -40.679810 0.758258
-7.656178 -39.762944 -0.674355
-3.241996 -42.823366 0.619886
-2.036140 -45.908735 -4.490688
-2.981662 -47.679107 -5.571506
-1.451732 -47.743172 -3.075540
-1.161607 -49.140823 -1.911248
-1.256809 -46.769168 -2.764694
-0.552575 -47.777831 -1.038236
-1.218169 -45.740344 -1.964600
-0.392799 -46.745246 -0.221050
-2.209320 -43.802371 -0.581200
-0.698230 -44.559168 1.634304
-1.837294 -43.253669 2.873261
-4.539474 -41.823132 1.379228
-3.276200 -42.401652 3.516330
-6.620250 -40.944224 2.296071
-6.040110 -41.806803 4.175859
-2.045720 -54.261502 -0.179088
-0.982864 -52.932957 0.373414
-0.534706 -52.169288 0.693177
-0.188125 -51.320227 1.081948
0.585269 -49.719937 1.740030
0.292160 -50.520210 1.395075
1.182567 -45.735562 5.107132
0.160264 -44.249120 6.469515
-1.319591 -43.536888 7.098041
-2.774189 -43.120011 7.424787
0.962360 -48.483585 2.761423
-3.883621 -55.643000 -0.792616
-5.776813 -56.422562 -0.914093
-15.113128 -46.604998 -6.794132
-15.421526 -45.880431 -5.772805
-15.542486 -45.166111 -7.534365
-15.310488 -45.010307 -9.182539
-15.011700 -46.167387 -8.056355
-14.484203 -46.751114 -8.498723
-14.344138 -48.453870 -5.964603
-14.104660 -44.997259 -12.529566
-13.986971 -45.892464 -11.198992
-14.943231 -44.862565 -11.410564
-15.063677 -44.161586 -12.439053
-15.569005 -43.846915 -11.084544
-15.673631 -43.115321 -12.079233
-15.763650 -42.324033 -11.234517
-15.615696 -41.271360 -10.964995
-15.292260 -39.639572 -11.599132
-14.710072 -45.643000 -10.291291
-13.725122 -47.742389 -8.316778
-15.664253 -43.223363 -9.540056
-3.219064 -46.064702 -6.901604
-5.978583 -44.981843 -11.164007
-5.235658 -44.776998 -10.425270
-3.406742 -48.394476 -5.710256
-5.307549 -48.148893 -8.615682
-6.988450 -47.306179 -10.486177
-6.468176 -47.647436 -9.967877
-5.848295 -49.151195 -8.407407
-6.752760 -49.190598 -8.904886
-5.448374 -50.528325 -6.957836
-7.139056 -51.113196 -7.137429
-5.304170 -46.310219 -9.644793
-5.936451 -47.275059 -9.801821
-6.500943 -46.408576 -10.714866
-6.214463 -45.677182 -10.875773
-4.401636 -49.855881 -6.439618
-13.520537 -48.555118 -7.545975
-14.024624 -48.243185 -7.109342
-12.910256 -47.976977 -8.921617
-12.330219 -50.581018 -6.228650
-13.269354 -49.895019 -5.995970
-12.740429 -49.051510 -7.747383
-15.613030 -41.885741 -9.602071
-15.181879 -39.636204 -10.556014
-14.770824 -38.846975 -10.042302
-14.543612 -37.988212 -10.916700
-15.259368 -41.009462 -8.592341
-15.669275 -44.350512 -7.505593
-15.499457 -40.044941 -13.417499
-15.178498 -39.076436 -12.785590
-15.429051 -44.321684 -5.370576
-15.054611 -45.788199 -2.894851
-15.123757 -43.375048 -4.799377
-13.757724 -39.443817 -6.073463
-14.658044 -39.969524 -7.907513
-15.159312 -41.562382 -7.155357
-13.827763 -38.475336 -7.592508
-14.106073 -40.608784 -5.127328
-13.614287 -40.749514 -3.568922
-12.980477 -39.286285 -4.522072
-12.886570 -40.032876 -3.186468
-12.615299 -41.252903 -1.219173
-13.772351 -49.525515 -5.532113
-11.546756 -49.189536 -8.460384
-11.393174 -48.643323 -9.116314
-14.139717 -41.630746 -3.578090
-14.664492 -42.394389 -4.121844
-14.606151 -43.605757 -2.776212
-12.153611 -39.691492 -2.657620
-15.002832 -47.824417 -3.237450
-14.581292 -49.051838 -3.931812
-11.075673 -50.668186 -7.035467
-9.645006 -49.266102 -8.950619
-9.279479 -50.615920 -7.583871
-8.542515 -40.240113 0.877409
-7.135277 -40.267951 0.724354
-1.961343 -45.118331 -3.291251
-7.833667 -49.757501 -8.599441
-7.305288 -44.815254 -12.310232
-7.735969 -45.099423 -12.213297
-6.718941 -44.784643 -11.961714
-7.401718 -42.923540 -14.172617
-12.732014 -44.935143 -13.366207
-12.669151 -46.199796 -11.689288
-14.083790 -44.335960 -13.466633
-11.132769 -45.988196 -12.070104
-11.322865 -45.187786 -13.108848
-9.591474 -45.780518 -12.085947
-12.088043 -47.291380 -10.461312
-10.645996 -46.980375 -11.029715
-9.886918 -48.203898 -9.914611
-11.578227 -44.460275 -14.142894
-7.385080 -46.329766 -11.229537
-14.200714 -38.323749 -9.155964
-13.643249 -37.575157 -8.455586
-13.219996 -37.751754 -7.126566
-13.263924 -36.986958 -8.446380
-12.751185 -36.832948 -8.002961
-11.848203 -36.886178 -7.408791
-10.944169 -37.363895 -6.742975
-10.086880 -37.825860 -6.627687
-9.437951 -38.266635 -6.635627
-4.880061 -44.108688 -10.129734
-4.882420 -43.389321 -9.746633
-15.094228 -43.508272 -13.313129
-15.677896 -42.489221 -12.809029
-13.106815 -38.383300 -6.035341
-15.617850 -42.711934 -7.856901
-9.738945 -37.313256 -7.905631
-10.430110 -36.790876 -7.954554
-10.785136 -37.167172 -7.257287
-9.609394 -37.955585 -7.100933
-12.370440 -38.138063 -5.358522
-12.245022 -38.882969 -3.990507
-5.780711 -41.260273 -9.091134
-5.751905 -40.793249 -9.773837
-5.829177 -42.299453 -12.995623
-5.693737 -41.806983 -10.416805
-5.513773 -41.904521 -9.396049
-5.535529 -41.131196 -10.901679
-4.964362 -42.280140 -7.661442
-5.632903 -41.516100 -8.059905
-5.638578 -42.651424 -11.639694
-5.812026 -42.627728 -12.618487
-5.483080 -43.293558 -11.564765
-10.351555 -44.516617 -13.770701
-8.473727 -45.314742 -12.162804
-9.253152 -46.536499 -11.370155
-8.215568 -47.555645 -10.540644
-8.124119 -48.016787 -10.083045
-8.609549 -43.613488 -13.904329
-9.974510 -43.640048 -14.553562
-10.700149 -43.559023 -14.895378
-11.390200 -43.377327 -15.205761
-11.977195 -43.232099 -15.374117
-6.336969 -43.534816 -12.896275
-6.680722 -42.342929 -14.523709
-6.174899 -42.656747 -13.601596
-5.776632 -43.710980 -12.007259
-6.142356 -40.233174 -9.011114
-6.283211 -40.523955 -8.341549
-6.298230 -40.751772 -7.786799
-6.084341 -41.056079 -6.659531
-7.281958 -40.054791 -6.779076
-7.263990 -39.870845 -7.492108
-8.783033 -38.101394 -8.039066
-12.687230 -35.951727 -13.271025
-13.549881 -36.625463 -12.983396
-14.289876 -37.455290 -12.706348
-12.450067 -35.827728 -12.498823
-13.224785 -36.274519 -11.531408
-12.318954 -35.817914 -11.685675
-11.171615 -36.464052 -8.070478
-10.767771 -36.219898 -8.276142
-12.791000 -36.007783 -9.449381
-13.082273 -36.125777 -10.046614
-12.377267 -35.863759 -10.853616
-13.672344 -36.740357 -9.540181
-13.326028 -36.342064 -9.423018
-12.819400 -36.240486 -8.819919
-11.724363 -35.817736 -8.716547
-11.937058 -36.081762 -8.425353
-12.464682 -35.881838 -9.048367
-11.584242 -42.128592 -16.166842
-10.701092 -42.257721 -15.962758
-9.896475 -42.581511 -15.417387
-8.881782 -41.756598 -15.679105
-10.380877 -41.396992 -16.453307
-9.558933 -40.908939 -16.432156
-8.216260 -41.961393 -15.385411
-7.376593 -42.109881 -15.082335
-6.672365 -39.347943 -8.698096
-5.971215 -40.061219 -9.346073
-7.016595 -39.363018 -8.459244
-2.332474 -49.353290 -3.633384
-3.091700 -52.081162 -3.307641
-2.108022 -50.911952 -2.619388
-9.973854 -54.408329 -2.860950
-8.360470 -54.574255 -3.350824
-4.523139 -53.298890 -3.685823
-6.406084 -54.162629 -3.711520
-13.487026 -46.908850 -10.102762
-14.244328 -46.548613 -9.558395
-12.736993 -45.652585 -12.506168
-2.380452 -40.727589 -12.108056
-9.896789 -45.295469 -12.659538
-4.288608 -48.243344 -7.135897
-4.906920 -48.881411 -7.617010
-7.971086 -48.661303 -9.578776
-5.035024 -51.849981 -5.479545
-6.809489 -52.559164 -5.534478
-8.735917 -52.908676 -5.158480
-10.468458 -52.881499 -4.711619
-11.698477 -52.516822 -4.194135
-8.124151 -40.995039 2.422573
-9.919831 -41.553229 2.352778
-12.570382 -52.019844 -3.782631
-14.885684 -47.860057 -5.339091
-15.015032 -44.606954 -3.494726
-14.124416 -42.728029 -2.295247
-11.936531 -40.834106 -0.745563
-10.587594 -39.906961 -0.636457
-8.940906 -39.547407 -0.558666
0.810919 -44.782000 5.974293
-1.266497 -43.745460 2.379667
-2.604123 -43.324679 0.311214
-4.567014 -42.023417 -2.776699
-0.454118 -43.997390 6.698122
-2.404792 -42.980771 3.101516
-3.658981 -42.521185 1.042916
-4.655404 -41.906813 -0.850350
1.269434 -46.917968 4.062893
-1.432184 -44.757813 -1.117667
-2.861715 -43.672666 -3.427127
-3.701602 -43.041996 -4.867746
-4.568060 -42.010186 3.853452
-5.373196 -41.290963 1.941678
-6.055316 -40.756917 0.389254
-6.695502 -40.294625 -0.959396
-7.930124 -39.495669 -3.442730
-8.961767 -38.749254 -5.633509
-5.673653 -38.489566 -7.458126
-13.655814 -36.510428 -10.077350
-13.991114 -36.851719 -11.338759
-14.102421 -37.136097 -11.851320
-12.413121 -35.762706 -9.854013
-15.168869 -42.389515 -6.063985
-15.558636 -43.375351 -6.762738
-14.617990 -41.563963 -5.158468
-11.209920 -38.168901 -4.387493
-13.104910 -42.838047 -0.469741
-13.642880 -43.504930 -0.715847
-13.595621 -42.104353 -1.945012
-14.061328 -44.102149 -1.039467
20.023395 -14.168849 -1.613535
20.114314 -14.502783 -2.924115
13.961407 -11.397422 -4.980743
13.629507 -11.817108 -5.969992
13.508687 -12.349039 -6.878760
13.655350 -12.606187 -8.073959
14.236199 -13.381110 -8.272357
15.405086 -13.838699 -8.459058
16.566324 -14.168591 -8.003853
18.205938 -14.486572 -6.973992
17.660327 -15.582891 -7.001907
17.439995 -14.891482 -7.212363
21.095260 -13.625909 -6.071220
20.359797 -14.289313 -6.240944
21.169790 -14.463225 -5.460373
19.925649 -15.065315 -6.223614
19.026866 -16.698588 -4.966994
19.599734 -16.126054 -4.191010
18.846169 -16.868945 -4.071590
19.556304 -15.787856 -3.468671
19.274355 -15.680251 -2.594657
19.522458 -14.905351 -1.684749
18.437201 -16.606389 -1.662623
19.420723 -14.346511 -1.302032
18.440231 -15.750152 -1.076869
19.153471 -13.543950 -0.992471
17.909705 -14.925642 -0.782731
18.809207 -13.099269 -1.179706
17.400858 -14.653836 -1.009109
17.394792 -13.619863 -1.575666
16.449204 -13.168572 -2.125315
15.691078 -13.980921 -2.246331
15.202057 -13.203691 -2.854026
14.516209 -12.453690 -3.376789
14.196710 -11.936627 -3.756563
13.832146 -11.775225 -4.294181
13.578943 -11.925215 -5.054496
13.275718 -12.719086 -5.844851
13.238616 -13.518399 -6.784866
13.530815 -13.346824 -7.578794
13.935340 -14.035056 -7.988437
14.961065 -14.181097 -8.148036
16.118974 -14.623166 -7.878853
16.896572 -15.267748 -7.408301
18.266646 -15.786781 -6.694981
19.491331 -15.905120 -5.910282
18.472356 -16.484920 -6.086247
18.316151 -17.179569 -2.775504
18.340906 -17.449835 -4.206002
18.129648 -17.449208 -5.159564
17.804250 -16.991441 -6.092760
16.136508 -15.801314 -7.643718
15.430086 -15.330702 -7.885749
14.552780 -14.834434 -7.968773
13.673767 -14.369703 -7.697457
13.397121 -14.092506 -7.416143
12.824982 -13.795794 -6.007149
13.236121 -13.163021 -4.760400
13.728128 -14.249181 -3.596496
14.325258 -14.177369 -3.112174
16.551105 -15.532390 -1.056837
17.063782 -15.899533 -0.769483
13.818133 -14.761292 -3.246333
17.170385 -17.434133 -1.131671
17.172346 -17.626244 -6.212432
17.653419 -18.228815 -4.412838
17.166809 -18.894468 -3.065144
13.184349 -14.669439 -7.444616
13.841006 -15.999449 -2.462277
16.597667 -16.721056 -7.157661
15.752887 -11.145932 -2.978189
14.837929 -11.250159 -3.406632
15.966662 -11.981578 -2.638306
16.582168 -11.309287 -2.508654
21.446010 -13.494234 -5.793585
21.562279 -13.729483 -4.872676
21.336800 -14.364949 -4.834564
20.412136 -15.125711 -4.143015
17.947923 -12.787017 -1.752703
14.210854 -11.235307 -4.056351
18.846304 -14.376456 -6.774082
20.076733 -15.864560 -4.854556
20.638507 -14.251318 -3.576858
13.720196 -15.716228 -7.918872
-11.994122 -36.350736 -16.066063
-10.914111 -37.922388 -17.133768
-12.103609 -35.618239 -14.772101
-11.910620 -35.416015 -14.050793
-11.440906 -35.244159 -13.100138
-10.277459 -38.593235 -17.323923
-9.773920 -39.902810 -17.078317
-9.792901 -39.243244 -17.283414
6.023742 -31.806347 -3.718397
7.347905 -30.224461 -3.436914
5.339081 -31.490834 -3.274277
4.025177 -29.277482 -2.274416
6.138086 -34.453196 -7.024131
6.439910 -34.244658 -8.731835
7.279444 -33.079012 -6.528408
7.077511 -32.122921 -4.742079
5.354084 -34.081850 -5.338644
4.357104 -33.482587 -4.176308
3.620054 -33.076209 -3.699183
7.512277 -32.985375 -8.228994
7.100305 -33.024008 -9.262810
8.042714 -31.473978 -9.145931
8.736152 -31.324294 -7.887480
2.920901 -37.408726 -8.148621
3.209114 -37.300985 -9.869461
8.622468 -29.565391 -9.546561
2.066488 -30.878817 -2.641803
3.395555 -27.940751 -2.330852
1.290601 -29.637696 -2.613973
2.385762 -26.896404 -2.932701
0.547016 -28.341373 -3.107453
1.841479 -25.914680 -3.943635
-0.001522 -27.313107 -4.093795
1.787392 -25.219557 -5.219710
-0.226927 -26.639546 -5.623217
1.902194 -25.003767 -6.005082
-0.071201 -26.499707 -6.867159
0.256005 -26.557676 -7.868385
2.218601 -24.987254 -7.188347
5.382807 -28.096709 -2.270089
7.910983 -28.591673 -2.740461
9.032970 -27.646703 -2.830219
8.265012 -25.227314 -2.046258
9.776677 -29.851483 -7.384827
9.601244 -29.933063 -5.594042
8.854396 -30.977488 -5.995572
8.935758 -29.734014 -4.232445
8.351427 -28.905952 -3.118818
6.726861 -29.680237 -2.904821
4.798290 -26.774284 -2.341701
5.556693 -33.083335 -11.128648
6.015654 -33.924492 -10.150638
2.658183 -36.014221 -12.091686
8.133616 -31.966418 -6.177369
-2.055257 -37.916569 -6.470567
6.691345 -24.802350 -2.228434
-1.782787 -33.369484 -3.637310
0.032061 -35.509421 -4.714741
3.321293 -24.068072 -5.809282
5.207525 -22.559625 -5.825947
3.326939 -24.215658 -5.112249
5.302502 -22.852235 -4.373587
4.881161 -23.641343 -3.771936
-4.113247 -29.745338 -8.058875
-3.643030 -29.111925 -6.346124
5.236020 -24.466542 -2.890306
4.120207 -25.558607 -2.919763
3.543505 -24.700863 -3.897626
8.782910 -19.313694 -4.875281
9.271035 -19.564986 -3.483652
10.588188 -17.582267 -4.488270
12.440971 -16.320894 -3.407533
12.280663 -15.923049 -4.112477
8.211450 -23.659499 -2.099223
10.574634 -22.702107 -1.780111
9.918561 -21.977939 -1.944664
12.610248 -20.487168 -1.367506
11.968594 -19.928609 -1.587832
7.353298 -22.299417 -2.913662
10.493087 -19.174919 -2.720429
6.950753 -21.700391 -3.820684
5.799372 -26.432070 -11.713528
5.150898 -25.004546 -11.134821
6.809397 -23.339456 -10.348805
7.626891 -24.474278 -10.835163
8.413347 -21.625766 -9.604198
9.211044 -22.639892 -10.071148
10.154799 -19.739828 -8.874059
10.921140 -20.616867 -9.274839
11.703153 -18.019492 -8.334863
12.503061 -18.742648 -8.599499
3.676064 -25.186068 -10.766409
6.673225 -22.235413 -9.409832
9.662679 -19.176448 -8.254597
11.164681 -17.458164 -7.798305
3.892762 -24.165601 -9.422131
5.745891 -22.399190 -8.593903
7.428055 -20.725871 -8.027947
9.264741 -18.823060 -7.394927
10.816857 -17.036744 -6.883823
2.640277 -24.948519 -8.598763
5.332996 -22.518266 -7.311441
7.104915 -20.818136 -6.720516
8.982468 -18.911688 -6.123013
10.647279 -17.058680 -5.716522
6.910793 -21.102133 -5.383349
10.379695 -25.971078 -2.627240
11.967638 -24.016873 -2.306764
14.804295 -20.502272 -1.596233
9.918313 -28.269166 -3.926271
11.136433 -26.589406 -3.593989
12.667795 -24.514353 -3.155614
14.467557 -22.139127 -2.591838
10.471340 -28.628267 -5.315390
11.622754 -26.818086 -4.918670
13.078504 -24.663203 -4.420332
14.767415 -22.286077 -3.791642
11.808324 -26.640005 -6.444615
13.220440 -24.375295 -5.843963
14.779440 -22.006092 -5.332604
10.434670 -27.170230 -8.603768
12.960829 -23.499687 -7.452245
14.528492 -21.278650 -6.927697
9.866541 -26.333912 -9.502602
12.487149 -22.757654 -8.278705
7.569892 -29.147461 -10.696374
5.440490 -28.966706 -12.158384
9.642658 -24.127155 -10.036921
11.663625 -21.531141 -9.134215
13.234592 -19.446114 -8.568838
15.387224 -17.658050 -0.945423
14.053537 -17.914539 -1.324467
13.107862 -16.431242 -7.988256
13.963896 -17.020218 -8.081436
12.435284 -15.924888 -7.530788
12.067683 -15.454381 -6.503039
12.050661 -15.325505 -5.556874
17.231264 -18.343221 -1.836264
16.302365 -20.112598 -3.330108
16.212596 -19.964105 -4.913742
15.928229 -19.278896 -6.510393
15.036417 -17.109274 -7.828946
-1.215340 -35.658005 -14.341905
-1.910001 -34.280453 -14.880637
0.518485 -32.091945 -14.127195
1.235134 -33.399280 -13.811692
2.948691 -29.053988 -13.038747
3.755188 -30.685381 -12.926424
-11.023830 -35.029266 -14.165987
-10.665932 -35.060687 -14.913886
-11.432139 -35.324171 -15.023174
-9.407763 -37.776980 -17.221041
-9.800591 -37.044304 -17.014837
-8.910037 -36.480650 -16.724230
-8.552474 -37.083267 -16.883769
-7.121281 -35.533537 -15.940198
-6.818567 -36.099225 -16.022038
-10.372220 -36.262599 -16.523990
-9.298602 -35.763407 -16.260246
-7.697460 -35.015851 -15.666833
-8.751953 -34.906217 -15.394327
-7.889327 -34.380181 -14.881484
-10.185910 -35.306017 -15.628286
-10.998351 -35.713165 -15.888909
-8.175972 -34.044741 -13.833048
-9.057157 -34.566535 -14.386614
-9.867097 -34.639894 -12.740652
-9.213676 -34.429642 -13.534600
-8.558239 -34.038681 -12.534080
-8.593493 -34.056865 -11.519305
-7.350435 -33.229250 -11.604943
-4.873120 -35.105772 -4.772863
-2.678954 -32.051539 -3.508584
-5.668080 -33.921751 -4.742023
-6.193038 -32.925193 -5.184809
-3.327136 -30.868138 -3.902180
-6.420025 -32.065906 -6.040554
-3.721856 -29.855983 -4.831683
-6.246568 -31.428494 -7.418403
-5.252118 -34.986022 -15.584665
-6.058901 -34.046737 -15.168649
-4.819307 -33.192969 -14.781689
-4.060583 -34.082112 -15.305704
-3.485031 -32.150141 -14.486617
-2.037074 -32.553189 -14.842064
-0.867857 -29.994925 -13.787801
-0.154233 -31.053738 -14.268001
2.127466 -27.694285 -12.546641
-6.597441 -33.475825 -14.302087
-5.356093 -32.592640 -13.813014
-3.209573 -30.990601 -13.170193
-1.231911 -29.462657 -12.646922
1.607922 -27.043328 -11.694288
-6.954462 -33.177496 -13.122089
-5.727295 -32.277087 -12.571958
-4.289166 -31.257022 -12.040127
-1.742233 -29.205662 -11.045699
1.119257 -26.719311 -10.674769
-6.114315 -32.244501 -11.164923
-3.832104 -30.427491 -10.515536
0.609973 -26.673572 -9.272238
-6.343329 -32.023732 -9.843800
-8.382913 -37.654813 -16.944123
-6.573673 -38.681396 -15.767703
-8.444804 -38.952768 -16.851882
-7.897647 -37.983892 -16.703834
-6.254961 -37.512441 -15.775789
-6.591595 -36.710511 -15.997902
-5.443436 -38.876341 -14.937299
-5.329320 -36.875469 -15.558432
-4.846722 -38.340924 -14.797497
-4.266442 -36.017350 -15.390561
-2.881193 -36.795254 -14.612280
-2.042510 -38.305546 -13.736869
-0.696403 -37.398223 -13.484833
-9.112987 -38.716475 -17.211761
-1.803365 -39.855727 -12.581888
0.901563 -36.126797 -5.261626
-1.029779 -38.894486 -7.540185
2.062225 -36.929342 -6.452338
-0.207886 -39.674582 -9.145110
0.094601 -39.655925 -10.694862
0.170224 -37.981010 -12.633476
2.093562 -35.107238 -12.908514
5.321974 -31.772292 -11.824652
-1.201246 -40.433206 -10.999113
-1.418634 -40.274983 -9.695678
1.451046 -38.497388 -8.590787
1.769214 -38.428267 -10.262384
0.546943 -37.904380 -6.954890
-2.111384 -39.313792 -8.217660
-3.033581 -38.398698 -7.114147
-0.633630 -37.063636 -5.828712
3.650237 -35.675395 -5.876138
2.561883 -34.996233 -4.692335
1.815072 -34.514037 -4.247781
0.035690 -32.321942 -3.136174
-4.937592 -36.710746 -5.734001
-5.892061 -35.740901 -5.253616
-4.262091 -32.968066 -4.055276
-3.464299 -34.250753 -4.193039
-0.853205 -31.089423 -3.024685
-4.792205 -31.873925 -4.442525
-1.580770 -29.817884 -3.467789
4.515835 -36.124713 -7.613424
4.709331 -36.012618 -9.429208
-11.681220 -37.025257 -16.562814
-12.050265 -35.813026 -15.357331
-15.633929 -40.853882 -13.454042
-15.129336 -39.048538 -13.482577
-12.794392 -44.113193 -14.433970
-14.010101 -43.615579 -14.342961
-13.055096 -43.340423 -15.142484
-12.403568 -43.135987 -15.483756
-13.953952 -42.939254 -14.993233
-14.998142 -42.827013 -14.066198
-14.860743 -42.192198 -14.645808
-15.517688 -41.283549 -14.093716
-15.645287 -41.763661 -13.479381
-13.125438 -36.827396 -15.371619
-13.008736 -37.387421 -15.983981
-13.046576 -42.523131 -15.744198
-12.775398 -41.219013 -16.419586
-12.198099 -41.540063 -16.409287
-12.519364 -39.985798 -16.708584
-12.113081 -38.910073 -16.867157
-11.456235 -39.386572 -17.084387
-13.289787 -40.796669 -16.260695
-13.757145 -42.057039 -15.610037
-14.548457 -41.295307 -15.251737
-13.963141 -40.109968 -15.874276
-13.280454 -39.022556 -16.230963
-12.624784 -38.111638 -16.484979
-13.750738 -38.336753 -15.728348
-14.463733 -39.329162 -15.329896
-15.213309 -40.446504 -14.583221
-13.067897 -36.432522 -14.703398
-12.915941 -36.170880 -14.004605
-13.768615 -37.031534 -13.849612
-13.846619 -37.332813 -14.488231
-13.880278 -37.782056 -15.141961
-14.557882 -38.647301 -14.742110
-14.491965 -38.038744 -13.936295
-15.188402 -39.591687 -14.248729
-15.497760 -40.328263 -13.983674
-10.442215 -39.684462 -17.213739
-10.900328 -40.834682 -16.828207
-11.706237 -40.376093 -16.860571
18.968467 -15.052683 -6.630330
17.415710 -16.297245 -6.866487
19.446193 -14.165585 -6.637432
20.387671 -13.759784 -6.478589
21.620590 -12.991122 -4.859141
21.234367 -13.614776 -4.077084
20.411813 -15.305732 -5.551547
20.634157 -13.875510 -2.873836
20.718457 -13.443551 -1.528124
20.385920 -12.977120 -1.113726
20.552211 -12.002426 -0.917054
19.493762 -12.465970 -1.097138
18.582037 -12.100858 -1.705164
20.656504 -15.298775 -4.822142
15.589511 -17.322557 -7.548665
12.164954 -22.092287 -8.690341
10.412911 -24.411263 -9.484869
6.618528 -29.093555 -11.416133
4.983741 -30.992092 -12.194246
1.697796 -34.358643 -13.338045
15.593789 -18.138728 -7.310670
14.582957 -16.338745 -7.952234
12.896159 -15.239334 -7.458942
12.504974 -14.658206 -6.313715
12.671238 -14.383339 -5.176395
12.968419 -15.107577 -3.944506
13.160378 -15.508570 -3.372857
16.962680 -19.066451 -4.671075
17.395726 -18.158694 -5.392994
16.156471 -19.704998 -5.806865
14.706695 -21.670865 -6.196681
13.140822 -23.983395 -6.700033
11.649451 -26.284796 -7.345936
9.549636 -29.430724 -8.399075
4.970079 -23.945053 -10.154888
3.907233 -23.612867 -6.418639
6.840568 -31.737638 -10.462364
4.399969 -35.303752 -10.978552
4.003276 -34.662956 -11.780393
3.466236 -33.724436 -12.555238
3.020597 -33.022311 -12.984147
2.470596 -32.106312 -13.416549
1.675741 -30.755837 -13.664257
1.257206 -30.031412 -13.708657
0.615189 -28.823234 -13.220542
0.218330 -28.272772 -12.169515
-0.189560 -27.977296 -11.098021
-0.727462 -27.925389 -9.671004
-1.223041 -27.831661 -8.290646
-1.624897 -27.769721 -7.347780
-2.056980 -27.998279 -5.947554
-2.046758 -28.762442 -4.433009
0.981870 -36.027834 -13.186550
0.042200 -34.573331 -14.096730
-0.644343 -33.201823 -14.521703
-2.161051 -31.048304 -14.155731
-2.899476 -30.258398 -11.679920
-4.857181 -30.127602 -6.828249
-5.027419 -30.830066 -5.362444
-1.922266 -39.319678 -13.112680
-1.190543 -40.061868 -11.897534
0.059411 -39.255736 -11.640141
2.768581 -37.223263 -11.013096
4.583847 -35.686702 -10.443334
6.565712 -33.868811 -9.349267
-3.843387 -37.562124 -6.368016
-2.920422 -37.161148 -5.781613
-1.386938 -36.459806 -5.301411
2.539011 -24.618937 -6.335762
-3.919467 -36.093087 -5.107667
-0.988180 -34.357939 -3.985225
0.748137 -33.250986 -3.489458
2.747781 -31.820238 -2.964907
4.596783 -30.242702 -2.565993
5.550393 -29.376372 -2.546545
7.197877 -27.864922 -2.348295
8.616076 -26.419003 -2.262918
11.274387 -23.378587 -1.869569
13.257430 -21.044900 -1.446394
15.773064 -18.148603 -0.982695
17.796972 -15.721512 -0.803049
18.922193 -14.294481 -1.050718
-7.648728 -33.271462 -6.602653
-3.152337 -35.193180 -15.164497
-6.370323 -31.729600 -8.850869
-3.124134 -28.908923 -7.719007
15.174275 -11.088606 -3.535936
21.585546 -13.556117 -5.374665
6.896975 -21.316157 -4.673527
9.727043 -18.847827 -3.831484
5.251648 -22.632101 -5.147983
13.623809 -13.078393 -4.211562
13.219711 -13.795043 -4.533998
12.112044 -15.451480 -5.094348
15.584487 -15.696023 -1.478599
13.423220 -17.554880 -1.781888
11.430329 -19.395508 -2.044284
8.815420 -22.035668 -2.291980
21.286086 -12.989674 -3.116189
21.330905 -12.172648 -1.268063
14.563732 -11.172280 -4.364345
13.826570 -11.482315 -6.149117
13.553222 -12.016460 -7.347200
15.728520 -13.671364 -8.871689
21.362656 -12.255450 -6.157188
13.458623 -11.819550 -7.617956
12.990886 -11.635207 -7.715350
16.818624 -13.732077 -8.917803
18.012510 -14.075362 -7.491404
17.770460 -13.703906 -8.310065
17.005324 -13.176697 -10.076632
17.816113 -13.036171 -9.580942
16.312020 -13.853454 -8.640385
13.502025 -12.277256 -8.590986
14.978975 -13.331251 -8.899418
21.692763 -12.169758 -4.767321
20.048685 -13.067938 -7.143772
19.015285 -13.624137 -7.378826
20.231514 -11.765718 -7.710131
19.301888 -12.358808 -8.388698
15.765867 -13.136196 -10.475844
14.165638 -12.802495 -9.054360
13.956034 -12.709659 -10.395270
13.430161 -12.453857 -10.024712
14.700606 -12.948816 -10.533066
21.827685 -11.210749 -1.267469
22.298121 -10.295141 -1.401477
22.420955 -10.669765 -1.712152
22.609502 -10.315250 -2.930782
21.999542 -11.486797 -2.566750
22.139423 -10.507017 -4.704030
21.790430 -11.685744 -3.674632
20.813266 -12.408548 -6.790299
21.466931 -10.883514 -6.347965
20.727168 -11.389577 -7.222071
12.957423 -12.112555 -9.396552
13.221505 -11.379181 -6.703522
13.835051 -10.890927 -5.626483
14.236135 -11.281476 -5.118816
14.423937 -10.464633 -4.868976
15.338300 -10.004031 -4.145507
16.904530 -9.523206 -3.056444
16.066705 -10.610923 -3.083388
21.647604 -9.930729 -1.042142
21.131584 -10.959575 -0.949046
20.335318 -11.044294 -0.986219
20.894929 -9.365923 -1.121412
19.331390 -10.390851 -1.653485
19.557651 -9.299713 -1.718263
17.339523 -10.461419 -2.491899
18.100667 -9.334315 -2.448381
15.020774 -11.245923 -14.816735
13.558455 -11.299991 -15.330637
12.030291 -11.189894 -15.613890
9.866165 -10.642374 -14.918784
11.037041 -11.464376 -13.786181
9.306884 -10.962978 -13.350422
7.988866 -10.365227 -13.883327
9.206572 -10.933285 -12.883390
9.256407 -10.691726 -14.431837
16.499037 -10.841104 -14.598805
15.197746 -10.994117 -15.742779
16.085981 -11.213607 -14.136910
9.039072 -10.445292 -12.349645
7.447331 -9.651155 -13.484840
8.675209 -9.826979 -12.294486
16.519337 -9.506967 -16.603085
16.477428 -9.131256 -16.588356
7.744527 -8.935707 -12.821853
8.948213 -9.233355 -11.835281
10.054861 -6.875363 -13.478112
9.943085 -7.223348 -12.758502
8.787372 -6.813378 -13.536073
16.193052 -10.091739 -16.784412
15.871174 -10.638400 -16.512482
14.660021 -10.852165 -17.048717
12.437711 -11.549032 -14.418869
16.184753 -8.611142 -16.396815
14.879400 -8.356560 -17.083134
14.202836 -7.972364 -15.987423
15.149496 -8.589323 -17.459325
14.668420 -8.002236 -15.501055
13.299196 -7.740693 -15.402406
13.812313 -7.865617 -14.831325
12.067197 -7.589818 -15.082038
10.696514 -7.214082 -12.981624
11.049648 -7.149385 -14.380286
11.547252 -7.333192 -13.639091
9.465736 -6.718555 -14.178989
8.692256 -6.670708 -14.189913
16.411868 -8.279864 -15.256566
12.654162 -7.739539 -14.349189
9.200792 -7.701334 -12.301191
8.961990 -8.558873 -11.962658
16.124914 -7.741268 -13.693683
17.463363 -8.068332 -13.912309
18.167328 -7.710095 -12.111868
17.250975 -7.333680 -11.348002
11.681246 -8.829256 -8.963065
11.714854 -9.616318 -8.700383
12.939793 -8.217306 -7.878493
12.027503 -8.233348 -9.267433
12.298794 -10.659841 -7.845557
11.411810 -10.449006 -9.058841
11.671710 -11.144839 -8.826545
16.394012 -6.889526 -8.355614
15.722101 -6.972512 -7.723707
14.684283 -7.306240 -9.369977
17.118652 -6.889731 -9.109058
16.283737 -7.309875 -10.591776
13.344212 -7.544993 -10.330245
11.899686 -7.407628 -11.712125
12.781510 -7.552067 -12.411602
14.185270 -7.521128 -11.238457
15.739218 -7.280569 -5.255265
14.307852 -7.620067 -7.101775
15.041098 -7.217595 -7.429469
16.134088 -6.709118 -5.887882
13.344141 -7.725398 -8.499566
12.640742 -7.747746 -9.815883
14.090265 -7.440414 -8.919575
10.077187 -9.470881 -10.722120
10.004189 -10.267203 -10.951681
11.505856 -11.470637 -9.602611
9.995587 -10.897335 -11.299324
14.370199 -8.126787 -6.096665
13.224056 -9.903985 -6.511491
13.245061 -8.806944 -6.965386
15.401447 -8.688374 -4.612269
14.174221 -9.015450 -5.577981
10.245178 -8.786243 -10.700198
10.636369 -8.123520 -10.820893
11.296780 -7.552802 -11.271322
16.137414 -12.363929 -11.630735
16.971982 -12.103569 -11.340128
13.433190 -12.342326 -11.514303
12.892569 -12.062695 -12.910155
11.648166 -11.936898 -12.641133
12.709495 -12.213752 -11.329809
21.969551 -5.572997 -4.255670
20.811868 -5.239909 -3.611523
19.821944 -5.328171 -4.426635
21.078788 -5.713174 -5.296977
13.945170 -7.809575 -13.258288
15.162171 -7.657842 -12.135923
17.921817 -6.393740 -7.804967
17.194313 -6.300879 -7.122349
19.309728 -5.560922 -5.286266
18.255402 -5.484657 -4.703906
18.976341 -5.243015 -3.879622
21.268874 -5.262312 -2.666642
20.123754 -5.141678 -3.031756
20.473588 -5.988751 -6.322956
19.005813 -6.684048 -8.630771
18.017613 -7.064347 -9.881921
15.891601 -7.528211 -12.638901
14.811762 -7.751725 -13.783338
17.793287 -8.524457 -14.211560
18.664047 -8.200077 -12.342965
18.906047 -7.464190 -10.548415
19.449391 -7.917708 -10.817191
20.371545 -7.601113 -9.402730
19.927922 -7.175931 -9.191369
22.172413 -6.324713 -6.197448
22.010236 -7.006856 -7.340463
22.792683 -6.590562 -6.115486
23.028247 -5.987803 -4.665401
22.537747 -5.602963 -3.408609
20.557806 -10.405351 -8.215710
19.446248 -10.872844 -9.423500
17.868571 -11.697687 -10.895836
15.462429 -12.502308 -11.695440
14.299218 -12.481816 -11.611459
10.548762 -11.617311 -12.250310
23.225370 -6.994438 -2.400924
22.974985 -6.196517 -2.706449
23.541585 -6.686857 -3.484355
23.572630 -7.292949 -2.968526
23.631416 -7.080063 -4.266078
23.551503 -8.035875 -3.895074
23.076793 -9.087579 -3.379154
23.329061 -8.114416 -2.439220
23.053406 -7.984635 -1.937566
23.134078 -8.304180 -5.360937
23.206606 -7.586211 -5.712610
22.439148 -8.168608 -7.013986
22.040676 -9.019617 -7.165478
21.766839 -9.656504 -6.760882
20.772837 -9.465954 -8.946377
20.833672 -8.685398 -9.276082
22.191074 -7.488651 -7.505587
20.607141 -8.009696 -9.453552
23.058516 -6.925751 -6.033704
23.370446 -6.395227 -4.657466
23.294163 -6.140528 -4.061492
22.798077 -5.792680 -3.117558
22.792254 -6.853134 -1.987893
22.556555 -7.848337 -1.585587
22.295861 -9.598599 -5.533818
11.651879 -11.819859 -10.589803
10.167576 -11.447429 -11.838044
16.870027 -10.419515 -15.066346
17.305898 -10.922857 -12.963003
17.820214 -10.290970 -13.698315
18.063278 -9.696081 -14.014030
17.099693 -9.863534 -15.466867
17.941584 -8.907867 -14.210631
18.797350 -10.084147 -11.913219
19.058780 -9.362554 -12.154383
19.599004 -8.378441 -10.990736
19.907402 -8.940821 -10.655300
19.819315 -9.700619 -10.169599
18.577210 -10.343855 -11.841964
18.165958 -10.787226 -11.699336
17.018585 -11.263965 -12.464592
16.684705 -11.399409 -12.731017
15.584239 -11.697569 -13.106578
14.018120 -11.945994 -13.100718
19.618387 -10.209453 -9.965785
17.258526 -8.203384 -3.133598
22.215774 -5.958309 -2.237364
21.207515 -5.685063 -1.923776
21.219393 -5.373773 -2.279442
22.076836 -5.579916 -2.610072
19.730171 -5.558214 -2.276049
19.818225 -5.252143 -2.650016
18.247090 -5.743604 -3.193448
18.556499 -5.351419 -3.541642
19.631118 -6.320303 -1.877482
18.031354 -6.469182 -2.876727
16.882435 -6.912599 -4.053059
17.092196 -6.237585 -4.488195
17.940336 -5.563674 -4.336911
22.309418 -6.726768 -1.719651
21.214588 -6.411203 -1.532967
22.127027 -7.616643 -1.466226
21.057006 -8.007328 -1.274639
19.671311 -7.712658 -1.644682
15.531598 -7.969866 -4.866002
16.782430 -7.672273 -3.818657
18.022976 -7.244142 -2.730842
21.447326 -12.473089 -1.690822
17.649004 -11.330749 -2.134319
14.266445 -13.052027 -8.606570
21.161758 -7.255184 -1.387963
21.641321 -11.944909 -5.485656
21.830783 -10.697553 -5.585314
22.624662 -8.701125 -6.268259
17.453473 -6.682330 -3.361636
17.625122 -5.960783 -3.812285
12.462437 -10.914764 -17.236119
11.718241 -10.819702 -17.026655
10.415582 -10.505592 -16.300785
9.619409 -10.348287 -15.676935
15.457173 -9.672160 -17.775275
15.350418 -9.239740 -17.823248
13.464683 -10.804768 -17.735221
11.542519 -7.579274 -15.810488
8.148747 -6.828929 -13.797023
8.013831 -7.384515 -13.242814
7.789640 -8.283038 -12.934391
7.612964 -10.095405 -15.330489
12.694301 -10.476058 -18.442949
11.989365 -10.087660 -19.334814
11.412888 -9.444623 -20.236596
12.020664 -9.402446 -19.378931
12.272072 -9.611026 -20.786191
12.177697 -9.130224 -20.633134
12.907436 -9.252165 -20.299715
13.480623 -10.081954 -19.884288
14.112596 -10.891491 -18.305631
14.477238 -10.534817 -18.400041
13.609273 -10.733290 -19.371067
12.588109 -8.966859 -20.094726
11.735297 -9.151964 -20.454430
11.685657 -10.098978 -19.751497
12.794374 -9.870273 -20.487340
11.667666 -9.594049 -20.768798
12.382094 -9.147601 -19.544668
11.890574 -9.844035 -20.752697
12.382797 -10.449347 -20.147960
12.242054 -9.833064 -20.564042
11.663389 -10.072136 -20.240648
11.444087 -9.796144 -20.503144
12.342842 -10.783115 -19.579571
13.158158 -10.942456 -19.219782
13.176573 -10.515079 -19.928647
12.819210 -10.912642 -18.794508
11.769110 -9.151921 -19.968724
13.388909 -9.576289 -19.801392
13.911160 -9.576680 -19.097032
10.651971 -10.462818 -18.385066
10.058054 -10.450744 -18.680301
10.407919 -10.221970 -18.782000
9.962629 -8.992330 -19.572490
9.899982 -9.673622 -19.632110
8.561549 -9.528242 -21.271853
9.252118 -9.379095 -21.167838
8.000694 -9.526721 -21.010595
7.924251 -9.506386 -20.577334
8.335739 -9.841664 -20.660424
8.921685 -9.792530 -21.040638
8.637962 -9.001372 -20.152811
9.166051 -9.042460 -20.397952
8.628466 -8.700453 -20.727247
8.172892 -8.797105 -20.566550
7.950740 -8.957224 -20.615913
8.189031 -9.340937 -20.066141
8.261231 -10.038228 -20.240537
9.966429 -10.284888 -19.197018
9.627282 -10.454718 -18.385206
8.232233 -8.760768 -21.054796
8.024182 -9.200289 -21.088506
8.673208 -8.987230 -21.349981
8.883144 -8.782689 -21.067871
9.083955 -10.311411 -20.463851
9.412552 -9.755267 -20.739725
8.819868 -10.337003 -20.311050
9.562926 -9.553037 -20.267687
9.443049 -10.321611 -20.146479
8.531521 -9.892520 -19.095508
8.503397 -9.433852 -19.420508
9.298084 -9.158598 -20.090683
9.227898 -8.903434 -19.450547
8.817402 -9.085433 -19.854782
8.819494 -9.112638 -19.134835
8.643384 -10.349644 -19.365647
9.024209 -10.254945 -18.432052
9.110399 -9.858777 -18.015469
9.138853 -10.583218 -19.384009
9.415224 -10.540430 -19.635478
7.833356 -8.470589 -18.244913
8.079826 -8.532372 -18.851706
7.816751 -8.972223 -17.413743
8.664730 -9.182263 -19.036083
8.821651 -9.520666 -18.620577
8.694563 -8.676467 -19.052967
8.717744 -10.087145 -17.909645
6.723616 -8.870870 -19.435561
6.939672 -8.500026 -19.570024
6.699987 -9.372716 -20.025565
7.545332 -10.013393 -19.796635
6.809737 -9.658226 -19.547331
6.675744 -9.264074 -19.326590
6.417591 -9.047339 -20.416483
7.859892 -9.661110 -20.257286
7.965076 -8.976340 -19.952176
7.869000 -8.763546 -20.291238
7.568314 -8.516829 -19.788252
6.250036 -9.335611 -18.889637
5.918313 -9.266103 -18.937296
6.127069 -9.301159 -19.455053
5.191705 -8.192545 -19.858639
5.954335 -8.497230 -19.895635
5.251866 -8.645372 -20.121256
4.242499 -9.066710 -19.050535
4.530416 -8.869084 -18.205596
4.732614 -8.439073 -17.140843
4.212853 -8.539817 -18.585537
4.747477 -8.918846 -17.617129
5.156641 -9.157188 -16.733179
6.427143 -9.554136 -18.129139
5.905752 -9.672889 -17.604694
6.936536 -9.074849 -18.250261
7.806047 -9.731506 -16.147503
7.023063 -8.872951 -13.615055
7.037970 -8.314636 -13.773249
6.268006 -8.808601 -14.790601
6.847169 -9.895205 -15.087657
7.509525 -8.611704 -17.351210
7.399392 -8.362489 -17.707560
7.269141 -9.480517 -16.850634
5.641986 -8.441064 -15.835995
6.196480 -7.846491 -15.399889
7.108832 -6.933265 -15.120965
6.261560 -7.422490 -15.760307
6.944319 -9.665474 -16.678337
6.331169 -9.337137 -14.920035
7.222249 -6.879469 -15.793442
7.129740 -7.116868 -16.524478
6.568389 -7.378091 -16.431246
7.585135 -6.996563 -16.266638
8.102486 -7.550198 -17.656930
9.702501 -8.146142 -18.512416
9.584461 -8.453190 -19.205649
13.547674 -8.777621 -18.862770
11.837594 -9.123683 -19.294562
11.981448 -8.730625 -18.884559
12.624426 -8.843100 -19.114601
10.759050 -8.937844 -19.639917
8.863134 -8.094177 -18.627502
8.211622 -8.052290 -18.337437
7.661015 -7.585650 -17.503627
7.177888 -7.090078 -14.633758
5.731852 -9.011192 -15.784199
4.749914 -8.840527 -18.259284
9.853733 -7.620149 -16.908261
8.686048 -7.621425 -17.708054
10.932488 -8.576880 -19.079075
13.271331 -8.605478 -18.644227
10.395000 -9.427056 -21.328021
10.853718 -9.333472 -21.024687
10.905762 -9.822279 -21.018494
11.376647 -10.145841 -20.129038
11.321149 -9.613904 -20.104229
11.699436 -10.877520 -18.821391
11.750930 -10.478427 -19.355363
12.746883 -10.658074 -18.021816
10.537533 -9.032349 -21.004552
10.080638 -8.926582 -20.827791
9.579959 -9.534168 -20.700476
10.199949 -9.496570 -19.504135
7.706300 -8.771971 -20.789283
7.203685 -8.377575 -20.743467
6.669684 -9.130261 -20.777217
6.691237 -8.398995 -20.655458
7.262440 -8.672068 -20.969346
7.158639 -9.140039 -20.997714
7.404139 -8.955656 -18.155793
7.319467 -9.404884 -17.975122
8.041371 -9.463706 -16.715168
7.113037 -8.390358 -18.033990
11.560750 -8.326338 -18.111230
13.593421 -9.199532 -19.184007
7.418136 -8.360429 -20.270056
6.895203 -8.301831 -20.130415
6.553612 -8.517567 -20.147673
5.628321 -7.503927 -18.262377
5.934460 -7.526639 -17.318294
6.458138 -7.960292 -18.070715
6.189057 -7.836525 -18.814536
6.747005 -8.523484 -18.761051
5.747047 -7.990088 -19.552560
5.413804 -7.716514 -19.210882
4.648603 -8.569047 -19.897529
4.683633 -7.887172 -19.356135
4.327538 -8.337587 -19.525887
4.302516 -8.116717 -19.168512
4.630266 -7.702432 -18.242929
5.094996 -7.518934 -18.670621
5.008208 -7.508113 -17.507095
5.657086 -7.503487 -16.532634
6.904880 -7.696385 -17.107535
7.389459 -8.135707 -17.733819
7.519177 -8.674532 -19.510678
7.203314 -8.670863 -19.292711
8.240332 -9.512689 -19.449693
7.924777 -8.768768 -19.405119
8.146188 -9.064647 -19.522429
11.507205 -9.354626 -19.536009
9.940537 -9.324948 -21.216225
11.053179 -9.206842 -19.796478
11.185328 -10.594957 -17.288770
4.514759 -9.185007 -19.670711
5.042546 -9.215120 -19.973103
5.078782 -9.577893 -19.604434
6.085182 -9.533336 -16.026793
6.636543 -9.748454 -16.411398
5.379472 -9.473252 -17.117148
5.047474 -9.210877 -18.339071
5.535798 -9.376873 -18.611101
7.695161 -10.248754 -18.582745
8.065718 -10.232522 -18.702704
8.223313 -10.079328 -19.049095
7.229231 -9.991471 -18.584045
7.679182 -9.938220 -17.552325
8.502476 -9.872700 -16.102347
6.276313 -8.873554 -19.556838
5.755209 -8.902109 -20.031251
5.605137 -9.460201 -19.761325
13.859420 -10.985787 -17.981699
12.150852 -10.845208 -18.116914
10.219467 -10.438764 -17.351714
9.365375 -10.056473 -17.524707
10.370245 -9.860696 -21.248331
9.942414 -9.804156 -21.147675
10.915300 -10.329697 -20.541206
10.594800 -10.412730 -20.590057
10.645133 -9.988630 -20.978913
10.167180 -10.335733 -20.404661
9.974322 -9.986024 -20.648247
10.104628 -10.108044 -19.543911
10.239676 -10.435987 -19.574911
10.448812 -10.669161 -19.670520
11.321693 -10.711374 -19.717241
10.935349 -10.768070 -19.612130
11.580046 -10.776514 -17.737358
11.023990 -10.762684 -18.559727
7.061200 -7.551553 -14.270969
4.988331 -7.615461 -17.165495
4.702344 -8.052499 -17.223187
4.152891 -8.815634 -19.307199
6.833344 -9.345775 -20.696089
7.398131 -9.575848 -20.414856
7.488816 -9.420870 -20.792101
7.686153 -9.299558 -20.811016
8.933532 -10.114286 -16.490382
10.403038 -9.127495 -19.685944
9.650168 -9.173343 -20.677947
14.473607 -9.941172 -18.642123
13.183426 -9.352911 -19.473298
4.478765 -9.446807 -19.305215
