-50.010251 -23.160493 11.047641
-48.117076 -18.161598 10.395049
-49.525631 -22.098188 11.072485
-49.011878 -21.009812 11.210283
-48.587294 -19.584567 11.035589
-47.821745 -17.214731 9.528575
-48.824563 -25.873644 10.159707
-49.742498 -27.179003 9.759474
-48.198325 -24.821223 10.371451
-51.556530 -29.480876 8.365327
-50.424534 -28.115815 9.325728
-46.960513 -22.767369 10.356747
-46.434036 -21.199638 10.157707
-47.672919 -23.827220 10.341529
-45.744229 -18.632737 8.608127
-46.001758 -19.717530 9.455959
-45.620423 -17.373194 6.884559
-45.738834 -16.755086 5.445303
-45.617940 -17.828891 7.688828
-45.697541 -17.138697 6.283874
-29.507324 -32.282540 -6.150252
-30.417197 -31.581906 -6.060052
-31.543151 -30.603558 -6.539008
-31.322408 -30.979141 -6.379338
-33.094310 -30.469314 -2.722401
-32.670214 -29.532932 -4.671518
-32.263059 -29.835242 -6.059306
-30.736928 -37.199917 -0.540995
-31.271972 -37.198134 -0.014329
-31.733297 -36.667088 0.709826
-32.293626 -35.790260 0.994789
-33.462599 -30.796183 -1.045183
-33.801483 -30.697198 1.397335
-33.698262 -29.320780 1.239075
-29.263063 -31.108802 -4.726444
-32.619219 -28.798796 -4.771726
-33.022416 -28.966937 -4.085965
-33.208262 -28.119449 -3.516364
-33.026838 -27.914969 -4.079348
-33.695792 -27.284181 -1.473035
-33.456053 -28.618609 -2.705188
-33.624333 -29.082355 -2.086691
-33.691383 -28.179572 -0.297845
-33.742415 -29.696581 -1.279762
-31.788712 -29.247601 -5.306929
-31.536902 -28.210473 -4.634913
-30.330909 -27.714368 -3.869275
-31.134278 -29.593852 -5.166965
-29.664872 -28.201682 -3.666903
-30.467420 -30.034312 -4.961069
-29.959346 -30.457368 -4.793794
-32.177700 -29.044093 -5.295650
-33.415027 -29.553948 -2.855233
-32.431962 -27.883598 -4.418915
-32.351493 -28.866390 -5.189157
-33.571079 -30.770540 -0.192368
-33.214506 -26.221357 -2.086061
-32.388669 -25.965501 -2.755462
-30.673102 -26.718895 -3.467566
-31.919970 -27.034009 -3.839824
-33.473488 -31.558742 -0.015308
-33.386791 -32.159634 1.137324
-32.333085 -34.997875 1.813219
-33.012974 -33.399542 2.151949
-32.628171 -34.297230 2.434665
-32.170537 -34.983581 2.306829
-31.826775 -34.911284 2.725199
-29.473312 -36.702049 -0.643707
-29.576241 -36.014670 0.167429
-30.387696 -37.216697 -0.830827
-30.302337 -35.739288 1.125789
-30.849707 -36.441540 0.563883
-31.108990 -35.756549 1.634561
-31.547686 -35.498008 2.090476
-31.896119 -36.140604 1.313273
-32.227571 -33.775959 4.075546
-32.819478 -32.598698 3.837277
-33.561582 -31.179379 0.463885
-33.410596 -31.108990 2.992878
-33.187773 -30.295212 -2.517327
-33.410979 -30.157964 -1.811047
-33.011024 -33.108058 2.975512
-33.601452 -31.730166 2.211833
-33.886884 -30.179094 0.611165
-33.604592 -28.261352 -1.770576
-33.426577 -27.500573 -3.054144
-32.779706 -27.139658 -3.540770
-32.351799 -34.079574 3.234069
-30.894492 -31.292636 -6.165770
-31.857914 -30.133449 -6.494958
-34.982667 -29.369876 -7.148356
-37.207273 -27.221234 -6.320188
-36.457609 -27.108252 -5.448589
-35.418144 -28.449958 -5.922723
-36.545285 -26.747679 -4.229108
-36.490689 -26.962065 -3.145906
-35.367960 -28.422283 -4.773615
-35.541462 -28.814150 -2.278774
-35.395048 -29.301336 -0.459473
-36.959884 -27.253229 1.467386
-35.689781 -30.033607 2.402056
-35.311430 -31.366770 2.740824
-34.869302 -32.778000 2.673778
-36.756430 -32.593957 3.769022
-37.226607 -30.875880 4.409872
-37.885604 -31.844974 4.455089
-36.516854 -31.457666 3.899038
-36.023764 -30.585902 3.351226
-36.900355 -29.730972 4.101596
-36.720989 -28.793430 3.242233
-36.794908 -27.065369 -0.621517
-37.328252 -25.879951 -1.346958
-37.282191 -25.582936 -3.635642
-37.455660 -25.792491 -4.890094
-37.957421 -26.521924 -6.035014
-39.268721 -25.479635 -5.546431
-38.045207 -24.462844 -3.105494
-37.597584 -27.892220 4.020888
-37.728929 -28.978779 4.753114
-39.605475 -30.054785 5.603008
-40.268134 -28.104209 6.421540
-42.143521 -27.611780 7.380294
-39.850772 -27.140811 6.232664
-41.397747 -26.082530 7.215702
-39.532871 -26.023411 5.698093
-41.021437 -24.894789 6.813000
-39.419996 -24.148033 4.048848
-40.614749 -22.782464 5.283893
-39.212913 -23.763931 2.137547
-40.721891 -21.658273 3.530958
-39.537299 -22.686633 0.470911
-40.820066 -21.023464 1.857738
-40.078960 -22.136893 -1.711967
-41.495126 -20.765150 -0.812691
-47.507976 -29.031627 8.615135
-46.428601 -27.651927 8.986240
-45.859252 -26.900588 9.051410
-45.291863 -26.079818 8.982700
-44.144197 -24.558206 8.963170
-44.680082 -25.306377 9.059808
-42.921253 -20.688664 7.184562
-42.834433 -19.363307 5.434473
-43.060194 -18.809879 3.807275
-43.332114 -18.550525 2.386421
-43.667530 -23.168501 8.665866
-48.830116 -30.697356 7.576983
-49.967018 -31.694059 6.200037
-42.191022 -35.488894 -5.209317
-41.886254 -34.697707 -6.128560
-40.882737 -35.693614 -6.165457
-39.694850 -36.914221 -5.817365
-41.094722 -36.347153 -5.134467
-41.073247 -36.743552 -4.320884
-43.652183 -35.306753 -3.829103
-37.166246 -39.121115 -4.362737
-38.451395 -38.480649 -4.028088
-38.068164 -38.527589 -5.266649
-36.953682 -39.074177 -5.640862
-37.595092 -38.149207 -6.458816
-36.649936 -38.555755 -6.766756
-36.726381 -37.507182 -7.355372
-36.061585 -36.742102 -7.877132
-34.293462 -36.092266 -8.585619
-39.246178 -37.851582 -4.821559
-41.618811 -36.709419 -3.217166
-38.679895 -37.570981 -6.100140
-38.362247 -36.561631 -6.994835
-38.305936 -29.892016 5.125081
-36.531060 -33.593006 3.262739
-35.285715 -34.472331 2.363500
-35.273969 -33.420712 2.778355
-40.042263 -30.838533 5.499039
-38.694873 -33.813836 4.089985
-37.487150 -35.484922 2.574482
-37.939318 -35.049269 3.109047
-39.211998 -34.497482 3.874693
-39.808469 -35.048341 3.468857
-41.629612 -33.647259 4.919632
-42.544397 -34.665672 3.775767
-37.592563 -34.498668 3.355009
-36.420073 -35.092321 2.444950
-41.015025 -32.564555 5.404993
-42.592784 -36.327233 -2.803264
-42.804970 -36.021643 -3.448305
-41.162917 -36.973105 -2.299348
-44.583551 -35.576661 -1.020192
-44.264426 -35.555810 -2.297853
-42.567867 -36.400074 -1.862173
-37.271550 -36.012289 -7.683863
-34.953325 -35.463649 -8.555122
-34.736322 -34.346573 -8.694545
-32.823381 -35.556687 -8.781201
-36.472687 -34.841164 -8.214264
-34.239937 -37.522526 -8.183805
-34.133179 -38.487374 -7.843603
-40.378794 -35.365665 -6.683495
-37.417509 -34.431312 -7.961230
-33.088793 -37.187052 -8.479081
-41.703671 -33.278058 -6.768182
-43.632943 -31.691181 -6.232722
-41.027784 -32.401131 -7.140453
-37.383406 -31.308509 -7.863301
-36.901904 -33.271190 -8.154001
-38.406040 -33.618046 -7.785438
-35.259856 -31.870591 -8.457592
-39.962220 -30.284254 -7.424520
-37.307205 -29.687925 -7.599630
-39.368830 -29.621866 -7.409140
-38.687199 -28.702128 -7.244128
-44.441207 -35.166170 -3.017927
-41.898015 -36.549069 -0.615810
-40.990271 -36.808470 -0.649353
-40.530596 -31.219713 -7.356045
-42.013009 -30.535901 -6.900434
-38.379829 -27.901534 -6.911300
-44.936372 -32.897023 -5.173632
-44.383511 -34.391198 -4.478048
-44.185253 -35.629091 0.407732
-40.934247 -36.228908 1.095187
-42.372932 -35.700197 1.658364
-39.663344 -23.504616 -3.616234
-38.943744 -23.323733 -2.454850
-38.576106 -25.240924 3.128938
-38.558598 -27.010440 4.837811
-38.735002 -28.074164 5.476627
-40.852654 -35.464155 2.783164
-34.189071 -36.227535 0.793765
-35.293856 -36.096352 1.121358
-34.144398 -35.480017 1.456781
-36.139221 -39.172756 -3.154944
-38.069620 -38.362766 -2.606349
-36.086505 -39.550075 -4.612405
-37.150842 -37.898403 -1.360370
-36.014200 -38.469246 -1.849784
-36.446127 -37.138536 -0.148743
-39.382883 -37.621095 -1.738675
-38.735308 -37.083604 -0.194834
-39.596569 -36.644764 0.527743
-34.921949 -39.092779 -2.344714
-36.576972 -35.774041 1.878898
-32.890368 -36.147792 0.651080
-33.828529 -33.719000 -8.789954
-33.126506 -32.611732 -8.878658
-34.900435 -31.080902 -8.394662
-32.550591 -32.244556 -8.820357
-35.434294 -29.830628 -7.756578
-33.243380 -31.250073 -8.369660
-33.508730 -30.411421 -7.647111
-34.688706 -29.250167 -6.391637
-33.714033 -29.992500 -6.792635
-34.349792 -29.526362 -5.517533
-34.970427 -28.946170 -4.999924
-34.816149 -29.624629 -2.954081
-33.910061 -33.602267 2.047849
-34.555036 -32.220290 2.166736
-35.929334 -39.467186 -5.932499
-35.729450 -38.831429 -7.032611
-39.627201 -34.550674 -7.323204
-33.257708 -30.036203 -5.376129
-32.836357 -30.119174 -6.229704
-33.821137 -29.810577 -5.791400
-38.339774 -31.812750 -7.738710
-36.773409 -28.919794 -7.321558
-33.977115 -31.289890 0.199329
-33.644085 -31.536803 0.214744
-33.135481 -32.643199 0.558945
-33.522305 -32.548832 0.762362
-33.899874 -32.054567 0.898335
-34.503959 -31.091090 0.972282
-34.881675 -31.159752 1.803941
-34.768407 -30.384352 0.361796
-33.801785 -33.066256 1.715541
-32.491162 -35.082587 1.120536
-32.965048 -34.565686 1.364746
-34.867918 -38.328777 -1.350250
-35.640224 -36.478717 0.576238
-38.260773 -36.308647 1.372058
-38.746198 -35.933379 1.973767
-37.836212 -35.947048 1.985899
-33.732678 -37.199329 -0.371215
-33.678831 -38.331551 -1.417839
-33.611153 -38.898414 -2.046452
-33.459753 -39.353552 -2.698995
-33.391501 -39.660174 -3.250521
-33.356113 -36.805607 -0.026600
-32.428162 -36.850488 -0.102378
-32.205313 -36.455480 0.366004
-33.209530 -35.335613 1.368833
-32.179117 -36.365022 0.711745
-33.612657 -34.555352 1.808634
-33.578012 -31.021753 -0.584047
-34.303700 -30.507998 -0.699619
-34.850027 -29.921391 -0.792176
-34.442563 -30.132420 -1.795223
-33.853472 -30.230964 -3.362211
-34.396836 -29.900562 -3.590828
-29.340261 -34.130784 -7.300161
-30.148859 -35.101600 -8.038228
-31.272172 -35.327122 -8.554555
-29.801815 -33.304472 -7.201403
-30.326833 -34.383431 -8.025909
-30.654117 -33.621559 -7.993757
-30.447018 -32.589033 -7.141848
-32.494757 -30.371429 -7.007605
-32.680482 -30.024031 -5.612017
-31.938962 -30.251047 -6.805561
-31.826193 -31.716809 -8.046626
-31.523587 -32.467857 -8.006869
-31.117393 -32.044136 -7.231591
-31.096836 -32.972559 -7.957449
-32.804902 -34.261082 -8.899495
-32.489835 -33.563275 -8.979989
-32.392850 -32.790687 -8.924032
-32.148027 -31.525307 -8.449413
-32.821474 -30.076847 -4.117902
-31.897559 -30.558997 -7.428945
-31.786119 -31.111465 -7.923085
-32.365061 -30.737782 -7.834858
-32.374935 -29.903082 -5.491678
-32.287249 -35.321886 1.173315
-32.035023 -39.556077 -3.427969
-31.802620 -39.167543 -2.757734
-32.118552 -38.761337 -2.165679
-32.384800 -38.383343 -1.712247
-32.584622 -37.786490 -1.091407
-30.528159 -38.558499 -2.368813
-31.368279 -38.042174 -1.438940
-29.329622 -38.565713 -2.875299
-31.654693 -37.748479 -0.942817
-31.770578 -37.152898 -0.383750
-31.800699 -37.082978 0.063356
-33.497098 -30.439587 -2.775339
-33.622144 -30.581044 -1.783814
-33.293260 -30.252761 -3.969382
-41.339328 -29.708032 6.392673
-44.254957 -30.738664 7.143247
-43.390503 -29.360862 7.395998
-47.858619 -33.882730 -0.705858
-47.891742 -33.604662 3.573546
-45.454361 -32.073505 6.457749
-46.727037 -33.093600 5.172118
-39.843578 -37.735842 -3.157207
-38.001622 -37.413536 -0.707126
-37.189973 -36.764774 0.433709
-40.182210 -37.446831 -4.065385
-37.190982 -38.809261 -2.849560
-31.586301 -34.152382 4.033105
-35.056100 -35.770887 1.457610
-35.885983 -37.559061 -0.655468
-39.588101 -33.207342 4.618429
-40.268532 -34.088479 4.348714
-39.482558 -35.775111 2.333837
-41.786431 -30.636044 6.311099
-42.462281 -31.721168 6.184143
-43.409637 -32.970160 5.648478
-44.517024 -33.944175 4.435120
-45.651840 -34.450175 2.859230
-46.469848 -34.675573 1.272469
-41.673431 -23.495306 -4.331635
-41.559868 -29.559048 -6.975223
-40.482275 -27.436098 -6.587432
-40.436106 -26.368249 -6.140725
-38.356079 -24.728829 -4.356837
-42.779744 -19.824738 6.290991
-40.636122 -22.098292 4.306308
-39.515428 -23.572892 3.150025
-37.582687 -26.094656 0.850160
-42.945453 -19.168177 4.783274
-40.798138 -21.458135 2.905523
-39.665224 -22.950794 1.777201
-38.657784 -24.424114 0.794988
-43.199995 -21.766633 7.980367
-40.680936 -23.680675 6.125749
-39.377682 -24.955709 4.978645
-38.488587 -25.961505 4.060481
-37.535677 -27.002700 3.088510
-36.151430 -28.744972 1.880971
-41.036242 -20.755902 0.577455
-39.751063 -22.179878 -0.410488
-38.799966 -23.465688 -1.222819
-37.655015 -25.073045 -2.250885
-33.833680 -29.782432 0.099218
-31.959381 -32.394872 -8.669389
-32.010932 -33.107797 -8.583658
-31.519323 -33.979610 -8.677524
-31.432950 -34.605102 -8.618446
-31.638590 -31.210248 -7.483089
-33.882907 -34.550446 -8.822953
-39.625946 -33.071542 -7.507148
-39.343645 -31.725592 -7.606789
-36.139915 -28.244348 -6.684854
-42.215111 -27.657019 -6.270897
-42.793014 -28.326584 -6.358862
-41.106391 -28.785445 -6.892736
-43.204683 -29.018051 -6.383178
-17.458242 -5.997248 18.233735
-15.783116 -6.401137 18.568286
-12.555520 -5.154083 11.848308
-11.827960 -5.831822 11.666748
-11.041573 -6.628500 11.667792
-11.110648 -7.778026 11.850989
-10.513526 -8.073646 12.612989
-10.368681 -8.487022 13.774759
-10.787854 -8.588389 14.648127
-11.702958 -8.561934 15.857560
-12.322299 -8.600378 16.590630
-12.298420 -9.134234 15.580010
-13.115164 -7.627977 19.130682
-12.817834 -8.204113 18.377659
-15.310668 -9.270558 17.813695
-15.518186 -8.629610 18.057724
-16.386495 -8.517478 17.701987
-17.002421 -7.881804 17.615231
-18.005633 -7.154975 17.561888
-17.471380 -5.072532 18.368172
-19.118109 -7.546134 16.646445
-17.806247 -5.119298 17.320391
-17.437722 -5.011520 16.789223
-16.681548 -5.071871 15.848213
-18.430272 -6.574826 15.225290
-16.446369 -5.639616 14.411050
-15.917263 -5.629741 13.575091
-14.943775 -4.845973 12.931779
-15.444697 -5.707931 12.655817
-14.571096 -5.365711 12.141315
-13.804142 -5.454670 11.705566
-13.121515 -5.914014 11.491229
-12.568672 -6.648796 11.431336
-11.907123 -7.139809 11.551913
-11.974484 -8.443530 11.829179
-11.615824 -8.802523 12.435197
-10.934632 -8.707768 13.538791
-11.461429 -9.030075 13.292172
-11.318550 -8.940200 14.473537
-11.772469 -9.334916 14.244182
-12.293700 -9.494677 15.027779
-13.304214 -9.779754 15.963019
-13.741846 -9.662359 16.737553
-14.512372 -9.677760 17.343129
-18.775333 -8.307629 16.974999
-17.691858 -8.581400 17.273255
-16.549411 -9.527942 17.393722
-15.910182 -9.959368 17.262899
-15.069271 -10.208262 16.771258
-13.044406 -10.362602 14.629495
-12.070102 -9.603458 12.981853
-12.603383 -8.447293 11.521980
-13.834884 -8.300891 11.111250
-13.676362 -7.392547 11.219244
-14.667125 -7.007955 11.447813
-16.442031 -7.079288 12.445926
-16.520863 -6.573340 13.041287
-17.469361 -6.743649 13.773286
-19.446808 -7.433972 15.347255
-16.971518 -7.194804 12.737568
-15.564700 -10.827769 16.359796
-17.218800 -10.462194 16.912101
-18.561087 -9.992518 16.763007
-12.861327 -9.503524 11.640923
-19.128554 -7.369158 14.770972
-14.427255 -10.848318 15.408923
-13.769144 -8.674361 18.452904
-14.332733 -3.993819 13.384612
-15.120987 -4.586381 13.765124
-14.691797 -3.954252 14.152180
-13.888287 -7.477575 19.210638
-13.260278 -8.917160 17.754642
-14.975975 -6.866708 18.723864
-14.921053 -3.603693 15.538513
-13.412271 -4.620669 12.046000
-13.995826 -4.335635 12.584704
-14.377919 -8.322869 18.701468
-13.556971 -11.218279 13.276272
-27.706838 -36.444539 -6.037756
-28.080226 -37.662456 -4.837832
-28.255132 -38.043284 -4.172199
-27.943205 -34.942908 -6.514562
-28.243504 -34.136969 -6.478181
-28.740232 -33.066008 -6.166889
-29.203679 -38.092701 -2.301647
-28.664839 -38.373377 -3.277907
-29.392709 -20.717138 10.053038
-29.750562 -20.417710 9.239047
-28.444718 -17.513189 8.218373
-29.330619 -18.372672 7.399863
-28.813845 -24.934132 10.660602
-27.397761 -25.919839 10.806264
-28.011212 -23.433878 11.392093
-28.717817 -21.577150 11.010922
-29.945848 -23.640943 9.883802
-30.608900 -22.584907 8.808941
-30.844523 -22.089261 8.022707
-26.683399 -24.503179 11.503406
-26.070905 -25.321865 11.063882
-24.917371 -23.987597 11.533770
-25.549432 -22.878262 12.227755
-30.701954 -28.318356 8.354685
-29.363524 -29.381738 8.526380
-23.249938 -22.843748 11.514794
-30.551545 -20.071930 5.934835
-28.580339 -17.582828 6.416105
-29.962299 -19.307977 4.842506
-27.645493 -17.356618 5.206963
-28.958998 -18.865265 3.743979
-26.482388 -17.545680 4.274837
-27.723081 -18.926173 2.884445
-25.131723 -17.962286 3.957868
-26.246096 -19.561218 2.405539
-24.399876 -18.338633 3.966686
-25.226535 -20.305604 2.453859
-24.468729 -20.989696 2.734112
-23.462791 -19.111099 4.199788
-27.162245 -16.066115 9.404292
-27.656744 -17.555172 10.812605
-26.674483 -16.838191 11.668368
-24.769422 -21.435836 12.782310
-25.993613 -20.053944 12.834466
-26.660745 -21.325536 12.333338
-27.045019 -19.133918 12.184101
-27.475591 -18.005043 11.385557
-27.502178 -16.552762 7.431532
-25.142034 -26.920194 9.506066
-26.280217 -26.752047 10.236344
-27.086178 -30.127795 7.523735
-27.337311 -22.259655 11.916790
-33.388456 -28.216697 3.627070
-25.840939 -14.773781 8.721055
-32.374543 -23.102230 2.840372
-32.549543 -25.079381 5.108400
-23.587303 -17.294979 5.082794
-22.150013 -15.942692 6.448477
-24.190789 -16.935797 5.149774
-23.362525 -15.126090 6.709151
-24.318144 -15.239423 6.644327
-27.121530 -23.248187 -0.074749
-28.158453 -22.321336 -0.247448
-26.323316 -16.125549 6.451730
-25.324925 -16.389740 5.567080
-19.919026 -12.389063 9.024183
-20.726783 -11.295124 9.880927
-18.664465 -10.595772 10.294017
-18.212480 -8.696589 11.815499
-17.475186 -8.880545 11.476212
-24.021805 -12.823859 11.667999
-24.831061 -13.657359 9.904126
-23.417684 -12.166513 11.072175
-22.138872 -10.594857 13.079375
-21.810305 -10.318480 12.393346
-24.873745 -14.641780 7.661704
-23.488464 -13.315030 8.695176
-20.603465 -10.161628 11.164943
-22.639545 -13.662349 8.019005
-20.299866 -22.604525 7.819835
-19.919097 -21.282403 6.845295
-19.018056 -19.352174 7.939480
-19.225713 -20.347599 9.027281
-17.968908 -17.339552 8.958956
-18.166471 -18.251528 10.002999
-16.702762 -15.179909 10.053991
-16.906002 -15.975965 11.033061
-15.377977 -13.264937 11.010800
-15.591198 -13.888939 11.970802
-20.683355 -21.473683 5.462869
-19.284927 -18.491776 7.222541
-18.227239 -16.528840 8.315108
-16.966846 -14.431154 9.485765
-15.576499 -12.569455 10.398862
-21.281717 -20.591268 4.944894
-19.928431 -17.655410 6.754672
-18.855762 -15.780449 7.890630
-17.651146 -13.670635 9.117117
-16.311002 -11.752890 10.062982
-22.334337 -19.979423 4.518574
-21.001109 -16.803167 6.531375
-19.940692 -15.002282 7.705007
-18.706706 -12.915632 8.987926
-17.424952 -11.031518 10.071075
-21.136969 -14.318165 7.698199
-25.345605 -15.415417 12.476316
-23.652168 -13.487655 13.556731
-25.582957 -17.245824 12.967005
-23.385632 -14.494483 14.195598
-21.754550 -12.362109 15.170077
-23.992541 -17.264396 13.872074
-22.507065 -15.274825 14.650264
-20.904835 -13.078373 15.522686
-22.729732 -18.158458 13.893275
-21.279992 -15.969978 14.633923
-18.550957 -12.198542 16.083839
-22.066341 -20.489949 12.501471
-19.616887 -16.482159 13.995105
-18.120075 -14.321641 14.867222
-20.962599 -20.579142 11.661504
-18.637401 -16.504904 13.298154
-17.579641 -14.989232 13.913750
-22.402219 -23.530242 10.325417
-21.740209 -24.779162 8.159340
-19.211204 -19.486809 10.752059
-17.476660 -16.421432 12.040440
-16.122543 -14.292847 12.933559
-20.333862 -8.526818 14.532707
-20.290949 -8.675508 13.648700
-18.518364 -7.907919 12.961693
-13.645629 -11.170809 12.072350
-14.216114 -11.975177 12.851439
-14.139362 -10.904780 11.180843
-15.002935 -10.060187 10.790402
-16.026678 -9.428833 10.894316
-20.382572 -9.311208 15.659414
-20.077923 -10.172643 16.129791
-19.427285 -11.159756 16.292577
-16.749321 -12.406320 15.637705
-14.775548 -12.291740 13.769630
-26.228985 -32.084248 3.657496
-25.078990 -31.677361 2.606307
-23.541092 -29.171237 4.248610
-24.455505 -29.737369 5.323005
-21.769303 -25.901901 5.736098
-22.713716 -26.798637 7.000067
-27.632767 -33.813031 -5.619232
-27.274775 -34.229027 -5.295793
-27.495641 -34.747586 -5.955903
-27.717453 -37.476693 -3.123540
-27.326651 -36.961956 -3.715878
-26.905047 -36.128513 -3.124319
-27.188481 -36.521086 -2.619680
-26.366836 -34.438228 -1.810898
-26.670759 -34.801950 -1.378774
-27.180735 -36.494117 -4.270087
-26.763458 -35.591302 -3.592503
-26.473771 -34.653871 -2.967996
-26.137867 -33.700873 -2.244762
-27.121105 -36.056384 -4.745785
-26.769280 -35.132906 -4.076369
-26.599795 -34.123738 -3.646489
-26.385959 -33.050394 -2.915336
-27.117281 -35.423679 -5.243497
-26.926460 -32.054780 -3.333158
-27.071156 -32.983139 -3.981164
-28.393469 -31.955091 -4.828327
-28.005620 -32.937873 -5.339930
-27.724987 -32.173568 -4.300371
-27.935014 -31.097603 -3.748543
-28.733088 -30.322239 -3.798749
-28.327776 -27.531268 -2.467246
-27.873797 -29.571854 -2.846722
-33.389759 -25.511151 0.131012
-31.846154 -22.218773 1.607316
-32.830219 -24.793673 -0.964074
-31.988957 -24.507970 -1.751301
-30.964484 -21.767296 0.636046
-30.874303 -24.568039 -2.216276
-29.742730 -21.780698 -0.060420
-29.442865 -25.091687 -2.239990
-29.782683 -26.562367 -3.106312
-25.835424 -33.382653 -0.275633
-25.616020 -32.628758 -1.296937
-25.039531 -31.489630 -0.396637
-25.136405 -32.317444 0.567042
-24.248501 -30.287012 0.549053
-23.904921 -30.452992 2.080724
-22.712716 -27.778189 2.388971
-22.909340 -28.711040 3.336941
-21.411989 -24.717486 4.611003
-25.920039 -31.692408 -1.990966
-25.419790 -30.450895 -1.089121
-24.735437 -29.116709 -0.080330
-23.279362 -26.630639 1.919116
-21.723008 -23.763937 3.970299
-26.625885 -30.638756 -2.451537
-26.184512 -29.349605 -1.552213
-25.602917 -27.968997 -0.473123
-24.110719 -25.639611 1.559195
-22.357926 -22.912858 3.465602
-27.201094 -28.181663 -1.816753
-25.166859 -24.581208 1.083477
-23.454537 -21.990389 3.037068
-27.066537 -25.292772 -0.739454
-27.568110 -36.891225 -2.286311
-28.390671 -37.221895 -1.795300
-27.904703 -37.124308 -2.100527
-28.632082 -35.937663 -0.286939
-27.076997 -35.119689 -1.024961
-28.003964 -35.124280 0.117980
-27.717825 -35.386035 -0.535902
-27.150261 -34.620178 -0.015900
-28.301014 -34.701420 0.910642
-26.476833 -33.687162 0.909679
-27.561380 -33.748090 2.013295
-28.771509 -33.702235 3.594929
-27.889697 -32.573449 4.701820
-29.384086 -35.400842 0.869098
-28.323553 -37.911199 -2.701383
-30.814879 -34.298066 3.760642
-32.345914 -25.759808 6.156060
-33.095320 -29.482006 4.894743
-31.764729 -26.959661 7.461607
-32.357112 -31.014976 5.894633
-31.216103 -32.045863 6.153942
-29.863648 -32.936996 5.303057
-26.029641 -30.152369 6.685549
-23.843507 -26.526835 8.869592
-31.864405 -32.990011 5.108737
-32.716032 -31.966375 4.853545
-31.512973 -29.576427 7.202278
-30.240680 -30.640375 7.438819
-32.444221 -28.179444 6.203688
-33.188839 -30.350092 3.890456
-33.482795 -29.098629 2.734926
-32.935396 -27.001540 4.846814
-30.987918 -25.420825 8.668790
-31.630488 -24.308571 7.479641
-31.806900 -23.791413 6.637799
-31.613603 -21.747387 4.344642
-33.739847 -27.298322 0.447060
-33.687291 -26.446639 -0.733066
-32.399193 -23.449929 0.227159
-32.928761 -24.318571 1.343876
-31.122823 -20.940545 3.144649
-31.547105 -23.049154 -0.592920
-30.169924 -20.474706 2.070908
-29.860727 -26.788804 9.550547
-28.461867 -27.933998 9.618686
-27.905164 -37.159928 -5.471290
-27.723040 -35.539036 -6.340612
-32.321315 -37.285123 -8.442121
-33.306796 -38.067264 -8.199549
-34.883206 -39.673902 -3.548641
-34.972776 -39.868008 -4.853389
-33.939233 -39.970365 -4.116306
-33.817577 -39.843944 -3.622213
-34.034128 -40.020710 -5.105489
-34.911986 -39.684349 -6.142906
-34.021678 -39.756969 -6.307896
-33.956275 -39.160539 -7.411646
-34.756633 -38.984316 -7.323886
-32.999068 -39.894171 -3.868470
-28.680632 -36.572356 -7.073503
-28.725962 -37.364442 -6.652458
-32.936392 -40.026038 -4.487396
-31.484510 -39.736890 -4.905268
-30.398705 -39.224586 -5.189866
-29.332841 -38.634111 -5.194404
-29.461425 -38.852058 -4.394266
-31.411423 -39.592130 -5.552325
-32.916028 -39.966578 -5.348931
-32.866058 -39.630386 -6.459268
-31.379591 -39.203148 -6.536229
-29.987409 -38.586154 -6.311203
-28.980695 -38.052571 -5.985120
-29.858948 -37.993724 -7.117156
-31.187289 -38.558445 -7.434916
-32.853236 -38.949965 -7.595796
-28.794578 -35.767153 -7.276360
-29.031038 -34.973551 -7.339089
-30.003101 -35.787439 -7.958159
-29.852708 -36.496732 -7.800861
-29.809491 -37.278729 -7.547968
-31.001665 -37.775588 -7.905144
-30.984309 -36.786552 -8.245033
-32.322658 -38.217096 -8.087762
-33.223489 -38.558963 -7.990048
-29.384459 -38.775448 -3.422014
-30.593710 -39.211206 -3.460291
-31.636746 -39.682836 -4.220010
-30.320967 -39.223023 -4.321351
-12.883769 -8.917672 17.102573
-14.262108 -10.279854 16.112916
-11.983010 -8.122025 17.131555
-12.235422 -7.745866 18.248249
-12.256225 -7.259401 18.835530
-16.975454 -5.570968 18.657152
-16.974696 -4.704686 19.097384
-16.780211 -3.523296 18.801256
-16.754289 -3.829400 17.818568
-18.035916 -16.521198 12.646143
-19.647189 -19.184212 11.653103
-22.074463 -24.149174 9.363713
-23.147722 -26.294988 8.302794
-25.320521 -29.997801 6.068967
-15.507652 -12.021344 14.994634
-14.130108 -11.476020 14.116666
-13.455568 -10.142883 11.464756
-14.369075 -9.201044 10.995435
-15.463637 -8.529835 11.179097
-16.918208 -8.069474 11.918086
-17.541282 -7.941757 12.307808
-16.405479 -10.616519 16.846428
-17.354014 -12.061493 16.129010
-18.852896 -14.086562 15.225610
-20.426950 -16.286684 14.371699
-22.494842 -19.540853 13.227997
-23.969495 -22.228941 12.253206
-20.001020 -19.959024 6.379170
-20.607627 -19.092192 5.876465
-21.674719 -18.203006 5.616997
-22.714773 -17.314532 5.471675
-24.436696 -25.299000 10.384958
-26.971925 -28.565232 9.042002
-26.075908 -28.740536 8.438036
-25.036600 -28.713547 7.615166
-24.376149 -28.596403 6.964927
-23.597142 -28.350009 6.153059
-22.724255 -27.713587 4.992493
-22.312238 -27.331360 4.397364
-22.011821 -26.277221 3.476554
-22.513224 -25.194986 2.972655
-23.188420 -24.307310 2.551291
-24.304689 -23.366667 2.092349
-25.351638 -22.417576 1.654992
-26.083080 -21.781063 1.296026
-27.338059 -21.028281 1.006411
-28.913500 -20.492882 1.291217
-28.648198 -32.278122 5.642383
-26.729203 -31.133811 5.903852
-25.350873 -30.949807 4.534330
-24.291248 -30.438153 3.476960
-23.444608 -29.023011 1.468885
-23.988094 -27.830450 0.958179
-25.411263 -25.858638 0.442978
-28.743359 -23.548199 -1.189900
-30.278301 -23.018291 -1.125656
-26.996118 -33.013033 2.791046
-30.047077 -34.182506 3.720510
-30.984919 -33.375591 5.003166
-30.295871 -32.445912 5.987116
-28.545196 -30.047962 8.146631
-27.559018 -28.430275 9.354883
-26.684022 -26.063507 10.788091
-33.617232 -28.112265 1.565399
-33.566478 -27.370282 2.561085
-33.081716 -26.328388 3.955411
-23.757886 -18.190348 4.454355
-33.580475 -26.342641 1.346239
-32.562410 -23.919852 3.871940
-31.783973 -22.536849 5.280983
-30.765654 -20.846035 6.841227
-29.614721 -19.160994 8.204855
-28.868464 -18.394437 8.866803
-27.624251 -16.915319 10.042597
-26.228134 -15.521442 11.072091
-23.963401 -13.063012 12.614456
-21.427206 -10.034580 14.395339
-19.683949 -7.831160 15.710126
-18.757622 -6.533978 16.669785
-17.756110 -5.149580 17.815930
-16.967053 -3.879450 18.868949
-31.503936 -26.015702 -3.121001
-25.802516 -32.745875 1.710917
-28.506151 -26.063750 -2.106514
-13.510474 -7.530778 19.223444
-13.338327 -3.787821 13.025405
-13.267764 -6.526598 19.490128
-21.790582 -13.984747 7.797310
-20.622571 -12.149968 9.178406
-22.674814 -15.516393 6.551801
-19.340690 -10.379157 10.486513
-15.620841 -7.308983 11.776422
-16.510449 -9.212484 11.063127
-16.038681 -8.313824 11.430048
-18.709374 -7.347301 14.153629
-20.900091 -9.715492 12.182108
-23.841002 -12.893627 9.810114
-15.361599 -5.844039 19.054538
-15.744156 -3.685275 16.886702
-12.600075 -4.202710 12.505121
-11.332076 -5.398296 11.866639
-10.546618 -6.027707 11.800095
-9.638037 -8.272375 14.023642
-12.633079 -6.781389 19.374722
-13.870940 -6.395612 19.379395
-9.765937 -6.161651 11.795521
-8.831985 -5.097356 11.858105
-8.284168 -5.725837 11.637106
-9.490847 -8.198173 15.275122
-11.100069 -8.222037 16.073271
-7.927314 -8.070169 15.839954
-8.693136 -7.935979 16.496109
-8.896081 -8.146119 14.227518
-9.109043 -6.837646 11.892775
-9.103460 -7.878572 13.378424
-11.492605 -7.450056 18.148621
-11.107310 -7.779514 17.090282
-10.828441 -6.892933 18.768313
-10.064275 -7.328322 17.861787
-6.405364 -8.000786 15.427181
-8.914454 -7.423726 12.636904
-7.245732 -7.419440 12.608235
-7.456972 -7.032217 12.136842
-7.053781 -7.763426 13.337224
-7.502570 -8.038981 14.336587
-16.493020 -3.547671 20.219313
-16.333884 -4.043698 20.240194
-15.327035 -4.357530 20.613578
-15.689914 -4.874074 19.815119
-13.745686 -5.187258 20.384577
-14.747652 -5.518602 19.574945
-12.366232 -5.962622 20.015032
-11.330718 -6.580841 19.253773
-10.644991 -4.923333 12.133273
-7.814509 -6.438302 11.653024
-9.486855 -4.383067 12.201344
-10.327285 -3.572225 12.912233
-11.370682 -4.173239 12.601263
-11.031794 -3.033030 13.494000
-11.894215 -3.626187 13.018264
-11.822573 -2.588993 14.358503
-13.151518 -2.158637 15.750391
-13.204868 -2.868269 14.566319
-12.105815 -4.743916 12.158551
-16.454921 -2.756011 19.737173
-16.172990 -2.509326 18.947528
-15.430330 -2.934496 17.423807
-15.133173 -2.147909 17.964909
-14.450074 -2.805080 16.180080
-14.016877 -2.075128 16.780728
-16.577829 -3.247894 19.869033
-2.545850 -7.555786 15.559116
-2.263706 -7.264386 14.758028
-1.898229 -7.175230 13.677042
-1.491525 -6.892775 12.553604
-1.387848 -6.678630 11.721860
-2.382041 -6.308373 11.582111
-1.431430 -6.317527 10.208665
-1.411420 -6.012750 9.738463
-2.145902 -5.477286 10.054556
-2.233153 -5.758980 10.446412
-1.431188 -6.519207 10.894303
-2.309620 -6.024110 11.027530
-3.712576 -7.730487 16.937296
-2.823193 -7.723013 16.024132
-3.241705 -7.746808 15.351681
-3.915588 -7.879869 16.347015
-1.124155 -5.195397 9.237664
-1.475416 -4.238584 9.552280
-2.055242 -4.670201 9.804778
-2.530296 -6.970259 18.071319
-2.169513 -6.696668 18.088573
-0.724897 -4.226087 9.142314
-1.144695 -3.675507 9.601104
0.337401 -2.683180 11.721931
-0.527161 -2.399578 11.802473
0.852719 -3.021648 10.717010
-3.005974 -7.248233 17.932167
-2.380577 -7.796001 16.871449
-2.795993 -7.633327 16.820305
-2.877932 -7.461932 14.352907
-2.546674 -6.531211 12.209520
-1.514632 -6.098570 17.956774
-0.591440 -5.724941 17.316038
-0.553124 -5.158420 16.383427
-1.065622 -5.262938 16.692243
-0.254674 -4.786983 15.493590
-1.077095 -4.872660 15.890521
0.032694 -4.301187 14.404313
-1.247398 -2.570907 12.844228
0.043669 -2.651008 12.306883
-0.096405 -3.336825 13.443281
-1.128141 -3.214635 13.868989
0.333475 -3.536257 13.222631
0.929825 -3.198524 11.740841
1.363860 -3.643946 10.920689
-2.282727 -6.036231 18.268462
-1.055489 -4.209261 14.819948
-0.548247 -2.492048 10.738344
-0.797376 -3.125081 9.952273
-2.212047 -5.230283 17.425197
-3.195406 -5.755100 18.863881
-4.964168 -4.811465 19.324238
-5.199528 -3.910337 18.500507
-3.465018 -4.708303 17.984611
-5.886974 -2.583890 12.422776
-7.621879 -3.049848 12.518810
-6.196338 -3.241989 11.966581
-7.193566 -1.951901 13.640608
-5.607927 -2.292017 13.060754
-7.761553 -3.864638 12.075370
-6.314010 -3.905191 11.587358
-6.765954 -4.454096 11.485839
-7.427397 -2.005547 17.332888
-7.790571 -1.617454 16.575274
-6.100839 -2.310134 15.824089
-7.001346 -2.531884 18.128476
-5.552524 -3.286843 17.496468
-4.876781 -2.541836 14.724705
-3.119961 -2.584446 13.760115
-2.851831 -3.272743 14.621116
-4.352871 -3.148616 15.655574
-10.079245 -0.836392 15.998146
-8.085359 -1.507603 14.931016
-7.905687 -1.509605 15.810462
-9.463044 -0.726884 16.698017
-6.565150 -1.919672 14.290124
-5.168222 -2.288312 13.908092
-6.347249 -2.065277 15.153066
-2.161282 -3.393498 10.082424
-3.890581 -3.321141 10.912482
-3.909016 -4.047737 10.563418
-6.331893 -5.123223 11.188090
-3.899335 -4.607970 10.486158
-9.160487 -1.532795 14.596223
-9.006503 -2.912411 12.948345
-8.243788 -2.167367 13.483931
-10.998438 -1.675791 15.019892
-9.844481 -2.017697 13.974576
-3.784456 -2.787394 11.381350
-1.884316 -2.365662 11.218282
-3.684377 -2.416871 12.133479
-2.055930 -2.884979 10.465843
-1.563776 -2.310887 12.235486
-3.351319 -2.336871 13.079947
-4.188602 -7.194858 13.138667
-3.961008 -6.528999 12.149255
-12.464141 -0.711308 22.078715
-12.540706 0.176898 21.045041
-11.521565 0.034843 20.276277
-11.294905 -1.022522 21.422148
-2.587818 -4.204783 15.714850
-3.932972 -3.933406 16.648459
-8.256837 -1.778850 18.795818
-8.588755 -1.202321 18.047377
-10.668485 -0.385646 19.888592
-10.809641 0.226902 18.859347
-11.697053 0.580555 19.444515
-13.534406 0.430057 21.266765
-12.793044 0.702933 20.354147
-10.278348 -1.524125 20.966026
-7.981233 -2.686915 19.814816
-6.673249 -3.265593 19.016299
-3.690055 -4.248621 17.449792
-2.400137 -4.639490 16.611135
-3.351912 -6.247494 19.028770
-6.466278 -4.886024 20.095576
-6.509735 -4.144511 19.786067
-8.052410 -4.190193 20.831345
-7.952647 -3.609317 20.558465
-11.062276 -2.240902 22.338292
-10.220933 -3.267725 22.142859
-11.427229 -2.610253 22.776242
-12.588762 -1.542403 22.946934
-13.410641 -0.537939 22.416265
-10.085000 -6.145776 19.673430
-8.803077 -6.745954 18.721440
-7.250583 -7.633312 17.260957
-6.026892 -7.953757 14.868650
-5.797694 -6.393742 11.621365
-14.986316 -1.499075 22.297018
-14.371182 -0.872850 22.442730
-14.032367 -1.785697 22.909013
-14.697753 -2.095424 22.600845
-13.500360 -2.481422 22.985162
-13.968155 -2.920383 22.639604
-14.760434 -3.670495 21.530389
-15.371961 -2.519962 21.934933
-15.669467 -2.096723 21.656822
-14.308339 -3.224435 22.262929
-12.770377 -3.857358 22.267719
-12.247612 -3.411116 22.681413
-11.034669 -4.247382 22.011738
-11.048594 -4.929491 21.349027
-11.511455 -5.220941 20.785805
-9.201684 -5.710997 20.374460
-8.673752 -5.198365 20.797981
-10.293961 -3.802692 22.148683
-8.219781 -4.629471 20.892905
-11.697635 -2.938627 22.868298
-12.842988 -1.985927 23.093518
-13.260735 -1.491979 23.010794
-13.816409 -0.651139 22.520702
-15.161520 -1.079155 21.883864
-15.785211 -1.720517 21.183394
-12.766040 -4.804462 21.039910
-5.905828 -5.883864 11.248828
-3.811404 -5.684096 11.036875
-3.843404 -5.276613 10.637622
-3.476853 -7.542005 17.528078
-4.451295 -7.594001 18.139314
-4.087751 -7.154002 18.744470
-3.586503 -6.559711 18.992767
-6.128560 -6.944098 18.922769
-5.764763 -6.501326 19.486722
-5.227962 -5.899045 19.655084
-7.232027 -5.741914 20.128532
-6.805878 -5.208734 20.214755
-7.881852 -6.162665 19.658800
-6.204057 -7.074376 18.609527
-6.345098 -7.278235 18.036717
-5.452374 -7.691220 16.945958
-4.796223 -7.784077 17.166956
-4.568441 -7.924625 15.575799
-4.146552 -7.645278 14.075392
-8.162793 -6.455852 19.239807
-12.760629 -1.156680 16.597413
-14.456115 -0.253506 21.763781
-14.309646 0.400513 20.904018
-13.896929 0.513098 21.104635
-13.956279 -0.047756 21.858246
-13.467535 0.778468 19.692470
-13.065518 0.857196 19.963024
-12.226618 0.649512 18.461497
-11.892410 0.750358 18.959950
-14.037450 0.321819 19.228649
-12.673639 0.222451 17.922647
-11.399378 -0.333056 16.940538
-10.862384 0.001889 17.476803
-11.055371 0.404451 18.474705
-15.197281 -0.719591 21.447918
-14.896084 -0.058697 20.551248
-15.675097 -1.344532 20.845870
-15.596809 -1.274599 19.734827
-14.713983 -0.785776 18.674999
-10.581175 -1.203738 15.466990
-11.823105 -0.857241 16.508152
-13.054675 -0.378642 17.583567
-16.671661 -4.885355 19.260779
-13.757520 -3.447703 13.925829
-17.052811 -4.258788 18.981952
-10.128435 -8.363592 14.902279
-9.706810 -7.701342 12.658878
-9.901518 -7.168826 11.949572
-15.284189 -0.706723 20.145389
-13.924104 -2.858261 15.393778
-11.930332 -4.439834 21.827551
-12.123660 -0.003113 17.411982
-11.545145 0.376093 17.935327
-1.381735 -7.581579 15.940175
-1.205655 -7.753603 15.436286
-1.157745 -7.906620 15.036058
-0.948567 -7.864929 13.924506
-0.939085 -7.515082 12.844975
-0.965520 -7.062852 11.617638
-1.313189 -7.085242 17.825447
-0.800639 -6.709108 17.909789
-2.071006 -7.601980 17.377425
-1.944653 -7.628602 16.497718
-1.020440 -6.921948 10.224911
-0.533896 -6.287855 17.766100
0.297538 -5.615703 16.143027
-0.150721 -5.927768 17.320182
-0.375149 -6.036195 17.596206
0.584686 -5.371273 15.114435
0.923463 -4.965947 13.872532
1.225201 -3.860514 9.896525
1.639464 -4.256886 10.398924
1.594780 -4.282593 11.108701
1.237850 -4.604361 12.620324
0.327095 -3.760624 9.542352
0.410815 -9.220408 15.302735
1.453152 -9.842347 14.992359
1.037819 -8.921762 15.287562
1.498457 -10.095188 15.992493
1.856457 -9.774563 15.810130
1.521367 -9.304042 16.421054
0.987428 -8.918638 16.720584
0.567006 -8.152540 17.025491
0.564595 -9.186024 16.884594
-0.965363 -8.130587 16.974431
-0.374090 -9.059627 16.763997
-0.506258 -8.209909 17.231048
-0.099839 -8.927476 16.973086
1.768614 -9.200988 15.953778
1.786424 -9.781768 15.339271
0.628779 -9.663368 15.151303
1.088588 -9.803045 16.412193
1.552723 -10.267350 15.415881
1.471823 -8.858803 16.280112
1.310435 -8.824598 15.652031
1.308128 -10.299762 15.642645
0.634934 -9.976006 15.951363
1.201202 -10.026462 15.912754
0.884558 -10.059553 15.284457
1.267975 -10.216146 15.137694
0.016861 -9.538768 15.570481
-0.113336 -9.638656 15.837908
-0.495135 -9.103691 16.395322
0.056927 -9.666334 16.225230
0.229379 -9.524012 16.649678
-1.238685 -7.975659 16.576306
-1.069833 -7.950477 16.195454
-0.623378 -8.845072 15.974746
1.555323 -9.372809 15.215147
-0.952969 -7.416211 17.616555
-0.277553 -9.094970 13.509634
0.164985 -9.336175 13.647074
1.652003 -9.551372 13.373407
1.086383 -9.940605 13.392558
2.092701 -11.649994 12.642730
2.120218 -11.272108 13.247552
2.015185 -11.615389 12.030252
1.834980 -11.274619 11.817799
1.547265 -11.367781 12.261364
1.723315 -11.468271 12.931408
2.022097 -10.458947 12.310973
2.059701 -10.509450 12.890793
2.478735 -10.876421 12.885843
2.557514 -10.792402 12.459577
2.432873 -10.852652 11.987004
2.333242 -11.039731 11.807386
1.718446 -10.691791 11.889456
1.182585 -11.139099 12.074035
0.183382 -9.780649 13.339735
-0.485645 -8.554946 12.992468
-0.193131 -9.313056 12.822776
2.690138 -11.217333 12.196112
2.336724 -11.518443 12.049079
2.595556 -11.424061 12.725998
2.690109 -11.172341 12.708176
0.983316 -11.185976 12.944861
1.575518 -11.045540 13.294532
0.909715 -11.157565 12.649167
1.518937 -10.514414 13.267648
0.796470 -10.814428 13.182709
0.749958 -10.043335 11.949776
1.308005 -10.103941 11.987305
1.802603 -10.269104 12.927077
1.730602 -9.646191 12.633845
1.793642 -10.195831 12.391992
1.430516 -9.616677 12.166017
0.467192 -10.444027 12.181392
0.074495 -9.536340 12.239559
0.217046 -8.947484 12.149328
0.231641 -10.409105 12.674693
0.365884 -10.506567 13.011975
-0.355082 -8.895022 13.796900
1.652749 -8.901869 10.895702
1.864866 -9.349856 11.327611
0.822165 -8.460203 10.657669
1.335158 -9.618105 11.994520
0.829922 -9.385327 12.038952
1.784658 -9.384799 11.984177
0.186091 -9.197839 11.836303
-0.184513 -8.788513 11.734344
-0.584408 -7.795251 11.546261
-0.264247 -8.777287 11.243894
2.119477 -8.588242 11.701778
1.949747 -10.425125 10.265226
2.321679 -10.291828 10.479696
1.789068 -11.152966 10.475362
1.052088 -10.993686 11.254847
1.304468 -10.859029 10.450707
1.557004 -10.535691 10.219437
2.281078 -11.412101 10.305931
1.553428 -11.105066 11.668216
1.953501 -10.532666 11.630380
2.000791 -10.201171 11.365524
1.321957 -10.347473 9.684469
1.431651 -10.460871 9.380939
1.628323 -10.835425 9.746478
2.865476 -10.947334 8.897344
2.555257 -10.875229 9.654691
2.586897 -11.356299 9.077740
1.792310 -11.000003 7.819916
1.545051 -10.120519 7.803791
1.255899 -8.887192 7.653456
2.038145 -10.380144 7.597338
1.207044 -9.590656 7.824433
0.549086 -8.844820 7.948062
0.064044 -7.856837 8.276591
0.757979 -9.768606 9.627133
0.693823 -9.544722 8.291706
0.534588 -9.668479 8.992504
1.236998 -9.309499 10.152261
-0.322766 -7.811194 10.305980
-0.453302 -7.621012 10.882167
-0.732611 -7.334155 9.850779
-0.476423 -5.573062 8.627121
-0.745960 -5.994292 8.844693
-0.925346 -6.685759 9.332727
1.133336 -8.338403 10.316653
1.528824 -8.549535 10.305185
0.122660 -8.375943 10.025132
0.610019 -7.570517 8.070710
0.988040 -6.806034 8.385035
1.660381 -6.531945 8.845672
-0.076533 -8.502528 9.587023
-0.403233 -7.764490 8.787066
-0.287126 -8.244428 9.275915
-0.283255 -7.367062 8.387463
-0.110558 -6.806110 8.325066
1.868350 -7.330113 9.050904
1.916019 -6.297791 9.140917
2.210749 -6.793656 9.840202
2.067542 -6.012615 9.601709
1.984691 -9.091535 12.876688
1.595345 -6.833747 13.337918
1.206715 -7.422677 16.596019
1.255166 -8.781089 15.067867
1.430372 -8.177160 15.021630
1.381545 -8.169427 15.827819
1.668846 -9.324712 14.140741
1.705018 -8.619065 14.110269
2.033937 -8.656525 11.243870
2.166550 -7.886408 10.659988
2.041878 -7.841546 10.041544
1.640852 -5.372897 9.274642
1.317320 -5.438923 9.039017
1.578088 -10.080450 8.025414
1.932082 -5.492873 10.455889
2.113464 -7.629491 11.405875
1.695827 -6.065211 12.105489
1.261313 -7.427839 16.276351
2.063281 -11.058014 14.380582
1.966351 -10.617237 14.707742
1.530212 -10.825175 14.797346
0.790172 -10.095102 14.984736
1.249591 -9.842566 14.878283
-0.413964 -9.325245 14.933879
0.090387 -9.487916 15.119527
-0.576106 -8.329405 15.578905
2.246086 -10.561201 14.377120
2.291755 -10.513483 13.880532
1.737968 -10.855600 13.420612
1.158373 -9.655648 13.619009
2.620091 -11.097777 11.609269
2.961062 -11.112986 11.093415
2.358442 -11.666133 10.666255
2.941224 -11.215794 10.584051
2.804295 -11.417847 11.246665
2.414877 -11.694469 11.198631
1.218862 -9.194783 10.504623
0.745901 -9.284487 10.406117
0.102491 -8.078603 10.680372
1.680630 -8.923007 10.142102
1.483870 -7.398987 14.355351
1.409879 -7.537833 15.321919
1.042506 -8.152070 16.674605
2.736229 -10.647060 11.142536
2.763110 -10.673311 10.599886
2.608834 -10.898770 10.302128
2.658152 -9.309034 9.032087
2.194774 -8.309117 8.726806
2.127191 -8.962025 9.499007
2.607452 -9.601464 9.472608
1.935137 -9.700551 10.041260
2.855180 -10.422044 9.305409
2.960688 -10.120286 8.858118
2.596105 -11.331010 8.430301
2.936955 -10.554951 8.231058
2.649578 -11.020555 7.988794
2.677099 -10.631360 7.831620
2.578933 -9.571004 7.808454
2.904805 -9.686459 8.367452
2.373030 -8.753721 7.912392
2.529932 -8.866220 8.558862
1.866891 -7.742335 8.211912
1.869880 -7.903177 9.589028
1.740996 -8.467788 10.284436
2.106570 -10.094720 11.019685
2.020155 -10.059263 10.654411
1.273417 -10.249743 11.755453
1.708317 -10.129201 11.651085
1.194876 -9.194058 14.849313
2.136085 -11.064805 13.907568
1.463422 -9.470900 14.518623
1.800840 -9.880991 14.164957
1.959022 -11.477177 8.285424
2.033970 -11.569637 8.882288
1.538482 -11.425696 8.830041
0.167436 -8.795614 8.407395
1.267071 -10.224172 8.363708
1.210931 -10.368199 8.925541
0.256206 -10.051616 11.028453
0.303296 -10.030500 11.414436
0.588383 -10.192051 11.660570
0.524975 -10.089234 10.566902
-0.097768 -8.922328 10.808443
0.180232 -9.148228 10.579867
0.900224 -9.360858 10.002114
2.039602 -10.669728 9.882642
2.279403 -11.241054 9.545455
1.674139 -11.329641 9.366280
-1.435485 -7.774674 17.106464
-0.635387 -8.175021 15.851199
-0.765804 -8.501978 15.106653
-0.310727 -8.431119 12.347871
1.646953 -11.204435 14.369025
1.682959 -11.232981 13.929106
0.858977 -10.668145 14.697675
0.772628 -10.817304 14.409579
1.386038 -10.954604 14.553409
0.848738 -10.799999 13.949158
1.285448 -10.897828 13.815053
0.648004 -10.006306 13.594987
0.364013 -10.142212 13.760794
0.167263 -10.243040 14.013263
0.065879 -9.998822 14.859659
-0.240088 -9.718835 14.528357
-0.767866 -8.425967 14.441673
-0.392771 -9.283187 14.182402
0.661795 -5.508784 8.798769
1.515349 -6.853116 8.540203
2.119477 -8.530078 7.793647
1.904707 -9.253430 7.559178
1.658075 -8.607174 7.683085
2.140688 -11.121763 7.795743
2.117998 -11.648056 10.813395
1.738980 -11.343263 11.275753
2.045599 -11.551084 11.468564
2.145197 -11.446046 11.650141
1.844261 -10.630642 13.421868
1.552076 -9.566228 13.836587
2.132991 -10.630960 13.531637
-0.129218 -7.439981 17.577412
1.036608 -8.599800 16.413839
1.559950 -11.311588 8.157222
0.339146 -7.324289 17.381095
0.735888 -7.200965 17.077965
