-67.394780 -24.955578 142.084774
-65.844384 -23.234071 145.259384
-67.516819 -22.752730 144.444008
-68.600724 -26.139781 140.825609
-71.948464 -28.244581 144.451141
-73.305765 -29.416152 142.107365
-66.776560 -18.231280 149.113838
-72.672417 -28.806765 143.972863
-79.336899 -29.727114 147.513731
-71.381958 -24.609985 152.262745
-71.908047 -27.192023 148.005097
-77.269708 -32.275636 143.016650
-75.998863 -35.959185 140.410341
-67.837586 -16.254250 151.192176
-69.752443 -16.233853 151.687741
-74.524482 -20.617002 154.551969
-70.505543 -13.300316 155.900099
-77.986828 -28.671687 153.705084
-77.559870 -35.947924 141.583856
-66.853804 -28.027373 138.273570
-72.780471 -30.996493 137.702467
-77.797078 -37.424389 137.840484
-56.658976 -43.345148 111.339911
-59.830310 -43.755292 113.531715
-66.716716 -47.283969 114.410164
-60.512623 -42.222265 114.799651
-57.889533 -39.162352 113.639188
-64.840916 -44.869023 116.425750
-69.206839 -29.090832 137.389920
-72.138462 -33.366613 136.343792
-57.404161 -40.252157 108.553118
-56.148155 -34.806615 114.223924
-62.804530 -39.774605 119.698083
-59.580092 -37.517000 116.400928
-66.969975 -41.662275 120.523160
-78.826787 -22.214981 156.449604
-77.045470 -13.165935 158.403939
-70.290494 -8.643829 155.218636
-59.432704 -34.938392 116.290711
-75.682715 -37.914309 135.742492
-69.648354 -30.636358 136.497444
-71.342197 -51.856592 114.263176
-71.683995 -48.778455 118.456055
-54.205138 -35.634185 107.132588
-56.752784 -32.245031 111.421248
-62.063715 -37.349319 119.513757
-70.391911 -45.756161 120.080203
-81.927176 -36.945278 145.427300
-80.899315 -38.757443 139.197378
-84.231944 -31.202487 148.107392
-73.131714 -34.238038 134.814128
-67.611784 -25.799054 132.990281
-55.060226 -31.554731 114.821299
-62.180620 -34.944450 120.900460
-60.784822 -31.582632 121.603515
-65.698176 -40.757694 122.849654
-67.136604 -38.655395 122.503801
-59.346422 -30.539574 120.277356
-81.621145 -39.821824 138.945729
-83.676067 -28.221776 156.106440
-75.713519 -38.437863 134.389331
-72.405041 -45.216498 122.569129
-65.347261 -34.370823 124.598343
-69.737484 -29.483893 133.913258
-65.460675 -25.399011 130.360646
-70.533729 -43.669522 122.481581
-81.022989 -38.198139 137.696702
-57.716738 -28.288899 116.632560
-70.946325 -41.496474 124.792450
-66.169026 -32.779056 125.364827
-68.547749 -35.007097 126.673013
-62.753643 -30.936926 122.642345
-51.061004 -32.643555 105.443877
-52.762836 -29.012731 110.913495
-60.804123 -27.990232 121.789402
-70.837224 -41.211287 125.385809
-70.380454 -29.883182 132.976426
-67.093084 -29.133233 129.268523
-73.122648 -33.989922 134.943070
-81.431370 -37.938776 135.337380
-56.546074 -25.161547 113.626738
-74.135223 -36.954653 128.048997
-65.071294 -29.843938 129.577927
-69.483357 -31.487293 129.113952
-64.077422 -29.406644 124.981526
-75.263600 -54.406469 114.771375
-77.222878 -53.035192 116.988105
-73.271561 -37.130275 132.758042
-60.230278 -25.771127 121.227559
-75.180547 -48.250653 122.329528
-78.477954 -40.618885 130.836713
-62.056328 -21.564545 127.774389
-55.626418 -27.002410 118.355134
-62.795699 -26.931156 129.981882
-76.015192 -11.259945 159.717448
-80.606554 -14.549062 159.248324
-86.401325 -20.062198 158.256386
-73.080371 -3.433580 157.310178
-76.562191 -47.069002 124.625723
-80.894191 -41.138986 132.405020
-76.605494 -43.450986 126.917038
-62.443937 -25.066552 124.713634
-76.067974 -42.769582 130.116783
-76.737320 -44.099294 127.302248
-86.853445 -40.069887 141.971828
-86.846700 -34.915277 148.819178
-87.756008 -29.757303 153.706097
-84.296100 -42.398605 139.767140
-60.380547 -21.577362 123.567477
-52.531208 -27.552318 102.895936
-52.202692 -25.262757 107.601842
-53.511924 -22.628377 110.971869
-84.300431 -41.578854 135.704705
-55.466040 -20.720250 119.369211
-80.753721 -42.997493 130.536871
-88.936710 -24.575720 158.076252
-54.841021 -20.817709 116.422492
-57.309219 -19.908993 123.125797
-85.463375 -40.183015 135.068414
-81.135981 -42.304584 128.769519
-56.748074 -20.541394 119.542230
-79.387580 -55.106431 113.957487
-81.622366 -53.437561 116.691890
-82.060818 -11.285941 161.216479
-86.647732 -15.209170 162.888141
-78.797002 -6.644151 162.614300
-85.141697 -39.991183 133.680987
-80.306609 -50.315228 120.978388
-82.795433 -46.131126 126.776315
-82.347471 -46.145636 123.626581
-74.609563 0.667880 159.341945
-85.974615 -42.319680 134.515028
-56.146050 -19.078077 118.190637
-89.991693 -19.220663 161.406364
-58.703851 -17.650036 120.047243
-49.320525 -25.919832 101.184739
-51.413235 -22.923967 104.525393
-52.710193 -20.626707 106.861222
-51.803898 -21.826031 107.985458
-84.558305 -43.569617 131.134230
-56.520871 -18.186895 113.738232
-89.587109 -38.883795 141.980460
-93.706600 -36.950371 144.890795
-89.093800 -40.593269 137.181762
-92.513544 -32.483231 150.216574
-85.000650 -44.293283 128.523080
-90.091910 -41.567405 133.771402
-55.304770 -14.476595 116.182330
-85.095766 -44.734618 124.692092
-57.455483 -14.712742 116.037027
-95.025793 -27.302887 155.926129
-75.239280 1.197611 159.556365
-79.667237 -2.659668 161.994532
-82.949195 -8.837472 164.032594
-85.309158 -13.573163 163.883768
-83.375664 -46.719421 122.225076
-86.236660 -49.392112 119.898053
-85.680359 -54.674293 114.360536
-84.380772 -57.524081 112.227541
-88.426459 -42.701305 132.772098
-88.650551 -16.131631 160.618789
-92.317962 -22.271450 158.425164
-53.338352 -18.814234 106.790796
-56.227304 -15.798862 112.243650
-89.579089 -44.041549 128.962968
-52.791297 -19.144104 102.510646
-50.154378 -20.954541 101.041029
-50.555302 -22.195405 99.994299
-55.899524 -14.961959 116.528696
-51.100252 -20.322731 105.718671
-88.636031 -12.975543 163.345604
-55.824174 -13.075574 116.833266
-87.292858 -42.619850 129.150129
-54.761205 -17.588989 106.864251
-78.948564 -2.303487 162.925221
-75.090006 1.840518 161.777108
-84.309830 -5.785300 163.626144
-89.193567 -13.798537 163.705518
-87.397782 -9.699039 162.146357
-95.295654 -18.718118 162.032285
-53.690081 -15.643987 111.524996
-87.523152 -45.906007 126.477054
-89.438494 -49.350084 120.992237
-96.561028 -37.141623 144.513596
-96.114374 -41.224909 139.914970
-92.741549 -40.549590 135.049405
-87.125920 -5.155924 164.599179
-80.584518 1.874736 162.594036
-75.745265 3.234677 161.252858
-56.854377 -13.006058 112.852332
-87.221991 -56.877138 111.604127
-85.892458 -49.731001 118.276817
-92.998105 -11.378941 162.517950
-55.804280 -10.807821 115.959141
-98.820503 -32.851316 150.424645
-94.861539 -41.559142 131.598441
-93.018098 -16.034780 163.547640
-89.832743 -59.088894 111.650409
-91.260252 -7.437528 161.782794
-54.263329 -19.289924 102.252892
-50.820483 -20.455074 99.652340
-52.947044 -15.584506 102.288123
-98.122549 -25.109095 154.192574
-54.048051 -14.505505 103.880282
-91.173538 -59.993023 111.409124
-83.195011 1.169133 162.534931
-78.820582 7.341022 160.164537
-89.421636 -2.734257 162.278506
-91.483636 -44.533848 128.039331
-94.344417 -13.853262 161.048008
-100.081308 -24.466279 156.186659
-55.548350 -11.397170 110.136262
-95.442429 -10.494666 161.243240
-91.813186 -47.049016 122.507798
-89.475254 -52.919136 116.299040
-90.071492 -50.721046 117.982630
-98.112228 -20.470121 158.980204
-57.225063 -12.441236 111.829313
-93.937398 -47.334699 120.265819
-57.440448 -10.668243 112.238714
-99.464294 -17.552159 158.582183
-92.884008 -4.500191 163.409899
-77.762970 9.531353 161.195575
-82.759139 3.765707 162.240922
-89.470059 -0.626019 163.420798
-92.079865 -53.590977 113.399661
-99.705938 -8.794197 161.904954
-98.326958 -15.197945 162.097419
-100.243931 -38.555880 133.085141
-103.425260 -38.213370 138.398953
-104.947294 -36.049091 142.847431
-57.233568 -12.957313 103.967935
-56.789391 -13.565495 99.569995
-57.331127 -11.819711 108.200898
-93.049947 -50.882758 117.355722
-60.758151 -7.139839 111.007430
-97.772403 -5.686084 160.924082
-61.641611 -7.301250 113.046343
-95.826303 -42.823838 129.095039
-101.905076 -42.765072 129.333132
-93.070137 -43.855477 127.113205
-104.082341 -28.897034 150.052036
-95.155854 -55.139340 112.913036
-84.758711 4.479687 162.320224
-81.286060 10.333003 160.446585
-96.131060 -45.115282 129.497461
-97.256848 -4.140198 162.533545
-93.518618 -0.137854 162.167264
-102.386633 -25.747908 153.993079
-100.794317 -9.543409 159.293073
-96.758625 -47.397112 121.367751
-102.286452 -22.938472 156.431627
-97.072442 -44.579759 123.923393
-103.025607 -18.968673 156.943546
-104.787262 -17.150348 158.229235
-101.195524 -6.666887 159.807916
-83.126810 11.421820 161.817733
-87.978336 6.796018 162.053582
-100.031355 -43.103211 126.969491
-60.265065 -9.661731 103.407675
-59.195883 -9.432059 101.794666
-99.144862 -52.861902 113.618879
-99.482007 -50.251903 116.813563
-99.652077 -48.149406 119.014617
-62.295845 -9.815986 105.116093
-97.955906 -0.297096 161.143980
-92.643680 1.612489 160.749916
-99.807172 -5.723390 159.849166
-62.688680 -5.966533 109.628659
-61.816112 -6.841663 110.909155
-100.180592 -44.032623 126.313644
-99.510202 -46.918236 122.347096
-64.846093 -5.017295 112.459987
-105.903428 -10.040279 158.084739
-103.781244 -8.625060 161.281222
-84.742319 13.025859 160.582623
-89.044161 8.095511 161.681705
-107.992975 -36.672768 138.942032
-107.706611 -38.579415 134.425744
-107.851704 -31.643742 143.497415
-107.647783 -26.974832 145.048017
-97.082511 5.090528 160.315415
-97.359403 -0.654728 161.104574
-103.608068 -4.151834 159.609475
-105.247859 -40.535529 128.897087
-107.423100 -22.428074 149.649659
-100.387602 -4.437194 160.052320
-106.537958 -17.624052 151.227320
-108.067300 -18.091268 152.798414
-105.940036 -41.809056 127.231318
-107.387167 -15.718114 154.178562
-91.862924 7.692839 159.877830
-84.820351 15.985640 160.949461
-108.551937 -5.468523 157.878057
-103.783734 -42.942740 125.635888
-62.494846 -5.968225 103.879950
-63.701718 -6.260973 100.224280
-65.465177 -6.678263 103.347128
-66.545903 -3.467607 108.442727
-65.981397 -4.587472 110.501666
-65.069340 3.699060 116.717515
-64.814635 -2.512679 110.444972
-107.169187 -4.121465 161.486598
-65.911358 -0.026151 112.234346
-66.797647 -1.160466 112.748147
-99.070485 3.488939 160.783938
-108.765746 -6.290460 157.203736
-67.609714 0.203068 113.384538
-64.628630 1.603973 115.525757
-102.997210 -2.087366 162.146960
-103.082957 -4.390410 161.562651
-92.212544 10.353998 158.623634
-86.730134 15.229806 159.870983
-98.264505 5.510346 159.774514
-104.712972 -2.504478 161.016367
-109.490541 -36.958357 128.510906
-109.812366 -35.841798 132.418746
-110.636478 -33.050316 135.187969
-112.846075 -30.902332 142.082070
-113.832568 -25.554809 145.858054
-66.720103 8.987534 116.396054
-64.997766 -5.561943 99.606474
-65.990025 -7.617307 99.031696
-66.998462 7.395006 116.425907
-109.764444 -41.255810 127.022698
-67.806774 -2.148862 102.410190
-67.569261 -3.688297 99.280385
-67.881492 -3.201521 102.835259
-111.347880 -21.274937 150.114692
-69.278219 -2.105958 104.778233
-68.121160 -1.723509 107.069079
-87.945599 17.314903 155.483674
-69.443502 2.891096 108.699899
-69.373076 4.427635 112.897584
-70.135388 4.017534 111.382330
-110.844817 -18.173290 151.874037
-94.288885 13.260983 159.825410
-70.481824 2.260497 110.052651
-110.214965 -12.483931 152.488139
-99.665787 7.769849 158.167762
-105.392122 -0.886422 159.914907
-107.924480 -1.404908 160.365528
-109.123140 -3.411965 157.731814
-110.199695 -5.620432 156.475342
-65.924739 5.760132 113.570024
-64.857140 8.340537 113.603805
-63.885438 8.998003 116.117832
-62.943181 5.832469 113.057681
-67.524268 3.119406 113.538915
-64.320797 3.985070 112.231843
-64.331393 8.864139 111.373610
-64.807343 4.900620 109.259388
-64.054351 9.525207 115.145372
-65.573856 2.727350 110.069157
-66.200189 2.068072 110.859420
-69.300669 3.077042 111.381766
-65.710541 8.383128 116.822704
-66.493046 11.002827 114.810136
-66.369424 11.669196 117.481804
-66.693421 4.382460 115.544675
-69.706575 1.370851 112.778238
-90.275775 18.575440 157.081580
-66.252741 10.632382 117.287608
-66.712042 12.895265 116.179706
-96.877839 13.306080 158.366897
-64.407237 9.812258 110.175367
-62.913193 7.183382 106.823461
-63.594297 12.950555 113.196293
-69.335878 11.744689 118.189088
-66.823370 5.819037 107.528441
-101.285807 8.799471 158.989629
-66.670918 13.315684 114.727597
-69.769244 13.209809 117.008764
-74.122617 25.311233 139.172935
-76.798734 26.555584 142.276097
-79.232108 26.098507 142.648090
-66.547429 4.064482 106.989626
-69.396916 3.638747 107.375704
-70.300167 3.033269 108.301499
-72.653278 27.326056 137.817782
-70.463155 13.905904 117.316685
-78.966813 25.650635 144.290393
-108.609705 -3.039387 158.331979
-68.195105 3.208222 107.681071
-69.572382 12.742410 116.328320
-108.885859 -3.184545 160.085968
-81.316439 24.179798 148.142526
-115.930792 -27.720295 138.956722
-116.552554 -22.289332 144.772891
-83.976135 23.917618 149.085682
-112.842807 -19.583819 146.977287
-70.222582 0.944761 107.498447
-88.131679 21.882306 150.502003
-114.497040 -14.697933 149.043072
-69.475552 -0.341723 105.120650
-67.552390 -3.168436 101.057140
-66.356408 13.628445 112.494602
-65.320916 11.763993 110.260359
-66.319206 15.755153 115.496623
-93.596019 18.702794 155.472363
-111.440080 -10.337852 151.186735
-69.892424 16.381239 118.618742
-67.073814 3.335351 107.953280
-66.058058 1.359194 104.846456
-70.433467 26.861844 130.969691
-69.646750 23.203302 127.796647
-68.322499 20.167136 123.896505
-95.452764 12.772807 158.184552
-66.787039 0.907954 104.898025
-68.505908 16.258085 117.326936
-111.110515 -6.544699 155.664442
-67.326672 4.292289 106.491642
-67.481065 -0.267937 102.711801
-84.121188 23.211182 145.742332
-79.480832 25.139121 143.447071
-70.141012 18.760037 120.232181
-67.651679 2.641882 106.306882
-74.050533 25.666276 138.157072
-65.271110 -1.875039 100.579606
-71.476291 13.060456 118.318225
-99.917221 11.214178 158.592599
-70.141995 19.286033 122.941911
-66.552375 3.415310 104.542506
-81.592024 24.906937 145.650879
-67.435340 4.054461 106.689826
-112.827178 -3.010614 156.443958
-83.770740 22.161353 148.426559
-66.298802 3.061136 105.013005
-87.546417 20.092490 152.541920
-66.597892 2.798870 103.227421
-71.326308 15.164001 119.581649
-91.385593 18.276114 154.639991
-111.035763 -1.213124 159.493747
-96.083502 14.941685 156.014096
-67.539325 15.484055 112.034517
-64.793754 11.253899 108.712181
-66.823856 13.880847 114.486139
-69.532757 5.311441 104.786602
-77.451640 24.523223 139.145330
-71.247881 25.367059 130.696592
-70.809395 18.506196 119.379406
-83.152726 21.854882 148.526321
-68.425606 22.889177 126.567070
-86.528445 23.407923 150.024316
-88.466214 20.804541 149.404675
-68.854412 20.481159 124.695966
-93.714686 17.121500 153.153012
-70.826167 20.874845 120.363555
-118.537042 -22.133286 142.959578
-115.117195 -16.213112 146.400730
-114.865987 -12.823050 148.262920
-116.703531 -11.987654 148.962309
-115.733036 -10.196449 149.868843
-113.210973 -3.311830 153.907296
-101.435165 11.913907 156.650910
-101.640146 12.273168 154.992598
-96.638468 16.070415 156.075698
-94.006286 19.479135 153.454758
-90.047950 23.151738 149.707156
-87.177636 23.822484 146.613697
-84.625095 25.667506 147.251266
-81.599720 24.127528 143.589332
-79.614388 26.731087 141.508185
-71.657431 25.717689 133.276509
-69.954626 24.343052 126.010323
-68.903415 22.542111 124.500589
-70.651273 21.483793 122.277815
-70.224279 13.660143 116.813123
-70.185604 15.035738 118.427797
-71.184291 17.812895 118.750120
-70.111337 14.820507 115.864297
-68.744156 15.582665 112.884565
-66.539062 8.044648 106.783142
-66.403502 16.299560 110.925934
-67.139602 13.716752 108.796203
-98.056637 14.694306 154.169048
-72.296618 14.877636 114.610006
-92.296985 18.154135 154.665250
-89.978872 21.477059 149.455853
-85.480999 24.097893 146.589513
-70.205328 16.758306 111.458917
-83.944448 24.935684 143.913646
-80.695976 26.828277 143.239939
-76.329755 28.440553 136.107225
-78.200739 28.487890 140.572563
-93.955732 19.780913 151.825963
-113.576571 -0.482942 154.585136
-68.738603 16.483141 109.819724
-71.137951 17.460451 110.726229
-106.792057 10.253063 156.801848
-113.524276 -4.716854 151.798107
-110.900505 0.191943 157.526335
-102.208608 15.862060 155.390213
-113.558214 -1.029657 157.235238
-116.338661 -5.358667 148.081345
-96.925148 22.791960 151.443713
-110.932672 2.608983 156.048893
-108.729106 9.902216 154.364502
-115.377644 -1.827972 151.039133
-114.458680 -0.395466 155.879905
-111.579989 2.752108 156.461791
-113.888875 -0.219266 153.366697
-107.987740 12.237862 155.215961
-102.975542 18.036371 153.022461
-115.085560 4.794055 152.454896
-112.387520 5.478216 154.656788
-97.920478 22.048459 150.138189
-117.906412 0.001307 150.032402
-115.456837 2.018015 153.473695
-114.236917 5.298002 152.842306
-106.849180 12.574118 151.013074
-112.009746 10.244844 152.099982
-108.609467 11.607538 151.320610
-104.345755 20.647447 150.142161
-111.159164 7.597159 149.391841
-118.050242 4.350669 150.191014
-115.979779 7.431239 149.524182
-101.069481 23.711386 149.907566
-106.751648 22.181821 147.242235
-111.339530 15.090410 148.833419
-100.633240 26.262339 147.500485
-103.541695 27.766553 147.569706
-108.493308 21.965789 148.081100
-105.638248 25.151821 146.535641
-52.535786 -23.187867 95.549397
-52.422075 -17.883237 93.721508
-54.260471 -17.492201 97.829615
-54.974130 -14.891231 99.962595
-54.416453 -13.776303 92.308028
-55.268714 -14.334745 91.222401
-56.195557 -13.221902 93.063949
-56.774704 -13.980288 96.655804
-59.187413 -11.244460 98.464766
-59.061027 -10.152558 99.109083
-58.186630 -13.036747 87.965386
-60.416249 -12.974912 93.044749
-61.118532 -10.644155 95.949643
-60.890998 -9.266920 87.163167
-65.284626 7.961849 106.669893
-67.082814 1.884298 102.345212
-65.328953 -2.036680 98.175372
-67.817736 -1.695130 99.591469
-67.862177 0.981795 101.598858
-67.439740 10.107399 107.020202
-68.493071 10.167549 104.673076
-105.261975 4.412689 164.089561
-103.680811 5.408324 161.559519
-105.704791 3.809624 162.981006
-103.346716 5.118676 161.190995
-104.881860 4.645575 160.574076
-104.480428 4.993974 158.620690
-104.716391 6.154344 161.149913
-106.646279 5.333026 163.659039
-107.458898 7.048185 160.340165
-105.982201 6.649556 158.413076
-106.615325 8.021384 158.360968
-107.115406 7.613979 158.688221
-110.880578 8.067113 158.165902
-109.759803 6.079059 158.523806
-110.371144 4.602467 160.116572
-108.028033 4.626554 160.536084
-106.886347 2.776396 161.620948
-103.425489 1.191143 162.867060
-104.462467 3.411566 162.453443
-105.254309 2.646557 162.771343
-106.578589 -0.035619 161.793342
-108.123263 -0.143290 160.976104
-104.358975 4.346091 160.857115
-105.908844 6.555420 156.987196
-102.584545 4.821787 158.687756
-107.274313 6.701578 158.928709
-106.016918 8.920743 156.789976
-108.358997 7.318600 156.994174
-110.738677 4.533882 157.079823
-109.952942 4.749544 157.918616
-112.386073 2.415391 160.085375
-112.183960 2.567123 159.360468
-107.220392 6.178879 162.989204
-103.511739 8.264171 161.521655
-105.070318 6.629417 164.872032
-102.237296 8.028710 160.507220
-105.222763 9.033931 159.134651
-103.485359 8.625221 158.951547
-106.777200 8.460104 159.576738
-105.077027 9.839504 159.163451
-107.189914 8.617176 159.031835
-107.579205 9.261500 159.653375
-107.789010 10.138737 162.121799
-110.260161 0.357854 160.048478
-112.192878 5.126822 157.712562
-110.580728 1.385162 158.554493
-105.480415 -1.267516 160.974149
-103.762851 -0.707183 160.598228
-103.516570 1.269026 161.146120
-101.679949 4.212027 161.425465
-102.285226 5.504531 158.031214
-103.876589 6.288170 157.847405
-104.194750 8.132018 156.676036
-107.337904 7.896238 156.338692
-109.897063 9.202502 155.898414
-111.566497 6.165507 154.591366
-87.279558 39.736444 163.680015
-86.751842 39.771672 166.018305
-88.452307 35.947742 167.785798
-88.313772 40.803680 165.959535
-89.408687 39.911591 168.019516
-85.041908 45.832835 167.058105
-81.749419 45.278042 168.140480
-84.577540 44.947903 170.588645
-85.095137 45.413655 169.702079
-82.845823 47.966206 169.970821
-83.703610 46.800272 170.717576
-84.059153 47.372435 167.310127
-83.542918 45.438412 168.584472
-82.165428 45.638032 167.452790
-84.099403 46.303796 168.806511
-85.207782 46.006646 168.936836
-83.213795 48.702242 166.914603
-83.332877 46.362099 167.911979
-81.878536 48.617859 170.807717
-68.937786 24.476585 120.411830
-69.225000 23.773000 120.413887
-71.162954 26.128707 125.791704
-70.031284 20.566179 119.253540
-70.541871 19.570912 118.148881
-74.102127 29.191505 131.816031
-73.131664 14.905883 115.200884
-90.528590 25.441830 150.738658
-87.684235 25.569652 147.073726
-84.820434 26.601156 143.256748
-83.893027 30.651173 141.337825
-81.636067 31.369493 139.394204
-77.413653 30.937736 134.713929
-73.536830 31.878359 130.830112
-70.988519 21.877704 115.665072
-70.069909 26.427357 118.523420
-67.956683 28.378811 120.200163
-70.761411 28.633319 121.441593
-70.261216 20.717577 117.401206
-74.227782 33.629431 130.082579
-72.609784 31.399010 125.839411
-92.852598 27.876423 149.681840
-70.800959 31.460043 123.157717
-87.009031 27.616073 147.166763
-86.381439 28.972826 142.609928
-82.602811 30.714448 140.477429
-77.527045 33.829616 131.743360
-81.030762 31.534988 138.341997
-79.165597 33.894057 134.442322
-75.583192 33.715971 132.538571
-69.863756 28.853920 117.190718
-71.472423 33.716856 124.029051
-69.418898 32.304175 119.013895
-92.937538 29.173876 147.494712
-90.284409 28.680227 145.858464
-87.705977 31.093964 142.722990
-74.824667 36.144584 127.809002
-71.769796 32.512763 119.699841
-83.270194 36.152625 134.825277
-85.885234 32.807158 139.286655
-75.727853 34.712525 124.845953
-89.247498 33.228090 140.494452
-95.059525 28.168151 147.447258
-90.943795 30.504037 144.771655
-69.620699 33.774195 119.074842
-80.350438 35.048344 131.580663
-71.549698 35.909130 120.826961
-86.220052 35.489149 139.107886
-78.912061 36.126844 133.198536
-76.808390 36.239869 127.808623
-89.005746 34.668156 140.300739
-74.531875 34.642070 122.583398
-81.512611 37.215214 134.289938
-96.634770 28.866528 146.577647
-91.956889 31.987443 142.686888
-94.176029 31.791753 142.940202
-77.796420 38.024893 125.687465
-79.184266 36.710608 129.819816
-87.874192 36.828829 137.516035
-79.983922 39.156913 130.144322
-84.040178 36.553870 133.230082
-90.675623 35.063362 141.577791
-74.780336 35.163599 120.934205
-89.285570 36.165640 137.160935
-97.955707 29.515434 144.883677
-93.218658 33.679635 141.759481
-90.889822 35.190097 139.095207
-96.580384 29.091798 145.344018
-94.126615 32.831947 141.025766
-98.071011 31.263982 141.201362
-62.657707 -20.500657 142.097573
-62.834622 -19.568004 141.807799
-58.408348 -12.855434 138.499713
-60.208026 -14.660792 139.592778
-60.419186 -14.942717 142.969545
-62.570531 -17.464496 143.984559
-58.988984 -14.406032 142.769151
-64.516632 -16.269881 146.962973
-59.331856 -11.526250 146.173848
-62.352268 -21.127320 136.815204
-63.026135 -22.234930 138.966248
-58.509032 -8.191498 144.760479
-57.298701 -9.613310 141.234116
-56.272456 -10.526406 141.344351
-63.533196 -11.153904 150.077539
-61.252578 -22.160232 135.062546
-59.340539 -15.132797 135.232993
-60.626882 -7.184946 148.734277
-59.848298 -8.266008 145.968186
-65.730276 -23.927357 137.972471
-57.883324 -9.235799 142.867810
-55.724953 -10.840388 139.959166
-63.281043 -9.183599 150.982744
-55.736278 -7.198693 144.281775
-64.489619 -24.624111 133.629364
-58.163205 -5.579880 148.333950
-55.951937 -4.132143 147.476170
-56.289516 -7.450188 143.187046
-55.021131 -9.548796 140.961393
-55.430853 -3.409695 143.658888
-57.721452 -16.333176 133.505222
-51.335236 -4.402693 142.320624
-54.281672 -4.544952 139.659782
-54.024039 -6.095845 138.957356
-55.192174 -12.790715 138.038499
-55.154037 -7.732207 136.643286
-53.036325 -0.257331 144.313842
-51.188300 -1.949416 144.097660
-56.993272 -1.355465 148.400421
-64.633136 -25.833974 136.729320
-60.626636 -4.020255 149.285566
-49.356283 -3.295485 137.324554
-51.134821 -6.170889 136.636830
-51.491392 -6.613052 134.822205
-62.819125 -6.981789 150.798647
-49.832327 -2.316471 139.850012
-56.617407 -12.162441 135.026655
-63.785935 -25.328438 131.382703
-58.637664 -19.805612 129.460488
-64.557381 -5.813986 151.487402
-58.073258 -13.521500 133.200697
-50.185781 0.362729 139.004935
-55.853639 -1.220788 149.064897
-54.372588 0.899480 144.592169
-53.120500 0.641902 143.091638
-52.659504 -9.966086 131.042945
-48.803447 3.116103 139.480888
-59.688572 -0.798093 151.860015
-57.339726 -11.528637 133.597730
-47.881751 -3.590162 132.361055
-48.760947 -3.398958 130.317774
-47.536989 -1.850251 134.270821
-47.982232 1.042102 134.169880
-63.531005 -3.740241 150.123510
-62.139947 -19.966363 129.728525
-63.496834 -2.204416 153.115838
-59.159972 -15.737475 133.545319
-54.662618 3.085976 145.734649
-52.344526 1.615152 143.784194
-50.773247 3.286688 142.611312
-56.924498 2.334701 150.008973
-46.923509 2.799048 134.964755
-49.597851 -6.292992 129.339691
-56.341019 -16.201405 130.999591
-67.700579 -1.990128 154.258551
-54.386645 -9.092465 130.240575
-62.884080 -21.640140 129.805686
-47.429304 1.373530 131.369076
-46.790383 -2.029397 131.300663
-48.264555 -4.471876 129.157758
-46.657928 3.335490 133.618064
-61.667179 3.028252 150.160452
-50.027850 -6.739402 130.590772
-49.812247 -2.619108 129.372177
-49.165945 4.148633 137.382505
-58.285142 -18.959670 129.352133
-51.703431 5.907103 142.940537
-53.675310 3.151977 146.994845
-53.966298 6.304142 147.738403
-46.318624 1.932636 130.954362
-50.883009 -7.527825 129.129563
-59.410305 4.410645 148.237644
-65.007751 0.608987 154.918572
-55.525839 -14.136559 127.581830
-62.463001 -23.236579 127.523695
-46.771820 7.080674 137.825300
-45.271543 6.476382 136.761053
-43.098775 3.512600 131.668751
-47.657184 5.361635 139.604957
-49.704981 8.363640 142.441910
-49.896343 -5.801801 129.223035
-44.125574 8.161740 136.804425
-44.384737 7.403817 133.379843
-41.623400 8.067511 131.821450
-45.079616 -1.110762 126.716049
-45.521722 -1.967743 127.421746
-45.356000 4.351624 130.461161
-46.803959 9.226148 137.902334
-41.778196 10.321354 135.955206
-42.396790 10.616734 134.785900
-40.671681 10.444142 130.488205
-43.582608 1.538248 128.110668
-47.701974 -6.834770 125.289622
-52.494898 -11.039568 126.788696
-42.684611 4.832684 129.419749
-41.665986 9.958643 128.216614
-54.548203 6.924696 147.260489
-49.041836 9.446580 140.303516
-57.025518 -16.787500 127.256084
-61.691982 5.156698 151.256126
-47.875229 -4.237119 126.035572
-44.246323 3.057692 126.303788
-43.329622 3.334949 127.798245
-39.865579 6.068429 128.457033
-46.355150 10.608719 139.707623
-68.898967 -1.657735 154.489266
-56.422874 7.435794 147.542006
-40.809020 12.475228 136.694489
-39.839105 13.577969 132.366824
-41.137979 12.686903 130.431624
-61.211129 -18.956815 126.453161
-51.411441 -7.117693 123.376786
-45.957856 13.565428 139.084282
-56.770524 -12.852692 123.756373
-48.060009 -5.474940 125.317964
-60.019059 7.073744 149.843123
-43.228189 13.077599 138.772026
-49.984087 -6.844399 123.869299
-55.210990 8.093528 145.990608
-51.974080 11.024848 142.739372
-58.002567 -16.165741 125.274601
-55.103825 -13.094538 121.356319
-64.553436 5.036277 155.278792
-41.818846 17.102851 132.822030
-43.375386 0.792606 122.690273
-43.810778 2.870537 124.812709
-45.086213 -1.150478 122.899875
-43.716788 1.902431 124.129422
-48.488073 -4.469494 123.366368
-48.242466 -0.830643 124.411564
-49.175047 12.820549 142.595503
-44.902298 15.683128 138.989284
-63.100642 8.516841 152.515899
-58.303544 -20.654264 123.092476
-42.031917 16.131078 136.548127
-54.860854 -17.205136 123.702923
-51.470452 -10.472719 121.625714
-56.946784 9.399470 147.030815
-70.676623 3.346593 158.521882
-49.501924 -5.287127 121.479737
-50.129257 14.462670 140.624414
-54.594424 12.174310 146.417577
-56.449092 -11.720307 120.270655
-56.892113 -16.939443 120.874935
-68.378950 6.279755 156.006255
-44.948736 0.093742 119.231901
-43.902872 1.220708 121.083881
-48.059588 0.323895 120.308615
-48.869002 -4.724858 122.264276
-44.297051 2.124724 119.471192
-46.831497 18.384113 139.350906
-42.405357 18.592938 137.805970
-40.475469 18.154492 133.835024
-58.297405 11.230191 149.843559
-48.715390 -1.609942 121.993868
-62.715819 9.263696 152.022273
-55.213370 -9.233680 116.346982
-62.481074 12.250951 150.175583
-56.615408 -13.571136 119.450146
-71.260862 4.499477 157.539128
-49.998462 -4.807601 117.614745
-63.850979 10.171264 154.764914
-43.674656 20.083538 136.995389
-45.661630 20.251741 136.958708
-42.956835 22.154349 134.365666
-54.595948 15.865897 145.959413
-51.059557 19.422965 141.111321
-50.846699 -4.181620 118.622150
-58.467436 15.806136 147.322117
-49.463224 1.079996 116.978083
-46.814473 2.610755 117.592570
-45.333058 4.518524 118.585226
-48.086947 -0.169928 119.549504
-48.835922 -2.131116 119.679609
-71.642872 3.934646 156.308350
-56.815080 -13.115235 115.994234
-69.002438 7.872867 156.539362
-53.527051 17.361585 142.847104
-66.424873 14.296487 152.468465
-46.073436 21.766261 136.708052
-48.200798 21.504356 136.505377
-45.769336 22.969798 136.164820
-60.357493 17.373154 149.073162
-53.575321 18.497681 145.542418
-56.433581 -6.736816 114.645602
-55.324502 -10.715140 116.417778
-53.336353 -5.907271 115.051999
-70.708124 8.259617 157.863516
-49.811199 20.162873 139.061673
-68.643532 12.520548 157.244412
-61.655442 13.532298 150.011606
-50.895489 -2.037518 116.441223
-54.734418 22.517148 142.439008
-50.948012 0.960752 116.717650
-49.168095 3.167256 119.063486
-71.583705 10.466759 159.711306
-55.770349 21.283939 146.215842
-59.313872 17.542856 149.433067
-47.837592 23.187389 135.862882
-44.356011 25.230495 136.102613
-63.976051 16.708822 150.606028
-71.783098 10.436206 157.293411
-49.972327 21.493637 139.588368
-57.112324 -10.042179 113.921027
-57.257767 -8.576376 115.935114
-70.600361 13.404099 155.242834
-67.882057 14.666900 154.824489
-69.117609 14.743170 155.798194
-63.316801 16.565657 151.811230
-55.091677 -6.154887 115.790437
-52.886149 22.682869 142.855947
-56.069386 -3.927944 114.478432
-46.349330 24.340042 133.655320
-44.417302 24.805860 135.506555
-42.148134 23.626426 132.432240
-45.569156 26.390368 132.238208
-53.313598 -0.883038 117.671204
-57.594074 22.514675 144.457995
-53.613001 -0.509621 116.999249
-51.865145 3.311410 117.712554
-62.524128 21.217590 149.768383
-69.239367 17.826570 153.068265
-47.809147 23.779549 133.498640
-47.421423 22.913459 138.123072
-51.756683 23.689537 139.545738
-59.851837 22.155558 147.110528
-75.325954 12.568026 158.564500
-51.708148 22.540568 137.872543
-58.230807 -7.630287 115.410850
-66.309595 19.999810 152.267655
-44.815476 26.599509 132.411372
-70.964497 15.510305 157.705402
-53.326472 25.270806 139.313972
-58.850390 -3.833645 116.645067
-46.024603 25.607667 132.529151
-49.989886 24.999881 135.352960
-45.597142 26.149446 132.759058
-62.025843 21.679075 149.861285
-68.501236 17.940210 152.891222
-58.674324 24.952040 143.561561
-55.616676 25.072942 140.253273
-54.171546 3.761489 116.896153
-53.896113 -0.502096 116.488454
-58.538172 23.075993 145.134909
-67.979448 19.815179 152.228467
-48.175136 26.677751 133.536526
-52.654893 25.601794 137.862021
-47.466045 24.905888 133.312979
-47.446867 27.416119 131.531313
-77.791040 13.994931 157.697706
-60.711505 -6.266744 114.933633
-72.538392 16.952873 156.220356
-59.258837 -3.074842 113.742352
-63.012916 22.035966 147.913143
-58.442527 23.626963 140.966978
-59.686321 -1.674678 114.950842
-70.012129 19.278404 154.030712
-53.802359 24.468239 136.169574
-50.558876 27.298027 134.905875
-49.911968 27.547318 131.538036
-45.858456 27.991467 129.542136
-53.615340 8.680460 115.765321
-53.552150 5.700781 117.779604
-58.239401 3.330676 115.227881
-61.375543 23.486126 145.431208
-51.881666 26.920636 135.392923
-67.900516 23.505942 149.058820
-60.054338 25.921907 141.113044
-76.600751 16.470651 157.048960
-55.355720 25.820536 140.323956
-51.232706 24.823598 131.877245
-48.237936 28.137092 130.145501
-58.016523 26.139972 137.155778
-74.999591 20.361087 153.502993
-64.968955 25.818456 146.342527
-52.964747 27.846847 132.657917
-53.903921 27.396441 130.859178
-51.271013 26.119714 130.309085
-73.227762 22.688167 150.651419
-60.247171 6.496039 117.767779
-57.645046 9.183808 115.908699
-63.676283 25.139454 140.557045
-65.173216 -4.220750 114.654115
-62.717393 -1.680273 115.806234
-58.704865 24.474333 137.706260
-69.487908 24.637626 149.674740
-63.994685 -0.163984 113.340373
-63.409600 4.157788 114.328979
-74.757044 18.685470 154.490036
-58.812994 24.819854 135.229686
-52.949638 24.192744 126.869010
-51.377522 26.996153 126.968707
-78.914908 17.186607 156.597185
-55.845539 26.236781 129.644379
-66.794392 24.543612 143.696638
-76.268302 20.054037 154.501402
-71.688540 22.682355 149.818231
-64.924122 25.841681 141.266919
-52.663090 23.935054 127.065230
-50.955383 25.331149 128.050681
-49.915620 24.415779 125.387966
-68.406242 23.394606 149.170749
-62.023251 7.915695 117.558337
-57.742133 11.089318 118.693302
-73.971934 22.983622 150.214521
-79.466861 19.371180 155.231392
-61.957150 26.975945 135.921211
-76.101219 21.374782 154.519150
-52.533152 23.606908 125.471292
-49.843875 25.263258 124.615467
-59.721738 24.236173 131.561358
-67.876874 24.897726 145.464162
-56.934854 23.659915 124.960057
-71.036917 23.330861 145.717893
-64.407092 25.042690 141.302098
-57.063689 23.305283 123.226941
-54.645789 23.900085 121.481986
-53.174605 24.129789 121.964220
-68.227960 23.839825 144.338416
-62.464430 26.451878 136.217092
-58.642499 15.843628 120.498928
-61.757521 13.158361 119.581075
-56.657709 15.697356 119.481068
-80.456912 20.880174 156.447226
-78.275459 21.519963 151.431845
-62.149983 26.520406 130.798030
-59.199203 23.334945 128.033507
-61.897561 24.736584 123.837381
-74.716417 24.576815 148.184220
-71.269771 24.841805 147.763490
-63.720419 26.302591 134.748946
-56.771504 16.798031 119.441865
-58.841397 18.449828 118.835886
-55.085941 18.574640 119.495105
-69.807877 26.316854 142.963116
-67.196380 25.824982 139.134114
-61.496007 19.238948 119.816217
-56.443924 22.051830 122.276769
-61.635131 22.631151 122.061521
-57.225483 20.545650 119.752592
-65.639269 26.155746 135.775558
-64.478831 24.691613 135.874650
-65.613215 27.053530 133.752952
-65.180982 9.293767 116.288927
-65.806796 13.710999 120.012914
-63.156238 14.368960 120.203445
-62.428537 19.449792 121.754793
-63.990312 26.142231 128.824781
-81.093946 23.064428 151.815611
-77.258896 23.044396 147.947921
-84.015271 19.585106 154.921878
-73.180599 26.292425 147.411077
-64.967433 25.766789 126.070487
-71.813326 25.759041 140.521589
-70.606438 27.683976 141.089977
-70.704958 27.107474 139.331504
-73.932655 26.875587 143.532413
-77.304820 26.147475 144.477025
-70.519804 25.983589 133.390795
-80.937605 23.572768 146.978817
-83.768095 21.946214 151.352551
-65.694501 22.382239 123.121069
-70.355563 25.968335 133.142844
-85.295690 22.466515 151.235225
-68.896538 12.761596 119.442699
-66.887884 19.350233 121.788543
-67.539864 18.631879 121.429420
-68.909418 15.157681 118.599175
-39.123832 9.303135 130.124151
-38.940895 7.134111 127.900918
-40.479870 13.403361 128.862044
-39.190060 15.372804 132.316682
-42.460443 5.514521 122.224656
-38.731974 17.115926 132.976141
-39.220066 19.934901 133.535915
-42.478679 4.245765 120.509844
-41.552543 21.046001 135.124586
-45.553581 3.746987 119.438114
-46.875837 6.131513 118.244370
-46.732540 5.007673 117.595693
-48.172430 4.010561 119.247748
-45.757996 6.738058 116.825141
-47.261940 8.770133 115.894098
-48.750126 4.762598 115.999810
-47.816141 7.916452 117.491126
-49.169556 7.498447 118.263377
-51.080957 10.535571 117.129265
-52.278712 12.492945 115.834331
-46.029952 26.754938 128.500306
-52.220731 11.938399 116.903621
-47.769288 26.116418 127.785389
-48.054461 28.331953 123.063573
-50.644074 14.427507 116.670439
-55.249863 12.462656 119.430597
-50.434946 23.648219 121.519265
-51.118796 18.234918 120.154340
-52.198190 24.211505 121.060488
-52.320123 22.744927 120.320606
-54.500296 18.000556 118.017451
-51.052577 22.533535 120.900671
-52.811146 23.784872 120.769126
-53.111180 18.619419 120.471453
-55.807479 21.742308 121.307961
-37.223187 12.444954 130.037176
-39.160356 10.479212 127.766038
-37.064912 10.816615 124.810676
-35.722860 16.378734 129.967891
-38.139237 14.533397 127.361712
-34.792245 11.248466 126.723756
-39.995319 6.659103 123.449018
-36.447450 18.597631 127.792269
-34.188909 16.339177 128.572944
-34.176562 15.546750 123.099471
-37.690529 20.776037 129.931592
-33.451939 21.731238 124.953326
-30.162207 18.775365 124.912440
-32.988369 23.548338 127.504684
-35.783973 22.126679 130.595725
-36.736910 10.151510 122.731633
-28.966960 22.934956 125.109509
-28.321524 22.594472 125.747892
-30.094799 27.152021 127.692035
-27.007983 21.738543 122.179205
-35.183759 14.154224 122.748106
-30.305511 14.949183 120.937786
-34.786909 24.509271 129.989928
-29.271153 19.507592 121.554141
-26.579039 24.168874 123.225547
-26.046599 27.165891 123.087674
-27.245090 28.042453 125.037149
-38.315680 21.678879 132.755293
-29.254204 29.252097 126.360824
-29.859554 27.318784 126.955567
-27.334855 26.750831 119.546667
-25.695035 23.475825 120.806943
-24.382392 30.927478 123.966456
-25.913477 28.034250 123.338981
-27.010436 29.642753 122.639737
-36.986469 25.103098 130.266278
-38.824497 6.614874 118.755517
-29.234761 27.643401 127.151364
-28.838335 30.240625 128.269273
-38.698161 22.580055 132.399197
-27.592567 31.774244 123.355054
-36.470495 10.096702 119.742752
-33.244811 26.635093 128.957735
-34.230420 12.057152 119.415899
-31.405978 14.613171 116.906278
-25.621482 31.232788 125.859715
-29.121998 20.390703 117.614762
-24.715220 34.778982 124.243905
-23.267791 30.988379 121.535841
-23.707153 32.430625 120.960080
-24.063583 27.115026 119.338217
-24.205080 29.103447 117.181193
-25.866468 34.296651 126.347688
-24.343505 34.650604 121.511344
-27.710143 24.931710 116.511557
-21.840710 32.176378 118.708278
-35.634463 24.925943 132.219536
-31.316030 30.901329 128.505966
-25.407605 34.368465 124.609047
-25.022351 36.502429 122.352013
-22.147071 35.390278 120.171437
-20.574404 36.067176 121.221600
-24.544318 36.783506 124.329656
-25.995823 27.240453 116.561575
-37.358945 26.720601 131.419919
-24.739474 35.866599 122.805793
-20.521879 32.965995 119.877527
-33.679057 29.928151 129.661388
-20.733722 37.711374 122.835196
-20.195899 37.501030 121.811257
-22.150867 36.295891 120.099905
-23.376149 36.131196 121.153732
-29.158766 36.947646 125.137471
-35.964703 13.902450 117.446193
-38.782126 8.194633 116.862900
-42.961746 6.396940 118.386055
-34.048544 14.380008 115.330473
-18.806260 39.392356 120.132957
-20.138042 37.677361 118.815197
-37.660241 29.348828 131.665534
-22.273916 36.781739 117.626520
-29.766350 19.188266 114.221750
-19.046193 41.551780 121.005697
-25.387428 38.192822 123.235459
-20.945454 34.487797 118.279596
-18.383992 41.354225 119.638116
-18.296105 41.118179 119.305672
-16.636374 39.257186 117.605473
-20.229678 36.512354 116.615767
-26.406149 24.489759 115.531213
-22.775409 38.816096 123.340651
-20.212091 38.723042 116.359372
-16.244962 39.968151 117.448652
-32.878362 29.802608 128.596420
-25.509416 39.180011 125.574712
-24.449593 31.272034 115.686643
-20.438553 40.914840 120.226246
-25.694788 27.806374 115.677262
-21.038858 41.858377 122.970699
-38.134809 26.636334 132.789462
-23.034594 33.572326 116.365292
-35.350448 30.203319 131.418656
-29.840157 33.755261 128.625120
-19.299215 38.819652 116.790960
-35.562137 29.341490 132.221168
-20.686121 44.648384 121.271611
-21.428226 35.033138 116.538794
-24.607874 33.294929 115.348010
-21.988394 42.567594 123.665251
-23.766569 38.814920 121.336458
-28.733299 35.814937 126.146546
-23.994468 42.109547 124.417683
-26.905428 37.630775 125.618553
-39.019721 11.749637 114.377107
-35.997823 15.635158 115.030775
-41.619813 10.171985 115.427854
-43.880954 8.076488 116.456708
-32.781478 18.891307 114.434078
-23.072770 34.997811 114.744859
-24.066766 39.214906 125.442622
-28.162375 26.531751 113.961624
-26.961581 27.696473 116.566900
-24.846546 30.244543 115.019809
-28.006864 28.051531 114.224954
-32.298427 35.411325 127.524244
-42.602806 27.418457 134.409364
-41.641873 27.785057 131.438337
-20.797535 36.487678 115.765926
-20.121849 38.411473 113.653969
-30.811349 38.736729 125.073789
-23.712078 31.681556 115.102039
-20.108075 44.947765 122.911861
-22.669633 45.555746 124.113978
-38.682412 29.909455 129.817824
-22.314525 43.551228 123.533406
-25.056742 42.299278 125.870535
-30.592871 37.607265 127.191801
-34.376946 36.464305 129.451567
-28.458297 42.114674 125.689413
-29.036861 28.924403 113.165542
-26.005145 31.998632 114.752606
-22.543251 45.448414 125.814338
-21.295882 47.030958 123.935902
-21.170012 48.799387 125.025911
-23.122720 38.248130 114.944415
-25.165223 43.869472 125.185754
-21.699870 37.027029 113.582996
-37.267015 17.795691 112.324626
-28.907332 29.286709 113.048969
-27.482756 42.240873 127.447705
-39.223866 14.835328 114.024930
-41.852278 11.168435 115.734868
-44.670332 8.884825 118.307121
-25.548476 47.127633 125.733075
-21.909591 47.514571 125.899784
-23.850259 48.800838 124.811649
-43.298639 26.454869 133.355971
-43.043349 28.407265 131.709134
-45.415542 29.661738 132.034361
-25.834422 42.976124 125.703741
-28.628289 33.132261 112.352175
-33.412846 37.580928 127.235980
-30.514362 39.387973 127.479541
-29.787858 42.859768 126.334774
-26.704404 47.753792 124.405555
-22.866552 49.119851 125.112813
-23.775040 50.559389 124.282454
-25.955684 45.202117 126.369385
-22.655077 36.511323 114.293374
-21.610533 39.904020 112.945250
-44.757220 27.530758 130.502720
-37.296833 22.888981 113.577128
-40.875106 20.134838 113.392461
-31.397292 31.521325 113.316604
-39.028592 31.023510 128.306810
-37.051896 36.571045 127.094977
-32.949889 38.950549 126.043553
-43.786293 16.611244 113.241173
-30.569227 41.379950 127.700643
-42.453474 14.654875 113.820776
-28.603718 44.234336 127.040311
-43.561722 28.637508 131.890957
-45.035095 11.025894 116.175572
-26.340482 47.081750 125.015461
-46.873831 11.722490 116.026393
-42.735827 30.562967 128.419327
-26.662302 38.077410 112.585957
-47.487970 10.367539 116.048825
-26.995698 47.846790 123.333420
-23.346307 49.667078 123.752200
-23.648247 48.972516 124.348749
-23.606466 37.870059 113.141939
-23.261819 40.195933 112.766114
-46.630987 12.520505 116.789207
-43.820602 29.305562 130.868665
-35.296326 39.287755 124.519652
-35.927085 36.345649 127.806780
-32.785343 40.499570 126.107043
-29.760824 42.574384 122.913503
-39.401649 32.179076 128.264710
-31.298089 31.211550 113.944774
-40.346974 24.531915 112.278760
-41.172814 32.352926 128.592587
-39.827614 19.880395 115.334589
-28.538392 46.508252 123.680916
-43.859058 29.198975 127.852282
-42.347733 14.611923 114.261360
-43.778843 18.770371 114.728443
-29.921026 35.010064 112.805508
-23.949287 49.565690 123.489413
-27.068401 47.344454 121.810044
-26.043649 49.066699 121.632309
-25.149338 40.470629 113.566057
-44.006156 27.840584 128.809762
-48.534473 13.125823 117.860451
-36.438397 36.569548 123.843861
-33.030400 39.389470 122.879631
-30.711647 41.479834 122.390669
-37.841367 35.991714 125.838283
-25.766425 41.777864 112.159546
-23.796116 42.166041 109.901915
-30.004469 44.764273 121.953317
-45.220119 28.037265 128.429581
-39.574571 24.003134 113.458816
-33.348013 32.539173 112.779630
-42.165773 30.834505 125.832000
-31.224486 39.375419 122.834850
-29.240308 40.208928 121.549266
-33.922240 36.493823 124.784010
-26.845408 44.280741 121.106038
-26.212926 48.096259 121.863185
-37.030662 34.289502 125.942170
-40.213884 22.633059 114.476389
-43.540944 22.410212 115.055422
-31.141587 37.651051 122.609128
-44.828588 16.817849 113.972315
-30.225013 38.205525 111.733003
-27.609337 44.366138 120.139226
-44.231343 18.512388 114.695759
-41.185806 31.441154 124.358371
-27.263712 46.206649 122.058245
-34.293834 35.106095 123.257318
-31.768562 37.718426 121.188781
-38.229486 33.301239 124.528135
-29.530935 40.907850 120.883454
-25.518952 45.621767 118.995619
-43.382022 27.757409 127.556648
-44.104329 18.043868 114.825056
-42.057611 31.891238 125.019216
-25.664601 40.805091 111.510343
-47.339051 27.511570 126.669036
-25.458846 48.140186 119.679247
-29.031575 46.781606 119.144062
-40.368619 31.642717 126.960616
-31.730758 34.731192 113.371637
-37.802444 28.552256 113.744898
-24.271958 43.266858 111.308697
-40.043857 26.793589 113.888227
-44.748600 29.117859 123.383055
-34.436667 35.912232 120.469866
-32.954347 37.103684 118.113063
-27.888865 41.691925 117.264524
-35.824266 33.214703 119.539513
-29.471180 39.758936 115.219499
-41.218350 30.783207 119.496915
-43.846416 27.982028 127.712744
-44.130928 29.317195 126.366264
-43.964262 23.238604 114.565453
-29.060788 44.061032 119.489695
-29.354714 39.019041 114.613280
-25.532440 47.588812 119.175583
-25.788162 44.766699 118.318437
-47.808675 17.853289 114.525296
-49.456851 16.234709 116.421696
-44.606028 29.337811 124.209130
-34.956878 34.585543 119.746998
-38.883580 31.284296 115.531344
-34.133553 34.824177 115.482095
-31.337885 35.429310 114.661630
-42.991112 28.514710 121.168731
-33.675099 34.167373 118.576748
-36.932342 31.502787 119.871275
-32.543447 37.230774 118.433718
-30.905973 37.876235 116.362868
-45.217113 21.254099 114.284642
-31.229158 38.715189 116.176557
-27.807300 43.925136 117.416405
-41.803649 27.221637 116.905411
-26.920421 46.668401 114.745602
-29.048202 41.019188 114.109573
-25.899511 43.217015 112.383528
-41.341868 27.197232 119.449637
-43.780770 27.756561 121.803331
-47.134202 20.169796 115.297887
-25.407337 42.819982 113.899683
-42.115291 25.428362 117.882009
-24.478648 43.748176 114.833493
-28.020340 42.127098 116.088168
-27.791572 42.175193 115.233321
-49.885905 18.794580 115.885646
-42.840239 26.140152 120.558452
-44.659383 26.936848 122.285188
-45.437176 25.282289 117.379455
-46.869544 24.711916 120.331803
-46.297039 21.428376 118.723411
-47.854649 23.247061 119.068352
-47.179235 25.606206 122.943581
-50.172927 18.667535 118.921442
-48.166587 23.737892 120.144490
-18.507492 40.502733 118.627849
-15.346695 44.322874 117.467661
-17.073040 41.255865 116.383117
-15.035197 40.476079 116.927189
-17.170607 37.624221 113.828760
-16.504543 41.280614 119.817022
-16.342097 42.890284 118.089302
-13.849146 44.377507 117.523859
-15.654852 43.474052 117.528510
-15.106961 40.112007 113.821470
-19.148234 44.117888 121.132155
-15.629054 44.165591 118.490413
-16.431329 38.198043 112.443728
-14.193552 43.529051 116.708271
-13.027890 42.960721 112.995023
-12.590897 40.058217 112.853576
-18.159328 37.477196 113.974412
-19.537051 46.914017 122.942863
-18.167601 44.592851 119.810775
-12.437389 44.685328 115.865751
-16.099699 39.754223 111.617746
-11.760931 44.808132 113.075618
-13.327232 43.606025 110.778216
-11.091787 40.342783 110.445430
-15.902685 47.478717 118.084639
-15.377571 46.285254 114.964835
-13.105022 39.918633 111.335173
-12.569361 40.958169 106.988005
-13.386117 46.686101 112.378023
-13.195586 44.940920 110.062926
-14.940844 48.020821 117.358956
-11.053310 42.008710 107.954494
-9.766522 41.771522 109.372487
-10.445485 44.750031 108.895368
-11.924427 41.661286 106.077422
-8.595526 42.787083 103.487871
-20.821386 38.423614 111.403922
-16.326652 38.209530 110.106580
-10.467992 45.897836 109.598075
-14.879747 41.060879 108.387103
-18.772526 45.883435 122.881780
-16.978431 47.960656 118.232431
-14.717872 47.964458 113.652031
-4.893905 44.428600 102.251449
-12.955020 47.314865 111.968906
-8.548774 46.488775 105.353770
-14.465143 39.694499 108.206599
-7.687386 41.765749 100.813463
-5.138621 44.317796 100.375264
-5.035144 43.282841 97.468758
-10.113224 48.753789 107.319576
-6.299358 47.805150 100.903266
-7.817484 48.496980 107.344896
-11.301982 41.478132 105.900062
-2.598896 47.043737 98.149733
-1.709943 46.660097 94.877120
-6.962061 49.744585 102.144352
-11.151928 43.340857 104.924785
-1.925703 48.576978 97.519597
-3.596746 43.641200 93.367001
-1.853414 43.281062 96.942001
-1.177393 49.073227 95.674807
-9.882615 41.665000 100.322312
-13.103982 48.536466 114.483856
-10.947674 48.129408 107.705798
-4.279596 48.936848 99.605354
-19.669828 51.297456 122.327737
0.663212 51.092279 95.668764
-19.190933 37.870463 113.328836
-18.362999 38.541495 112.613153
-18.445999 38.301096 109.194018
-16.701958 42.935467 106.407109
-2.212713 44.997455 92.741240
-16.898353 48.515773 120.084542
-5.652050 48.967597 105.001840
-12.961452 48.931327 111.142219
-14.586697 40.677296 103.974367
-15.748808 50.829718 117.114990
-8.750611 48.138306 109.080216
-1.277683 50.614948 98.956756
-15.762417 50.143885 115.705974
-12.656055 49.058396 109.942734
1.481520 52.255289 95.999757
-7.153892 42.429019 99.734781
-8.248368 51.990749 107.354155
-5.400262 45.138235 91.237788
-21.564802 50.878093 121.556297
-7.039734 51.242176 102.993743
-1.141353 50.662033 99.031969
-18.690265 51.449821 120.562799
-17.456216 50.949029 118.310805
-14.337747 48.729592 113.238661
-22.539101 49.151736 123.835138
-0.871603 53.906937 95.668623
-19.982717 41.072160 111.829952
-12.797899 49.083919 109.850007
-21.871351 40.786931 111.673640
-18.742408 41.740063 108.859012
-0.119082 53.423575 96.446383
-15.265631 40.457259 104.817976
-6.928671 50.523193 103.976557
-21.339618 49.855123 123.479641
-14.214339 42.234673 103.419091
-18.727484 49.546414 120.511945
-16.905953 51.011501 117.347515
-11.518878 43.219947 99.677280
-16.718548 49.119714 114.984157
-12.407822 51.695234 110.416360
-4.005654 45.928705 92.088659
-0.076949 54.581050 96.084152
-9.851457 49.288096 104.959660
4.429953 53.901212 92.461548
4.151952 54.568135 94.046312
3.635027 53.421993 94.307062
-6.668928 51.739280 105.194469
-0.852412 54.736790 95.802020
2.584164 53.607122 95.309242
-17.069490 49.714641 117.778210
-18.073188 49.704518 118.948735
-20.417799 49.818205 121.981118
-23.447010 51.515058 123.618078
-15.670757 51.255191 114.658936
-12.633211 49.953369 111.056349
-9.461372 44.542115 97.826245
-13.851129 42.726060 101.433925
-16.435161 44.293540 103.151542
-18.150660 42.329862 104.536033
-22.567117 41.310980 112.632879
-20.174429 43.343014 108.906005
-23.372425 40.458496 109.569786
-20.836465 40.612818 107.178778
-7.297925 47.338131 94.255036
-9.932759 50.055229 107.941940
-17.493753 49.930601 114.624501
-8.551869 48.833248 102.246807
-4.677896 51.887756 99.135679
-20.806645 50.248803 118.577678
-22.623226 50.658530 120.694230
1.178968 55.159441 90.414225
-15.332960 48.068802 108.412312
-5.859102 51.505126 97.615816
-16.337039 47.817908 111.545932
-13.002869 45.013926 103.939767
-10.749774 43.846115 100.710649
-16.159444 42.403207 104.085430
-19.728930 43.008540 107.636714
-21.965283 47.922250 116.043184
-21.202478 43.892319 108.538111
-10.278902 50.288413 99.626825
-3.292680 52.494914 93.975694
-21.256567 50.593812 117.857243
-18.052024 48.294846 110.489215
-7.276077 45.578394 93.574663
-19.424053 46.840876 115.064221
-25.242900 49.610607 120.421520
-23.338747 41.414471 107.124203
-14.679170 48.188258 105.965664
-24.211131 43.622010 109.749128
-15.627332 48.391463 110.834082
-17.891875 46.652002 110.908890
-5.572627 49.688833 98.456587
-14.203083 47.089025 104.757455
-14.233928 45.294534 103.829264
-15.168072 44.678147 103.294288
-24.205080 50.044143 118.760654
-17.647825 44.566730 107.087548
-2.592378 50.901701 90.768775
-8.339497 46.090485 96.525014
-24.518880 47.053110 120.158270
-15.564384 46.446687 106.009767
-23.315717 46.175235 113.639905
-7.539259 48.256639 97.419612
-14.079615 49.057920 103.269296
-19.311659 44.021383 108.318534
-7.609091 49.042763 92.671299
-4.581753 51.797049 91.179013
-19.077936 45.185284 110.424781
-19.546016 45.628625 108.968040
-17.617609 45.772116 104.589550
-14.513283 45.889085 101.380754
-9.064206 46.275084 97.661300
-6.724830 48.827434 95.215854
-22.338160 43.068547 108.889650
-18.993723 47.044590 107.062823
-18.629308 48.237200 107.271012
-17.998258 44.432157 108.894742
-24.297222 42.701883 112.670655
-22.866599 48.446436 114.269057
-25.420684 47.965778 116.919765
-22.468087 46.325837 109.668759
-24.363034 45.408498 116.705316
-23.218383 44.523854 111.608994
-21.554175 44.000457 111.249018
-25.160149 44.417931 112.770224
-24.217815 44.153657 114.985225
-24.014768 42.963795 111.552533
7.037901 48.190530 87.045575
6.186047 46.747335 87.744592
10.159588 48.056946 85.764566
8.005048 49.711069 84.611513
10.810727 51.052915 86.579604
9.773593 49.084223 84.307218
7.654125 48.163124 87.696309
8.075179 51.622572 84.337486
4.088172 46.789956 87.676794
7.227895 49.167209 85.185598
10.093642 47.184637 81.830131
4.554251 45.211809 86.897524
6.646840 49.724632 89.034266
4.652076 46.688950 90.099227
10.309511 51.610065 87.544780
4.136950 44.900308 89.482691
8.410556 45.045002 84.568074
9.988828 51.733284 84.488385
9.417994 51.558836 83.543695
10.741821 48.267793 80.964901
6.894632 45.022394 86.020665
7.417872 46.951698 83.109402
5.862554 46.181953 90.343835
6.862550 50.016628 89.423330
2.104968 46.432462 86.557828
2.661184 46.225561 87.790419
9.185453 52.189727 86.582298
2.228323 45.511598 91.547540
4.986900 46.214026 86.531256
6.128369 52.991659 87.229515
2.329553 47.045427 92.947017
1.945937 48.660277 90.323107
2.814082 49.482066 91.221616
-0.405591 46.992505 93.352495
3.106192 49.329105 93.902979
9.820219 51.788162 87.186698
6.071578 51.594430 89.302249
10.959764 50.221317 82.982679
10.544171 53.275098 81.862300
10.288355 53.602442 83.471520
12.312751 51.991775 81.931831
0.699621 43.676027 85.880014
0.182231 44.590090 89.464699
2.572687 43.694717 86.188740
9.886695 54.435294 82.821889
4.781325 51.525391 90.894799
7.325048 52.770551 87.910236
9.116010 50.405596 79.894338
6.489236 54.165018 88.078398
-2.600424 45.880667 89.203903
2.929770 51.276080 94.784711
12.019457 51.640676 80.795761
9.253818 55.224465 83.136352
12.126323 51.156777 78.931372
9.151420 52.774114 82.215211
0.617463 43.794522 89.947023
0.851762 44.713115 85.854459
3.166376 46.354344 85.907419
9.872318 52.399458 81.021123
8.732805 55.857309 85.270827
5.378768 53.672778 90.211203
9.544129 51.684677 80.627416
-1.037624 46.510524 91.617370
11.810808 54.885897 84.441406
10.792767 52.188645 79.093811
10.076836 55.115424 80.934763
4.178252 52.765611 88.230960
5.837849 55.480770 86.222163
7.604988 53.305537 84.239660
8.620844 55.831119 80.696791
9.049066 51.965688 79.216654
9.542821 53.096508 78.949397
10.547644 55.043426 81.522622
0.012588 44.905986 87.579095
-0.689704 43.967364 87.771806
4.695678 54.734202 88.799727
9.345426 53.389204 78.446128
9.323675 50.673002 80.964404
1.407770 44.987645 86.070420
6.377782 54.277083 85.902367
1.390676 46.351447 84.714296
-3.180640 45.603420 88.901015
8.175585 54.736666 84.387807
10.931127 53.425777 81.684715
10.366482 55.094962 82.042270
2.919122 55.149856 89.766316
9.320680 53.996844 79.072263
4.607462 54.471624 88.136828
-2.075811 46.666102 88.094150
-5.345902 46.664392 91.039508
8.009255 53.187179 81.662672
-3.177722 47.845860 89.466849
6.900755 51.618279 78.747828
9.171608 51.631120 79.458011
5.648647 51.914195 79.528337
8.139425 54.205450 81.264799
-2.417474 47.676451 85.183329
1.502670 47.432182 81.537161
0.098772 46.917282 82.406665
-1.670328 46.044723 85.798477
-2.947790 48.384806 90.217412
3.517852 53.615243 87.918913
5.830592 53.026635 83.340172
5.194706 53.870608 77.660980
4.797619 54.473188 78.656162
7.412939 50.054359 77.990061
6.292976 53.962651 83.467885
0.984601 51.482871 91.113187
-0.128642 52.695479 87.526608
4.898340 52.665979 80.183005
-3.673851 50.159685 88.624447
-1.504470 46.443882 87.368826
1.759533 54.150217 85.442083
1.005061 46.807627 82.865779
-3.034698 49.543884 87.704006
-2.223901 47.825897 83.114347
-1.435903 47.597582 85.399359
-1.657863 49.444476 90.281338
-0.383836 49.854737 81.985656
-1.048710 49.808184 83.511435
2.332707 51.918822 84.951951
5.543828 52.384541 78.106868
-1.010222 51.536436 88.895550
-2.304398 49.524212 85.423889
2.592947 53.738683 81.082395
3.179010 48.191640 80.459100
-0.258492 49.725126 80.055799
2.946071 49.028166 80.621942
1.809703 52.454741 81.684670
1.916155 54.487828 81.117416
1.101451 50.070242 83.866741
1.281453 49.774134 82.421660
0.793251 51.777441 84.096345
0.842814 53.422468 81.064385
-0.240002 51.739782 83.801867
12.410783 43.475999 76.975006
9.828764 44.083598 77.335436
12.515894 45.229855 77.787128
14.141501 44.381574 77.140734
12.870694 42.125346 77.523600
13.841604 40.723153 75.724500
10.284106 40.489215 76.106478
13.535545 41.766314 76.221010
9.345652 39.566023 75.593165
9.567259 41.494685 78.703592
10.215750 37.990568 73.307993
4.448987 47.620409 72.262765
5.106541 47.599738 74.201691
7.629171 48.521068 71.505644
7.124698 50.462623 74.382978
5.550408 45.942264 68.410417
4.866310 48.920176 68.711029
6.180094 44.603334 72.917766
4.079141 44.963489 70.721145
3.622339 45.521574 72.500546
6.853165 39.911210 76.749164
7.180019 41.107261 78.211018
11.561065 38.881154 75.585931
8.095679 38.950606 76.758545
7.067760 39.192000 76.222105
8.532603 37.869953 74.989769
9.696338 39.087612 71.744542
3.482034 41.278991 77.793640
6.083844 40.441704 74.654432
8.716230 38.120527 72.322247
4.472079 45.223053 71.551153
3.803378 42.091173 69.846071
3.481240 41.128259 73.178563
5.123815 43.139980 70.622938
5.169507 44.152445 75.849037
2.807107 43.600969 75.977754
6.376678 42.398863 68.503240
3.408798 40.870050 72.602521
3.045981 42.353876 76.844107
7.055160 40.483239 68.854119
6.115083 38.791118 71.602765
6.801578 38.526170 70.491534
6.751205 42.305786 68.588125
7.072676 39.059597 67.801521
9.019864 39.368218 66.039998
10.036265 37.552632 69.394264
5.189923 42.363074 67.343268
5.438465 43.012385 65.785676
6.703559 46.677618 67.454554
6.448133 44.552188 67.304744
6.658616 47.441257 68.450677
7.719001 52.941503 70.459684
7.947429 50.952401 69.702035
9.381132 52.639378 71.615844
8.739731 51.994319 72.542428
12.205142 52.365512 72.389886
12.279997 53.565699 71.250100
12.141297 52.531145 73.273719
13.702429 51.797274 71.579516
13.486153 48.623253 74.555446
15.626705 49.930358 74.395945
13.129732 48.342009 76.582734
15.347893 49.075169 74.841803
14.377952 48.417115 75.904966
14.667148 46.900812 76.401488
15.980719 45.785674 76.865630
13.339177 42.843337 75.205436
15.777459 43.724788 74.912096
13.406633 45.434869 76.458975
15.116049 41.512382 75.308237
14.878204 40.221919 74.282027
13.204424 38.013866 70.452988
13.124208 37.908197 71.907101
12.537662 36.919224 72.902938
12.620248 39.605731 70.895379
9.678117 37.670649 70.054115
9.538637 38.515031 70.437802
7.693393 49.946203 71.861050
9.581017 51.458550 71.597054
10.983159 52.074254 74.888075
11.240640 48.656450 72.921603
12.602683 49.913194 75.944098
14.168284 47.173407 76.259651
12.446012 47.222006 74.715701
11.981465 47.812359 77.626573
6.632567 41.643721 80.995271
8.297996 43.598522 78.220279
11.157197 45.103266 79.202181
7.875091 45.889611 82.170868
9.305844 45.086246 79.590377
5.371889 43.746942 82.868244
10.848574 44.387696 78.802173
9.004616 46.247567 79.524533
7.693447 42.804246 79.738246
4.937728 45.108758 83.442121
11.684196 45.078375 77.103754
10.658371 47.830994 78.118234
10.944813 46.257984 77.133115
4.085683 42.521928 78.533912
5.261250 43.719224 82.402781
10.778850 46.432039 76.259829
11.225316 48.506042 79.493167
3.375373 42.556898 79.840858
4.432986 43.499363 81.959659
10.011672 47.389854 76.300860
10.120041 47.346681 78.455064
9.795209 49.478184 77.276077
3.414453 44.137401 78.698238
1.357426 42.907187 80.875585
9.290800 51.050817 76.117397
9.951469 49.664990 75.248324
8.225490 50.380320 75.414191
7.299911 49.848579 76.723209
3.034154 43.223596 77.609058
1.972525 45.768147 82.646202
8.526863 50.823134 76.590783
7.748708 49.443029 72.042576
7.261267 48.195302 77.358371
3.050116 45.386908 77.772811
5.558997 50.138908 74.934380
4.708886 49.325995 77.725517
2.971341 45.332372 73.615456
3.262760 48.207475 76.785857
5.766943 46.849575 76.794364
4.365017 48.776219 74.208544
7.099681 45.564689 85.290658
9.129349 48.664271 83.090588
8.303572 47.803899 81.790023
5.223389 44.588012 82.447777
10.440539 49.003073 80.310693
4.309299 44.336116 84.838371
8.979492 49.531622 79.024125
8.418084 51.176844 78.118307
0.840876 45.323579 84.300806
7.565461 50.463857 79.183310
6.810334 50.654464 77.668067
3.310208 48.354780 81.503752
4.832123 48.591970 77.537325
2.844902 47.538766 79.176722
3.929531 50.353541 80.030537
10.021105 37.520389 70.365717
9.769575 38.749993 68.026362
14.893908 37.411628 71.850699
13.194384 38.752900 72.417511
15.811855 39.177644 73.855881
13.934763 41.147120 75.128142
14.309996 42.499102 75.698176
14.597488 44.927458 76.099744
16.106457 43.758723 77.474611
17.223511 49.925754 75.419041
14.093189 50.749288 75.213587
12.527852 51.945667 73.019237
13.174669 52.152289 73.800736
11.052995 52.693297 71.707168
11.786572 53.558507 71.244473
6.993662 50.874855 71.312232
5.247090 49.097495 67.754673
7.179252 46.573761 66.617717
5.907178 44.017678 67.541573
5.809617 44.021016 68.017519
7.423916 40.433425 66.507039
9.789800 39.831844 67.408129
8.099976 43.033214 64.038200
8.934913 42.255595 65.691588
11.701194 39.888422 64.409236
10.125279 41.263647 63.151404
8.430943 47.446757 62.771561
8.081037 47.633257 63.561523
8.674327 51.335490 68.566153
7.911396 51.601493 69.168051
11.457479 49.700147 70.521668
15.108197 46.413658 75.992935
16.541276 44.252331 75.733449
15.397411 45.359288 75.734651
17.423431 38.466506 68.837449
14.830365 38.212608 68.654225
15.451508 38.621348 68.357565
11.149198 40.360744 66.445542
14.486454 39.893898 67.305616
11.613731 39.723550 67.611085
18.080448 46.477296 73.063930
17.009496 50.884208 75.574651
18.495025 48.938814 73.232937
17.528626 50.268606 73.673947
12.515518 50.753660 72.589172
11.125026 52.845746 70.162632
10.494207 51.786465 69.921261
10.138954 52.740469 69.656932
12.231784 55.097331 69.215891
8.804242 52.906263 68.159708
8.702611 49.484294 62.220718
10.623197 51.531466 63.703612
9.054025 45.561637 59.345440
9.907563 47.366738 61.142554
11.263551 45.009651 57.879399
11.349302 46.048221 59.944032
13.964887 41.545988 59.621371
10.472332 42.797534 58.516228
11.274667 41.835022 57.470637
12.633447 42.809188 58.385634
14.295223 41.580622 59.216415
16.050930 40.124385 58.720342
15.403214 39.802917 59.178200
16.165951 39.479644 61.928622
19.827524 40.425869 62.437893
20.044385 38.622432 65.219140
19.063134 40.354858 63.712799
20.411312 37.553242 63.429251
20.606717 39.402286 66.836199
20.433094 39.327802 66.321666
21.399435 43.971754 71.021579
22.283101 41.777863 68.359065
21.345710 45.744243 72.945437
18.890459 48.712526 71.995026
19.086108 47.952856 71.895730
16.995212 49.202290 73.371472
16.384173 48.087150 74.116658
17.596141 50.274391 74.090201
14.944154 47.603274 70.027952
13.167669 51.330347 70.941415
12.420027 51.842817 70.777958
11.249989 54.071782 68.349672
10.367589 51.029524 66.571169
11.681157 50.623721 66.333144
9.043506 49.214934 64.373373
10.714566 50.187663 62.018592
12.191460 48.683238 62.399232
9.949747 45.887887 62.077516
10.188959 45.467295 58.290942
12.903693 44.127027 59.211681
14.353459 44.167122 58.768061
15.753422 43.741432 58.601726
14.657666 42.626500 58.928893
16.410629 38.967930 61.325913
17.655541 40.995728 60.065079
17.152479 41.200109 61.357303
18.978403 40.934420 62.111442
20.690891 39.639891 64.517237
19.080085 39.865770 66.514051
19.414700 40.004332 66.486059
19.505162 42.848125 68.709649
19.520726 44.796594 70.208350
20.409888 43.505319 67.668055
21.420998 43.283878 72.350125
20.217108 40.845439 66.422878
18.773906 43.817900 68.455124
15.214913 44.976979 67.489363
19.412425 43.472545 71.162317
18.147727 41.098616 63.268937
17.499060 39.895474 63.567922
14.487210 42.160948 60.991829
14.618693 43.722575 65.039404
14.848697 42.674167 59.478060
11.544050 44.555122 58.935434
11.690316 46.922097 62.122154
10.094600 44.423702 60.022514
11.484370 46.286294 64.980427
9.826530 52.347064 68.053342
12.739180 49.008984 68.428658
12.309256 51.241172 70.209455
13.856425 49.703932 69.291757
15.203634 50.224372 72.612210
18.555744 47.909908 71.433420
18.283087 47.547714 71.263858
16.587529 46.653887 70.099645
15.847469 45.487185 66.705910
16.356303 48.118710 69.871997
11.925943 49.930352 66.345890
15.137266 47.737146 66.809218
16.872499 47.008306 66.693359
15.257317 43.468309 64.840756
15.296904 43.119648 67.346082
15.670117 44.146951 64.335615
12.098527 45.647748 63.497589
11.477339 48.351804 63.593980
19.011147 43.233931 71.871171
18.447227 46.069387 74.864510
16.271254 45.222894 73.760693
15.448938 48.610244 75.411877
14.346135 51.166161 72.407971
9.800779 54.594265 69.856244
8.153058 53.213755 68.427483
8.615135 52.192633 68.718015
7.477260 48.877403 64.168149
9.848198 43.954514 63.647988
8.628282 42.994802 61.486139
17.788030 40.795289 70.883622
18.336126 40.096907 71.874543
17.337991 40.216539 71.456577
-59.260483 -45.686766 106.700042
-62.504400 -48.401613 107.236407
-65.556850 -50.756031 108.542789
-56.025495 -41.525554 104.688391
-58.320185 -47.636313 104.127634
-61.958381 -52.730343 103.071872
-64.487594 -54.796685 104.379515
-56.383498 -44.997647 102.679490
-68.986555 -54.504483 109.308249
-52.944182 -38.959113 105.494274
-57.665779 -50.585411 98.417349
-60.676341 -54.108289 99.802129
-67.366708 -58.247601 99.459320
-54.976020 -46.524977 96.559939
-53.081617 -39.971592 98.752933
-71.282885 -60.759455 106.830684
-52.483705 -43.349593 95.447749
-70.015848 -62.042468 99.382501
-59.506156 -55.010593 94.066805
-56.788427 -51.002126 93.090682
-62.956872 -58.903324 96.880827
-65.838346 -61.589997 95.234847
-50.554429 -35.312475 101.485648
-51.758369 -36.871831 96.398245
-55.258884 -48.764794 90.430227
-75.099398 -58.685871 110.547968
-69.236136 -64.753210 95.935987
-50.618589 -39.262102 93.785385
-75.511146 -62.412021 105.730164
-56.665484 -54.234238 89.216056
-61.243918 -56.743496 90.072659
-61.677335 -62.732472 91.906930
-66.387369 -66.124020 92.268040
-54.417611 -49.746225 87.757678
-74.897920 -63.090116 100.776919
-52.478287 -45.997872 88.441033
-70.145243 -65.477566 92.405404
-73.103355 -63.592428 100.682052
-52.206219 -29.830373 97.515178
-73.279849 -67.243974 97.174676
-50.930219 -34.254293 93.853584
-53.343950 -52.497934 85.837612
-59.884304 -59.431890 84.321749
-61.780845 -60.488577 86.109511
-64.918257 -65.352055 85.547106
-51.375468 -48.619930 83.647765
-69.841625 -68.806061 91.176203
-68.596088 -68.127104 86.705087
-74.966952 -65.978793 97.711235
-54.440127 -55.095923 83.506261
-52.272689 -37.984144 90.940195
-71.600196 -68.219636 92.414672
-70.558170 -70.109633 89.474879
-78.959903 -58.770525 110.078540
-51.428541 -40.898338 85.108368
-81.272919 -62.568762 106.591526
-54.093340 -50.100124 80.844556
-78.555763 -63.195699 103.465456
-78.859012 -66.095108 100.320056
-77.507075 -69.074362 97.347153
-74.983056 -70.855432 91.746545
-78.159628 -65.950253 101.630137
-50.198556 -26.599856 96.690833
-77.751213 -72.810937 91.693900
-77.428049 -70.531321 96.536967
-81.697071 -69.650522 100.977021
-82.727176 -62.664421 103.355339
-81.456887 -69.734705 96.406040
-80.178879 -74.574761 92.078433
-83.987538 -64.750201 105.376210
-83.101035 -60.594720 110.268033
-82.281095 -60.488620 108.439291
-87.340248 -61.281465 108.909848
-83.843577 -68.499203 99.757785
-85.636669 -71.397160 97.178271
-88.241664 -60.869134 108.190938
-90.111748 -67.833211 101.751547
-86.599313 -65.000169 102.569400
-91.008805 -64.642550 104.454706
-92.484222 -62.820023 108.199022
-93.179495 -68.563059 101.861290
-51.135760 -45.257416 81.393621
-51.312299 -28.802399 94.989404
-50.788959 -30.783239 91.542433
-52.676770 -47.359963 80.127900
-51.628723 -34.471305 87.327710
-51.832371 -36.321879 83.849848
-50.889868 -39.793177 78.434814
-50.996763 -26.841110 95.944223
-51.303801 -44.765253 76.266201
-50.812298 -22.323258 94.964718
-49.009018 -26.512628 92.349624
-49.247795 -26.139800 88.964713
-51.722492 -29.707748 85.478108
-51.377418 -34.324244 80.195565
-50.007360 -36.904547 78.570517
-52.356019 -38.846029 77.418670
-51.379743 -40.476755 73.445309
-51.726406 -20.317480 92.792579
-52.201348 -19.934183 90.159317
-52.717784 -23.615012 87.661398
-49.658470 -25.130120 85.298397
-50.800486 -27.204214 84.769369
-50.633011 -31.760607 80.304474
-49.722821 -35.173630 75.776105
-49.623264 -35.787244 73.538194
-54.253424 -22.044466 84.324469
-51.488837 -20.075909 83.800665
-53.059375 -17.243837 88.757326
-52.471429 -24.799879 81.397562
-52.449211 -23.264666 80.955181
-53.044167 -17.227632 89.758144
-52.559477 -26.039828 77.907202
-53.946176 -28.687695 74.354683
-56.830342 -18.251772 82.121511
-68.410743 -69.428482 85.425756
-57.448363 -55.478393 82.899994
-59.171325 -62.904843 81.001744
-61.703989 -65.639270 79.208210
-66.419944 -68.918568 80.147377
-68.645604 -68.818579 82.196812
-57.733794 -57.028490 77.760735
-72.693086 -73.794172 89.247853
-70.046260 -72.921992 84.337970
-54.751385 -53.405103 80.558474
-56.133746 -55.193458 76.195725
-74.892267 -72.556773 88.211200
-72.960809 -74.350590 85.615566
-74.005935 -74.137779 86.310749
-63.713713 -68.589797 75.700596
-67.690259 -72.138180 79.018122
-69.398587 -70.951182 80.458956
-60.074826 -65.815703 75.517956
-71.687445 -75.185635 82.928318
-58.101832 -64.712493 72.920694
-78.595201 -73.845088 90.383935
-79.359019 -77.416489 87.035644
-57.862296 -59.854652 71.610319
-54.488340 -52.511286 75.576131
-52.280409 -53.236704 71.373681
-51.300858 -46.943720 76.800265
-54.391976 -58.734193 68.458430
-49.767180 -44.686831 74.604018
-52.278717 -49.495209 71.810763
-52.666138 -50.782365 71.422268
-52.065849 -42.511679 72.757883
-51.658595 -48.416884 69.886199
-103.148046 9.769127 165.242235
-106.758610 11.598870 164.610167
-107.048202 8.916160 164.042479
-108.109718 12.281255 164.187620
-106.996859 11.993708 163.773324
-106.001685 10.753631 161.850507
-106.195782 11.991590 162.415619
-105.988107 12.290871 161.890480
-103.091876 10.159512 160.049632
-102.311239 12.426671 161.737335
-103.426352 10.760999 161.127854
-104.473519 11.655831 163.384265
-103.100580 11.619585 163.448393
-104.308329 7.331954 163.820132
-102.634299 7.319706 163.050337
-102.661738 8.792235 161.153211
-102.879858 9.865471 162.097894
-105.088725 8.509202 164.591766
-104.480148 10.168784 164.176406
-105.494492 10.549083 159.266134
-106.208246 10.104737 165.016470
-105.232279 10.162746 165.836181
-100.043889 16.583707 167.445151
-104.203144 11.384527 166.304518
-101.218277 19.067665 164.536551
-101.024412 18.904195 165.345311
-101.047124 21.067168 164.141545
-103.137305 19.826619 164.502269
-102.840835 19.944140 164.922468
-101.125803 18.421350 163.338200
-101.832956 17.379899 163.115498
-101.045889 12.043973 161.209378
-100.618088 17.562576 165.229979
-101.060820 16.135867 165.435532
-101.309067 19.723189 165.421441
-101.256037 17.912375 166.618620
-100.189330 19.556890 165.195394
-97.755222 18.771166 164.742500
-97.778910 16.658736 162.920684
-98.976880 18.050704 161.799871
-100.000109 19.600634 161.537737
-98.769088 20.811993 166.178595
-99.229962 21.053396 166.809731
-100.125124 18.993124 164.261558
-88.260973 36.152130 164.585896
-88.082706 36.404805 164.883854
-91.149340 31.596270 164.632722
-85.934363 37.450946 163.888992
-87.431617 34.753688 164.239671
-86.858221 36.754291 167.786133
-88.911636 34.524946 167.961653
-88.049814 37.304739 166.684667
-88.198632 35.882463 166.875329
-90.735107 37.941425 164.441847
-88.738610 37.929332 165.983294
-86.773761 36.931133 163.665038
-88.466264 34.322488 164.670388
-91.690325 34.696692 165.818821
-90.976093 36.126668 166.672837
-87.691789 35.163292 165.729485
-88.799086 37.068874 165.642041
